9.996737766014839321e-01,1.948357849277726830e-02,1.592097502198182649e-02,0.000000000000000000e+00,2.252196516795721554e-02,-9.750133364448380080e-01,-2.209581447715530389e-01,0.000000000000000000e+00,1.121832360585512008e-02,2.212488944263427681e-01,-9.751528474708955896e-01,0.000000000000000000e+00,6.231072507834767293e-01,2.950893482615917773e-01,2.878528709375560365e-02,1.000000000000000000e+00
9.996738304763856942e-01,1.947668962024356326e-02,1.592602032258979769e-02,0.000000000000000000e+00,2.251635755916807022e-02,-9.750135672711556234e-01,-2.209576977175764512e-01,0.000000000000000000e+00,1.122477750126249507e-02,2.212484837375659763e-01,-9.751528663824330367e-01,0.000000000000000000e+00,6.231102033321033185e-01,2.950870413533567271e-01,2.878758453241276119e-02,1.000000000000000000e+00
9.996734682862981058e-01,1.948242257195955535e-02,1.594173504922234003e-02,0.000000000000000000e+00,2.252542665767570673e-02,-9.750133564641211281e-01,-2.209577035807229750e-01,0.000000000000000000e+00,1.123882962881184860e-02,2.212489079938474712e-01,-9.751526082722152822e-01,0.000000000000000000e+00,6.231147768195778314e-01,2.950871953926643698e-01,2.879580587435172367e-02,1.000000000000000000e+00
9.996733533512468517e-01,1.949143489637932339e-02,1.593792540957887291e-02,0.000000000000000000e+00,2.253345476341273718e-02,-9.750115747995133919e-01,-2.209647467914432062e-01,0.000000000000000000e+00,1.123295804540135577e-02,2.212559657816182412e-01,-9.751510745825970883e-01,0.000000000000000000e+00,6.231107270499713913e-01,2.950947858652766542e-01,2.879612999657983619e-02,1.000000000000000000e+00
9.996733841145415411e-01,1.949303333498048421e-02,1.593404046655524584e-02,0.000000000000000000e+00,2.253413778821462127e-02,-9.750118789505874961e-01,-2.209633350594512047e-01,0.000000000000000000e+00,1.122884926859260037e-02,2.212544846219637595e-01,-9.751514579688493889e-01,0.000000000000000000e+00,6.231088904328567768e-01,2.950957767073664750e-01,2.879313588029600718e-02,1.000000000000000000e+00
9.996734424366957583e-01,1.948389017332448694e-02,1.594156239796250263e-02,0.000000000000000000e+00,2.252685287879162279e-02,-9.750126740348035170e-01,-2.209605694962057387e-01,0.000000000000000000e+00,1.123827028475874075e-02,2.212517861643385764e-01,-9.751519616962763815e-01,0.000000000000000000e+00,6.231149248218420533e-01,2.950892673300171132e-01,2.879577061767375767e-02,1.000000000000000000e+00
9.996734894121247494e-01,1.948953872602724596e-02,1.593170888641552360e-02,0.000000000000000000e+00,2.253024492802164352e-02,-9.750113487673396362e-01,-2.209660714670576287e-01,0.000000000000000000e+00,1.122728632257002923e-02,2.212571288938563474e-01,-9.751508759958523731e-01,0.000000000000000000e+00,6.231080916541751336e-01,2.950973859199384486e-01,2.879304244761943937e-02,1.000000000000000000e+00
9.996735437875404751e-01,1.948666700309933594e-02,1.593180973959883867e-02,0.000000000000000000e+00,2.252743937997599491e-02,-9.750119448178390380e-01,-2.209637274276594621e-01,0.000000000000000000e+00,1.122807439775314574e-02,2.212547551638939236e-01,-9.751514055072082465e-01,0.000000000000000000e+00,6.231091938823709597e-01,2.950941504357003642e-01,2.879194690147076144e-02,1.000000000000000000e+00
9.996740957286393003e-01,1.946409166384677897e-02,1.592477208744752168e-02,0.000000000000000000e+00,2.250371241473464110e-02,-9.750154681616468588e-01,-2.209505978138279758e-01,0.000000000000000000e+00,1.122651256833558618e-02,2.212412151405387661e-01,-9.751544955229869416e-01,0.000000000000000000e+00,6.231141892736011823e-01,2.950761313562562660e-01,2.878375834780044773e-02,1.000000000000000000e+00
9.996742581323071475e-01,1.937548416181553504e-02,1.602233261185027902e-02,0.000000000000000000e+00,2.243870073029402556e-02,-9.750204391441340546e-01,-2.209352730143479826e-01,0.000000000000000000e+00,1.134159225703973428e-02,2.212270847792741912e-01,-9.751563696377821833e-01,0.000000000000000000e+00,6.231744473034035448e-01,2.950268992181178107e-01,2.882735790950391105e-02,1.000000000000000000e+00
9.996742289329766384e-01,1.936583053536701862e-02,1.603581978391364557e-02,0.000000000000000000e+00,2.243226189616482485e-02,-9.750207345699868355e-01,-2.209346231038343267e-01,0.000000000000000000e+00,1.135689297010175451e-02,2.212266280031602861e-01,-9.751562951878109953e-01,0.000000000000000000e+00,6.231819989984268560e-01,2.950223046364998103e-01,2.883320738871051128e-02,1.000000000000000000e+00
9.996743398586531715e-01,1.937484737905078441e-02,1.601800294707556721e-02,0.000000000000000000e+00,2.243716331400941524e-02,-9.750196621867071034e-01,-2.209388579515801365e-01,0.000000000000000000e+00,1.133742945009895767e-02,2.212305648938799885e-01,-9.751556285281846037e-01,0.000000000000000000e+00,6.231745580275843688e-01,2.950264676275674014e-01,2.882376343698052346e-02,1.000000000000000000e+00
9.996745672294037321e-01,1.940375680987640669e-02,1.596874314328503019e-02,0.000000000000000000e+00,2.245443212535643690e-02,-9.750198100313488547e-01,-2.209364511020500965e-01,0.000000000000000000e+00,1.128306097227158716e-02,2.212273795122735864e-01,-9.751569817671555951e-01,0.000000000000000000e+00,6.231465544950746116e-01,2.950427606884014065e-01,2.880080585182301367e-02,1.000000000000000000e+00
9.996745501882037255e-01,1.950975058650089577e-02,1.584014644102060831e-02,0.000000000000000000e+00,2.252930595481979215e-02,-9.750191058726572768e-01,-2.209319362556862731e-01,0.000000000000000000e+00,1.113433281728447473e-02,2.212211606970127808e-01,-9.751601020820021004e-01,0.000000000000000000e+00,6.230676115029601947e-01,2.951000072875080704e-01,2.874029225179275740e-02,1.000000000000000000e+00
9.996828888499159627e-01,1.925243846464605099e-02,1.562729199381083720e-02,0.000000000000000000e+00,2.222795926417417411e-02,-9.750920529544012672e-01,-2.206403249483864237e-01,0.000000000000000000e+00,1.099039555264578159e-02,2.209219736836194048e-01,-9.752295590010232607e-01,0.000000000000000000e+00,6.230860219857845550e-01,2.948564345315065061e-01,2.860118834340191415e-02,1.000000000000000000e+00
9.997038294826847693e-01,1.891017868336357030e-02,1.467669448570933267e-02,0.000000000000000000e+00,2.166961326343486149e-02,-9.754182128194226475e-01,-2.192498229472145121e-01,0.000000000000000000e+00,1.017005758224285086e-02,2.195071521001066284e-01,-9.755578814738130600e-01,0.000000000000000000e+00,6.230420903744746663e-01,2.941713694385924560e-01,2.823385603148222123e-02,1.000000000000000000e+00
9.997364420333558765e-01,1.802034237812295478e-02,1.352999010605360729e-02,0.000000000000000000e+00,2.052450175586019443e-02,-9.760344459579733956e-01,-2.166015974834767099e-01,0.000000000000000000e+00,9.302680556106068116e-03,2.168263812923002798e-01,-9.761658570704861981e-01,0.000000000000000000e+00,6.231547416329604738e-01,2.927420622928524341e-01,2.761659306620099091e-02,1.000000000000000000e+00
9.997845912519156553e-01,1.670383280428466843e-02,1.151086296047427668e-02,0.000000000000000000e+00,1.876828386822198408e-02,-9.769979158817468923e-01,-2.123760127334845538e-01,0.000000000000000000e+00,7.698743938720508523e-03,2.125503964798504952e-01,-9.771197768431587605e-01,0.000000000000000000e+00,6.232127584017069788e-01,2.904861380690530459e-01,2.660738266033355059e-02,1.000000000000000000e+00
9.999130924773699247e-01,8.730610714723323687e-03,8.850470614547420803e-03,0.000000000000000000e+00,1.025397787305628271e-02,-9.817078748576817393e-01,-1.900664391243269136e-01,0.000000000000000000e+00,7.029315944683914817e-03,1.901443343184683887e-01,-9.817309819109999447e-01,0.000000000000000000e+00,6.252736814903516738e-01,2.776618373656369321e-01,2.306065980906994717e-02,1.000000000000000000e+00
9.999236203914925181e-01,5.317349110485073208e-03,1.025797654592449509e-02,0.000000000000000000e+00,7.091701271994460543e-03,-9.833457947041310820e-01,-1.815530300269819208e-01,0.000000000000000000e+00,9.121932881363639320e-03,1.816154062423023796e-01,-9.833273282869502419e-01,0.000000000000000000e+00,6.266663955905191763e-01,2.722582669643876518e-01,2.229071001723179415e-02,1.000000000000000000e+00
9.999014303926624381e-01,2.406853967396806789e-03,1.311805831271886137e-02,0.000000000000000000e+00,4.641562956625335488e-03,-9.848849454044582563e-01,-1.730920191984185452e-01,0.000000000000000000e+00,1.250341166142214522e-02,1.731391793453046501e-01,-9.848179980445420645e-01,0.000000000000000000e+00,6.283400248333567140e-01,2.668998148226423561e-01,2.205104168746806551e-02,1.000000000000000000e+00
9.996390644928060398e-01,2.399285350764939796e-03,2.639566386666542669e-02,0.000000000000000000e+00,6.070583959019097697e-03,-9.901372108644606040e-01,-1.399006739553148582e-01,0.000000000000000000e+00,2.580016409538096397e-02,1.400131116145306720e-01,-9.898134572275063547e-01,0.000000000000000000e+00,6.330383114756409357e-01,2.502085396522300553e-01,2.391958165795769059e-02,1.000000000000000000e+00
9.995046372537028656e-01,4.598774955115554272e-03,3.082333983306191280e-02,0.000000000000000000e+00,8.458245380712541006e-03,-9.919491487586538092e-01,-1.262778336180584715e-01,0.000000000000000000e+00,2.999503986814133077e-02,1.264784267570074339e-01,-9.915157614220668769e-01,0.000000000000000000e+00,6.341236216759902344e-01,2.445169788607362837e-01,2.517234301975061067e-02,1.000000000000000000e+00
9.993535558513155781e-01,8.241925624949434856e-03,3.471725753184105867e-02,0.000000000000000000e+00,1.202593132415857857e-02,-9.938228309900830615e-01,-1.102374912625079945e-01,0.000000000000000000e+00,3.359488076599778661e-02,1.105858653567473870e-01,-9.932986209441838632e-01,0.000000000000000000e+00,6.349443113833784791e-01,2.385489270356507263e-01,2.695878422349990561e-02,1.000000000000000000e+00
9.992076298645723442e-01,1.279956514676941319e-02,3.743034135145271307e-02,0.000000000000000000e+00,1.622929680901371782e-02,-9.955418315116888461e-01,-9.281065960677914450e-02,0.000000000000000000e+00,3.607622907838391874e-02,9.334638453847622641e-02,-9.949798782835153066e-01,0.000000000000000000e+00,6.352364751634391737e-01,2.326204088970624528e-01,2.913424227677965245e-02,1.000000000000000000e+00
9.990792523000602277e-01,1.628114717416487972e-02,3.945020622828406681e-02,0.000000000000000000e+00,1.921198740967189345e-02,-9.969820719718494040e-01,-7.508924428769349346e-02,0.000000000000000000e+00,3.810934303069280632e-02,7.577948189394334566e-02,-9.963960799288877901e-01,0.000000000000000000e+00,6.353456419094474228e-01,2.266660088561903430e-01,3.187166706519559134e-02,1.000000000000000000e+00
9.990605518686439535e-01,1.304456059340382799e-02,4.109257889271800135e-02,0.000000000000000000e+00,1.424597717330655482e-02,-9.994659139160768646e-01,-2.908068010702534456e-02,0.000000000000000000e+00,4.069207067288220514e-02,2.963933490638130663e-02,-9.987320287297594135e-01,0.000000000000000000e+00,6.344754709871109899e-01,2.102673763736836454e-01,4.371430805691330079e-02,1.000000000000000000e+00
9.991478890699840854e-01,1.175347175093606651e-02,3.932045994139252154e-02,0.000000000000000000e+00,1.228915755936622542e-02,-9.998249377332038001e-01,-1.340960083240570234e-02,0.000000000000000000e+00,3.915672093618524641e-02,1.388165695740859948e-02,-9.991366527185570057e-01,0.000000000000000000e+00,6.333616507124173456e-01,2.051098508290353506e-01,4.906109138561566552e-02,1.000000000000000000e+00
9.992124490488023536e-01,1.197971205414630376e-02,3.757279689086173019e-02,0.000000000000000000e+00,1.190778884273544121e-02,-9.999171880054774642e-01,2.137427730621401390e-03,0.000000000000000000e+00,3.759601502115208355e-02,-1.688367972087103167e-03,-9.992915936142563460e-01,0.000000000000000000e+00,6.321191339276407417e-01,2.003699418150206579e-01,5.464018892308313696e-02,1.000000000000000000e+00
9.994618773582039095e-01,1.357576146610644206e-02,2.953644036505309600e-02,0.000000000000000000e+00,1.249894730676595969e-02,-9.992516512177364030e-01,3.634089646745708446e-02,0.000000000000000000e+00,3.000826989996494693e-02,-3.595285840042718173e-02,-9.989028459817548278e-01,0.000000000000000000e+00,6.281061222531739707e-01,1.913392761351500604e-01,6.666652327316817395e-02,1.000000000000000000e+00
9.997502081725054834e-01,1.476183010066267447e-02,1.619742363215758568e-02,0.000000000000000000e+00,1.348961749411265419e-02,-9.970051729872793089e-01,7.602277394094709984e-02,0.000000000000000000e+00,1.727148295259250954e-02,-7.578674615383612645e-02,-9.969744555323535318e-01,0.000000000000000000e+00,6.225673784433795044e-01,1.823479786094319988e-01,8.079656578636380815e-02,1.000000000000000000e+00
9.998469120643511676e-01,1.489231778756872245e-02,8.069585336567692765e-03,0.000000000000000000e+00,1.402830715186452297e-02,-9.950568084943346436e-01,9.821354982246689735e-02,0.000000000000000000e+00,9.492505986034552659e-03,-9.808720037374131506e-02,-9.951325506951055333e-01,0.000000000000000000e+00,6.194726019541859641e-01,1.776055824466459265e-01,8.861309851341345190e-02,1.000000000000000000e+00
9.998886260681409954e-01,1.422002555593307113e-02,-1.128376693375889419e-03,0.000000000000000000e+00,1.425134794108350381e-02,-9.923959513239131169e-01,1.221798746888207998e-01,0.000000000000000000e+00,6.176163694501421138e-04,-1.221847003587554492e-01,-9.925071876557173267e-01,0.000000000000000000e+00,6.160813650634564542e-01,1.725290659712930830e-01,9.689153000403248617e-02,1.000000000000000000e+00
9.997728971626504979e-01,1.107463192994819975e-02,-1.767069686867332040e-02,0.000000000000000000e+00,1.393409034921136609e-02,-9.851745983302800935e-01,1.709315618372438950e-01,0.000000000000000000e+00,-1.551601628864711369e-02,-1.711422629001547180e-01,-9.851241439980773507e-01,0.000000000000000000e+00,6.093840280867595105e-01,1.621034467364355081e-01,1.150564980313293073e-01,1.000000000000000000e+00
9.996509995053161068e-01,8.297622185217642596e-03,-2.469363390233056399e-02,0.000000000000000000e+00,1.296111388515813062e-02,-9.806750726549736674e-01,1.951644391307660042e-01,0.000000000000000000e+00,-2.259746551262222306e-02,-1.954201460895897691e-01,-9.804592398742179027e-01,0.000000000000000000e+00,6.061037787941232491e-01,1.567804934548432394e-01,1.247785232321216159e-01,1.000000000000000000e+00
9.993906159642554909e-01,1.071799753174633137e-03,-3.461206247947332809e-02,0.000000000000000000e+00,9.392732947982974229e-03,-9.704310270769277436e-01,2.411558524178814833e-01,0.000000000000000000e+00,-3.333079027910593184e-02,-2.413386442677006027e-01,-9.698684020022502184e-01,0.000000000000000000e+00,5.998701924517726436e-01,1.465470544297125810e-01,1.450811572008484929e-01,1.000000000000000000e+00
9.992135115251903343e-01,-7.318398867863883453e-03,-3.872397609644028654e-02,0.000000000000000000e+00,3.935933716386474414e-03,-9.591519955634996153e-01,2.828298158496466708e-01,0.000000000000000000e+00,-3.921279532098827236e-02,-2.827652325692562862e-01,-9.583872807655414716e-01,0.000000000000000000e+00,5.940975160170907099e-01,1.373727732224101217e-01,1.661868925955976017e-01,1.000000000000000000e+00
9.991295485235230922e-01,-1.186671869167393173e-02,-3.975013403601875689e-02,0.000000000000000000e+00,7.087114865335961784e-04,-9.531804985756119342e-01,3.023692804574978910e-01,0.000000000000000000e+00,-4.147798235078479362e-02,-3.021400711801043859e-01,-9.523607270185963092e-01,0.000000000000000000e+00,5.910754530158166542e-01,1.331947447670655260e-01,1.767602936906697286e-01,1.000000000000000000e+00
9.989936632538335415e-01,-1.693540428362412531e-02,-4.129890751151434058e-02,0.000000000000000000e+00,-2.768624965451756213e-03,-9.469486225562129267e-01,3.213430999039808555e-01,0.000000000000000000e+00,-4.455087663416104626e-02,-3.209115578899657817e-01,-9.460607757452810240e-01,0.000000000000000000e+00,5.876279348815263148e-01,1.292400137023776707e-01,1.871100989311794416e-01,1.000000000000000000e+00
9.987774059927810866e-01,-2.283728880475959649e-02,-4.362222391840636648e-02,0.000000000000000000e+00,-6.671235308149814011e-03,-9.405213902092651734e-01,3.396406278399321521e-01,0.000000000000000000e+00,-4.878504505486175313e-02,-3.389408967858729693e-01,-9.395419564154563474e-01,0.000000000000000000e+00,5.837856026203821491e-01,1.255258333854479269e-01,1.972856484493999696e-01,1.000000000000000000e+00
9.979951554723026641e-01,-3.410730523028406708e-02,-5.313293032527751508e-02,0.000000000000000000e+00,-1.165926853898429684e-02,-9.266100182594694257e-01,3.758173524726204917e-01,0.000000000000000000e+00,-6.205281739952916292e-02,-3.744516153611197051e-01,-9.251677878126911558e-01,0.000000000000000000e+00,5.745359612088676293e-01,1.184923752154674742e-01,2.164120712729013796e-01,1.000000000000000000e+00
9.965433325698777045e-01,-4.627093880908954987e-02,-6.885588888000933327e-02,0.000000000000000000e+00,-1.408201930524075399e-02,-9.123005398602287430e-01,4.092556274557876961e-01,0.000000000000000000e+00,-8.175548073941818483e-02,-4.068791705861468100e-01,-9.098161253309350327e-01,0.000000000000000000e+00,5.634262685051018016e-01,1.122620964355455497e-01,2.332000111913954399e-01,1.000000000000000000e+00
9.956446517338309876e-01,-5.202106773686167307e-02,-7.724171726822121054e-02,0.000000000000000000e+00,-1.462706155402868601e-02,-9.064854140748442868e-01,4.219608868616391839e-01,0.000000000000000000e+00,-9.197111666846634337e-02,-4.190013479659803752e-01,-9.033156613839078419e-01,0.000000000000000000e+00,5.578198730753547441e-01,1.100869251691939249e-01,2.409264160139135136e-01,1.000000000000000000e+00
9.945592685468167549e-01,-5.587855590631223696e-02,-8.780771742081920628e-02,0.000000000000000000e+00,-1.254814456881693345e-02,-9.018713053502295240e-01,4.318002310733073945e-01,0.000000000000000000e+00,-1.033216233439481491e-01,-4.283573452484469302e-01,-8.976829211482605375e-01,0.000000000000000000e+00,5.520842751334261722e-01,1.084013443561314960e-01,2.481256218358718901e-01,1.000000000000000000e+00
9.930928763690556327e-01,-5.903576089122466314e-02,-1.013018496486520897e-01,0.000000000000000000e+00,-8.690608434618081815e-03,-8.986682411318199781e-01,4.385209374788002767e-01,0.000000000000000000e+00,-1.169274234731840223e-01,-4.346200122219097128e-01,-8.929912780179602994e-01,0.000000000000000000e+00,5.460947260505137901e-01,1.071417814449741879e-01,2.547766360362995752e-01,1.000000000000000000e+00
9.855750167582706389e-01,-8.854444301891264968e-02,-1.441614194353449674e-01,0.000000000000000000e+00,-1.471625435239451267e-02,-8.937374952299674824e-01,4.483274120317739531e-01,0.000000000000000000e+00,-1.685426118709628940e-01,-4.397472470073849893e-01,-8.821653738008196077e-01,0.000000000000000000e+00,5.271889159959206594e-01,1.037473174123417496e-01,2.733120521397276459e-01,1.000000000000000000e+00
9.821243299580528774e-01,-1.004749664509128754e-01,-1.591141996251181912e-01,0.000000000000000000e+00,-1.821165887527674901e-02,-8.923033986399718787e-01,4.510473668671329817e-01,0.000000000000000000e+00,-1.873007162703138329e-01,-4.400953326368587382e-01,-8.781996013867688911e-01,0.000000000000000000e+00,5.209326044400461875e-01,1.023131785235124186e-01,2.793163772779542198e-01,1.000000000000000000e+00
9.784123965924361732e-01,-1.115500366079597294e-01,-1.739152622061002351e-01,0.000000000000000000e+00,-2.112977467176110208e-02,-8.913338058223433391e-01,4.528336627524348068e-01,0.000000000000000000e+00,-2.055341213788487720e-01,-4.393917385814967713e-01,-8.744659084351741329e-01,0.000000000000000000e+00,5.148965979532386106e-01,1.007710362322638553e-01,2.854008820248357114e-01,1.000000000000000000e+00
9.752167379889705723e-01,-1.223522339890077831e-01,-1.842905089397140761e-01,0.000000000000000000e+00,-2.574421982787787611e-02,-8.902152947281045670e-01,4.547908432222619868e-01,0.000000000000000000e+00,-2.197071354405322197e-01,-4.387836751655783685e-01,-8.713194942411789379e-01,0.000000000000000000e+00,5.099812713657282393e-01,9.910667694563117525e-02,2.911654667953192943e-01,1.000000000000000000e+00
9.697769728560589053e-01,-1.543162426635122653e-01,-1.889440845053461937e-01,0.000000000000000000e+00,-4.785296364557698606e-02,-8.797853814449572152e-01,4.729360668920214450e-01,0.000000000000000000e+00,-2.392165659813179357e-01,-4.496096292767241542e-01,-8.605966626833690958e-01,0.000000000000000000e+00,5.007777846028458324e-01,9.032362471767102496e-02,3.086699893295865027e-01,1.000000000000000000e+00
9.687599281888050751e-01,-1.639041518928841812e-01,-1.860655191837106426e-01,0.000000000000000000e+00,-5.581956261689428878e-02,-8.752660003618034645e-01,4.803897916703873672e-01,0.000000000000000000e+00,-2.415993556991662683e-01,-4.550050444393907711e-01,-8.570881873299011078e-01,0.000000000000000000e+00,4.986905905553757345e-01,8.630200846685760763e-02,3.143358901491151158e-01,1.000000000000000000e+00
9.677017481819116806e-01,-1.726607388461823822e-01,-1.836364417210557543e-01,0.000000000000000000e+00,-6.302565245309582620e-02,-8.711414920895256264e-01,4.869507313826573203e-01,0.000000000000000000e+00,-2.440552957258294853e-01,-4.596581173269667642e-01,-8.539036408188024341e-01,0.000000000000000000e+00,4.967426870565688768e-01,8.193011452478550505e-02,3.196789694376097057e-01,1.000000000000000000e+00
9.668294885581858455e-01,-1.797857538736722383e-01,-1.813796285683717535e-01,0.000000000000000000e+00,-6.900978661975573636e-02,-8.677113099423037212e-01,4.922351865217635680e-01,0.000000000000000000e+00,-2.458867632760182442e-01,-4.633994460458206732e-01,-8.513522496887347968e-01,0.000000000000000000e+00,4.950523788263825331e-01,7.724106268572059064e-02,3.248324370646565873e-01,1.000000000000000000e+00
9.645736867811663950e-01,-1.868563955479479455e-01,-1.861801200811341039e-01,0.000000000000000000e+00,-7.149318817480430910e-02,-8.645945438835241914e-01,4.973386629175850504e-01,0.000000000000000000e+00,-2.539061144006480863e-01,-4.664181573047234686e-01,-8.473404201420059456e-01,0.000000000000000000e+00,4.908279485246027640e-01,6.737289681173327938e-02,3.337290282165106814e-01,1.000000000000000000e+00
9.596399690514388903e-01,-1.836219971503245674e-01,-2.129667552992434154e-01,0.000000000000000000e+00,-5.737202019546611825e-02,-8.692722590490487011e-01,4.909734594126883844e-01,0.000000000000000000e+00,-2.752849197342364662e-01,-4.589482585860419350e-01,-8.447394325516918157e-01,0.000000000000000000e+00,4.836901900561978995e-01,5.684099430604923342e-02,3.407468803611805597e-01,1.000000000000000000e+00
9.558215861465552132e-01,-1.810228266262517149e-01,-2.315525396054506357e-01,0.000000000000000000e+00,-4.838203156739170896e-02,-8.739738134449945850e-01,4.835387257862954202e-01,0.000000000000000000e+00,-2.899079846040080177e-01,-4.509824523733491630e-01,-8.441375409932685425e-01,0.000000000000000000e+00,4.794266339117286835e-01,5.121858535927650141e-02,3.435639794263543600e-01,1.000000000000000000e+00
9.509140572627901022e-01,-1.806266337957797841e-01,-2.512314107846247979e-01,0.000000000000000000e+00,-4.176475045457165441e-02,-8.794194401478365730e-01,4.741918396711836681e-01,0.000000000000000000e+00,-3.065953653038571147e-01,-4.404315486769793675e-01,-8.438123801557974035e-01,0.000000000000000000e+00,4.747232967364757306e-01,4.515102777455082261e-02,3.461720531233951625e-01,1.000000000000000000e+00
9.318888708806272181e-01,-1.720733512527817255e-01,-3.193033683171461745e-01,0.000000000000000000e+00,-2.263246630352909114e-02,-9.061702248087241118e-01,4.222843142248294268e-01,0.000000000000000000e+00,-3.620140520725887989e-01,-3.863028675768079290e-01,-8.483607255194693941e-01,0.000000000000000000e+00,4.601418553297886294e-01,2.655483085682509847e-02,3.508545742618636720e-01,1.000000000000000000e+00
9.250843843849924086e-01,-1.607699164256079505e-01,-3.440242181020851664e-01,0.000000000000000000e+00,-1.191157863054600509e-02,-9.177865871914944185e-01,3.968710641595403210e-01,0.000000000000000000e+00,-3.795530484321446019e-01,-3.630483423491114858e-01,-8.509614471545867698e-01,0.000000000000000000e+00,4.555548153849429682e-01,2.043992026767403949e-02,3.515021438235145790e-01,1.000000000000000000e+00
9.183437001990549797e-01,-1.439737103692698139e-01,-3.686423279120591423e-01,0.000000000000000000e+00,1.710327295438449947e-03,-9.300191812110765177e-01,3.674808080175478442e-01,0.000000000000000000e+00,-3.957596309835751947e-01,-3.381106937012437474e-01,-8.538474531721741423e-01,0.000000000000000000e+00,4.513258108437550598e-01,1.411729915109836628e-02,3.516944359712116941e-01,1.000000000000000000e+00
9.061509449016801332e-01,-1.032001174503307805e-01,-4.101474706897980660e-01,0.000000000000000000e+00,3.077735970585655789e-02,-9.511012815915631524e-01,3.073106786065703533e-01,0.000000000000000000e+00,-4.218144043749432193e-01,-2.910987225880515283e-01,-8.586816301571943422e-01,0.000000000000000000e+00,4.445010333188741392e-01,7.249551094694174722e-04,3.511282429187927989e-01,1.000000000000000000e+00
8.996649491715745794e-01,-8.005843259916918531e-02,-4.291554188205952136e-01,0.000000000000000000e+00,4.627706709462672124e-02,-9.600038509957543598e-01,2.761010431629134509e-01,0.000000000000000000e+00,-4.341034293342963535e-01,-2.682636499807197761e-01,-8.599935038936198373e-01,0.000000000000000000e+00,4.413047837511334670e-01,-6.738794364264149434e-03,3.503252006591174306e-01,1.000000000000000000e+00
8.848294042596677178e-01,-2.634363249865937298e-02,-4.651491000587503200e-01,0.000000000000000000e+00,8.274586908489450776e-02,-9.736316661678654505e-01,2.125446933841906860e-01,0.000000000000000000e+00,-4.584919199889682107e-01,-2.265593229331316627e-01,-8.593346452325253404e-01,0.000000000000000000e+00,4.351677167419616410e-01,-2.131762327948342334e-02,3.479538139776583439e-01,1.000000000000000000e+00
8.655508402348894847e-01,3.197674119530360265e-02,-4.997799294613716192e-01,0.000000000000000000e+00,1.226489322151692873e-01,-9.810943305116035518e-01,1.496392360501600516e-01,0.000000000000000000e+00,-4.855556286246886510e-01,-1.908215150918145253e-01,-8.531253605941788720e-01,0.000000000000000000e+00,4.287080307650955047e-01,-3.656275351968670678e-02,3.451819447147454478e-01,1.000000000000000000e+00
8.541687846925405392e-01,6.494223528394502121e-02,-5.159059412668182132e-01,0.000000000000000000e+00,1.452631057705802420e-01,-9.824606310962181732e-01,1.168352915394764990e-01,0.000000000000000000e+00,-4.992793443252025454e-01,-1.747425226324371972e-01,-8.486372529616220683e-01,0.000000000000000000e+00,4.254037752746274159e-01,-4.385899514746927075e-02,3.437508608224074669e-01,1.000000000000000000e+00
8.405105351894494037e-01,1.033462633489531657e-01,-5.318292366808754501e-01,0.000000000000000000e+00,1.708612324008875194e-01,-9.820979798908110459e-01,7.918802976489784651e-02,0.000000000000000000e+00,-5.141345306959034245e-01,-1.574304031075138000e-01,-8.431378016217210281e-01,0.000000000000000000e+00,4.217637705096962675e-01,-5.152201924609595834e-02,3.422556742923197892e-01,1.000000000000000000e+00
8.262951982615298618e-01,1.408105752387486809e-01,-5.453341857357562050e-01,0.000000000000000000e+00,1.952937638497022899e-01,-9.797954503262545911e-01,4.291815726003723325e-02,0.000000000000000000e+00,-5.282827947601311802e-01,-1.419661662390741541e-01,-8.371158201848802882e-01,0.000000000000000000e+00,4.181906754888511935e-01,-5.881623909398815686e-02,3.410867476398317666e-01,1.000000000000000000e+00
7.936737165830551888e-01,2.203125984559188566e-01,-5.670318663603042264e-01,0.000000000000000000e+00,2.448070513875149345e-01,-9.689716901500411428e-01,-3.382481603692431144e-02,0.000000000000000000e+00,-5.569005810913694177e-01,-1.119696875531177443e-01,-8.229972854447047403e-01,0.000000000000000000e+00,4.107467227751389061e-01,-7.221322039551116012e-02,3.390457472163782571e-01,1.000000000000000000e+00
7.589559906399642175e-01,2.905196473912193822e-01,-5.827219625624215915e-01,0.000000000000000000e+00,2.815394386635302615e-01,-9.533715400462829948e-01,-1.086231927721283547e-01,0.000000000000000000e+00,-5.871190103899051049e-01,-8.162056280864750379e-02,-8.053752860409725267e-01,0.000000000000000000e+00,4.023451368837424047e-01,-8.340933371125919260e-02,3.372029669187128209e-01,1.000000000000000000e+00
7.406696108752766072e-01,3.214273996075442397e-01,-5.899777124676884865e-01,0.000000000000000000e+00,2.945035310680300111e-01,-9.445911598184559832e-01,-1.448998201603245717e-01,0.000000000000000000e+00,-6.038741305329203835e-01,-6.642890512140095516e-02,-7.943067638119930551e-01,0.000000000000000000e+00,3.975591989472406773e-01,-8.790748302231368716e-02,3.364722818438398155e-01,1.000000000000000000e+00
7.220577498187836785e-01,3.491275437152289163e-01,-5.972631840714894835e-01,0.000000000000000000e+00,3.041286454250842208e-01,-9.356082081097817360e-01,-1.792311213230423361e-01,0.000000000000000000e+00,-6.213908222627981814e-01,-5.223062857537343062e-02,-7.817578956724293704e-01,0.000000000000000000e+00,3.925395733897309447e-01,-9.201364950634272066e-02,3.358274944774028437e-01,1.000000000000000000e+00
6.831705211544303324e-01,3.995899249242946261e-01,-6.112173736288820658e-01,0.000000000000000000e+00,3.195959316859601773e-01,-9.161862900504076368e-01,-2.417475320963206054e-01,0.000000000000000000e+00,-6.566014977739050851e-01,-3.018837971738458359e-02,-7.536332893729570381e-01,0.000000000000000000e+00,3.823533577039699427e-01,-9.946018660654913635e-02,3.350614066171004879e-01,1.000000000000000000e+00
6.386709037170418268e-01,4.628669295209345003e-01,-6.146823807482427737e-01,0.000000000000000000e+00,3.414446921142841318e-01,-8.863584103847438334e-01,-3.126740115014680077e-01,0.000000000000000000e+00,-6.895686338692316175e-01,-1.018443883019049152e-02,-7.241487253247330669e-01,0.000000000000000000e+00,3.726005646102086843e-01,-1.051429330327575684e-01,3.348648759987950529e-01,1.000000000000000000e+00
6.167165368306106732e-01,4.962138678632119770e-01,-6.110754924238880337e-01,0.000000000000000000e+00,3.530614894908767898e-01,-8.681889411858664252e-01,-3.486779229349858400e-01,0.000000000000000000e+00,-7.035613512664093960e-01,-7.117961490754378664e-04,-7.106341663264059694e-01,0.000000000000000000e+00,3.683626269973633294e-01,-1.077561468722408183e-01,3.347882489688638330e-01,1.000000000000000000e+00
5.959776894901277489e-01,5.296549541163283470e-01,-6.035370494934402252e-01,0.000000000000000000e+00,3.652455782824700070e-01,-8.481620600992045844e-01,-3.836633084549339046e-01,0.000000000000000000e+00,-7.151201675596023932e-01,8.215691635505098858e-03,-6.989532519135140953e-01,0.000000000000000000e+00,3.648256640278136342e-01,-1.103288070734023685e-01,3.345217895321939139e-01,1.000000000000000000e+00
5.756310536344676487e-01,5.657323275218975045e-01,-5.904037352435513863e-01,0.000000000000000000e+00,3.810110797832696461e-01,-8.244230270787080705e-01,-4.184948941217506158e-01,0.000000000000000000e+00,-7.235124549723652709e-01,1.594859923068364313e-02,-6.901270677798692077e-01,0.000000000000000000e+00,3.623793450558250306e-01,-1.128684085677280208e-01,3.339662187800618298e-01,1.000000000000000000e+00
5.416187824176036392e-01,6.326047104572269930e-01,-5.535712436001430925e-01,0.000000000000000000e+00,4.148391069409473331e-01,-7.738993866778071107e-01,-4.785070548626841336e-01,0.000000000000000000e+00,-7.311283392839159623e-01,2.952597657623142607e-02,-6.816007395852522466e-01,0.000000000000000000e+00,3.604268712544136943e-01,-1.188193547113895604e-01,3.327136159511781544e-01,1.000000000000000000e+00
5.066445535750498941e-01,6.989851674795141134e-01,-5.046897847961479000e-01,0.000000000000000000e+00,4.539432538164830389e-01,-7.139468539653349710e-01,-5.331005148456647857e-01,0.000000000000000000e+00,-7.329651485868807770e-01,4.099273851355147991e-02,-6.790299598295875816e-01,0.000000000000000000e+00,3.605224148810892704e-01,-1.252139737904426064e-01,3.325119114802213560e-01,1.000000000000000000e+00
4.878210910733722372e-01,7.308076118550959066e-01,-4.774217888406901422e-01,0.000000000000000000e+00,4.733845379727144032e-01,-6.809805532876216372e-01,-5.587068212879209295e-01,0.000000000000000000e+00,-7.334362726298909729e-01,4.654577437274464574e-02,-6.781627569240393782e-01,0.000000000000000000e+00,3.608685518992116315e-01,-1.286257825215750272e-01,3.331377584544278347e-01,1.000000000000000000e+00
4.683570583653480224e-01,7.600829741813784901e-01,-4.504401016119192747e-01,0.000000000000000000e+00,4.899078829092108345e-01,-6.476773765156429441e-01,-5.835109502952255944e-01,0.000000000000000000e+00,-7.352707580977893009e-01,5.261832871201636147e-02,-6.757279214076151730e-01,0.000000000000000000e+00,3.609970984908699165e-01,-1.319727749730807698e-01,3.342777131162908422e-01,1.000000000000000000e+00
4.292165420116786367e-01,8.116824700012039706e-01,-3.961382017143640355e-01,0.000000000000000000e+00,5.158286486941642268e-01,-5.803251542746000746e-01,-6.301779648668481837e-01,0.000000000000000000e+00,-7.414076444820303369e-01,6.614464713507481330e-02,-6.677870846003117755e-01,0.000000000000000000e+00,3.612148270918041915e-01,-1.382945157917555845e-01,3.382120932164200955e-01,1.000000000000000000e+00
3.912747485508779044e-01,8.532305020101280668e-01,-3.447934577209962881e-01,0.000000000000000000e+00,5.308337607458482044e-01,-5.153087758228452886e-01,-6.727950140374022725e-01,0.000000000000000000e+00,-7.517387954882716050e-01,8.022123660856149419e-02,-6.545634702264063742e-01,0.000000000000000000e+00,3.612528650067769465e-01,-1.444368544114318920e-01,3.441869413067225048e-01,1.000000000000000000e+00
3.749853670281453333e-01,8.688479138402731561e-01,-3.232182297324532327e-01,0.000000000000000000e+00,5.345972716987446027e-01,-4.875219889043286292e-01,-6.902961787002988014e-01,0.000000000000000000e+00,-7.573529703965279358e-01,8.606103909147791442e-02,-6.473097989232443616e-01,0.000000000000000000e+00,3.615816012552474645e-01,-1.476091973939150648e-01,3.473098637870846161e-01,1.000000000000000000e+00
3.602089716888497439e-01,8.823850372606633075e-01,-3.026993386754707749e-01,0.000000000000000000e+00,5.373357404600930254e-01,-4.615021716216637371e-01,-7.058801559145150284e-01,0.000000000000000000e+00,-7.625691716449605195e-01,9.161495568536037748e-02,-6.403865694652628449e-01,0.000000000000000000e+00,3.622543219932112257e-01,-1.507048728381174263e-01,3.504078121253964562e-01,1.000000000000000000e+00
3.454555400604554238e-01,8.952628425148818625e-01,-2.813283838415904237e-01,0.000000000000000000e+00,5.402199235488441831e-01,-4.348500390244372515e-01,-7.204502929852514281e-01,0.000000000000000000e+00,-7.673428096077735683e-01,9.690621278379768500e-02,-6.338723834236270616e-01,0.000000000000000000e+00,3.633583473386584606e-01,-1.535858225802662624e-01,3.532711456392974569e-01,1.000000000000000000e+00
3.016321270482163475e-01,9.273739830563977327e-01,-2.213059022793768538e-01,0.000000000000000000e+00,5.427155480022688439e-01,-3.578506720489125770e-01,-7.598575375502614193e-01,0.000000000000000000e+00,-7.838816691636956158e-01,1.090933916590637875e-01,-6.112513072750523913e-01,0.000000000000000000e+00,3.673056858093619592e-01,-1.624329389745718943e-01,3.603059486135020140e-01,1.000000000000000000e+00
2.878299071254322716e-01,9.350049228767985943e-01,-2.071243241667319046e-01,0.000000000000000000e+00,5.390950462670393017e-01,-3.369461087810155520e-01,-7.718967533089379218e-01,0.000000000000000000e+00,-7.915322388067431714e-01,1.105174014980899178e-01,-6.010512614542082854e-01,0.000000000000000000e+00,3.682333568772810928e-01,-1.659884220184325576e-01,3.622861141626787518e-01,1.000000000000000000e+00
2.739033127638193510e-01,9.416881871978650675e-01,-1.953997959318596878e-01,0.000000000000000000e+00,5.315370450251746259e-01,-3.175436917234478740e-01,-7.852484450884048561e-01,0.000000000000000000e+00,-8.015225891110451251e-01,1.112220616935508249e-01,-5.875297372366462545e-01,0.000000000000000000e+00,3.685598214284803165e-01,-1.696733894566064271e-01,3.639271939798244260e-01,1.000000000000000000e+00
2.607139476523847033e-01,9.475949276298879509e-01,-1.845882919657293175e-01,0.000000000000000000e+00,5.212201997237784212e-01,-2.991015437334443305e-01,-7.992799990224848106e-01,0.000000000000000000e+00,-8.126199613641941211e-01,1.121744571256026030e-01,-5.718965724333657796e-01,0.000000000000000000e+00,3.685853882383889890e-01,-1.730905466943843674e-01,3.653667910437974897e-01,1.000000000000000000e+00
2.365647104378492682e-01,9.576446681682546647e-01,-1.641175621485352898e-01,0.000000000000000000e+00,4.972213656077115185e-01,-2.644409146539641320e-01,-8.263308436343069774e-01,0.000000000000000000e+00,-8.347467962572416855e-01,1.138801509243064919e-01,-5.387291502821506262e-01,0.000000000000000000e+00,3.686496275719560733e-01,-1.792529943702299289e-01,3.670960691076262661e-01,1.000000000000000000e+00
2.092172978573730580e-01,9.681655401424121843e-01,-1.373475739109313032e-01,0.000000000000000000e+00,4.746154688606696870e-01,-2.233420175470328950e-01,-8.513749155439076510e-01,0.000000000000000000e+00,-8.549637999362289520e-01,1.129372504970744401e-01,-5.062431019270926535e-01,0.000000000000000000e+00,3.693021843659257675e-01,-1.847368509334292863e-01,3.682710612855324972e-01,1.000000000000000000e+00
1.933608417923306511e-01,9.735387916604552050e-01,-1.217150479393172696e-01,0.000000000000000000e+00,4.665410492661812847e-01,-2.003695969924702003e-01,-8.614941792327409642e-01,0.000000000000000000e+00,-8.631026147761882150e-01,1.097962874373120679e-01,-4.929489341011806247e-01,0.000000000000000000e+00,3.703108207349485870e-01,-1.874104418187806931e-01,3.685065666863769906e-01,1.000000000000000000e+00
1.608437374567490696e-01,9.820982771497245301e-01,-9.794392804914288375e-02,0.000000000000000000e+00,4.551686798418991264e-01,-1.618642911910430637e-01,-8.755582053920870633e-01,0.000000000000000000e+00,-8.757546905415886096e-01,9.624889877708560360e-02,-4.730643417957061669e-01,0.000000000000000000e+00,3.736895962344427002e-01,-1.933149301715372248e-01,3.685308573543463750e-01,1.000000000000000000e+00
1.298464716820041387e-01,9.877241900950330944e-01,-8.672695655938697512e-02,0.000000000000000000e+00,4.485579976779777711e-01,-1.365215519599617400e-01,-8.832544001989319771e-01,0.000000000000000000e+00,-8.842688607063496908e-01,7.578685661629015746e-02,-4.607872983810604173e-01,0.000000000000000000e+00,3.779082137275308062e-01,-2.006463735524467995e-01,3.685119389989727212e-01,1.000000000000000000e+00
1.154489830312072918e-01,9.897511125237035134e-01,-8.393458450698047801e-02,0.000000000000000000e+00,4.453091300655671048e-01,-1.271042598802502865e-01,-8.862985009023481853e-01,0.000000000000000000e+00,-8.879004653736830566e-01,6.494667420677603664e-02,-4.554280328423755964e-01,0.000000000000000000e+00,3.799283477170891099e-01,-2.044928604282867102e-01,3.685884901932839908e-01,1.000000000000000000e+00
1.015151612012221011e-01,9.916570031442623057e-01,-7.932091188607745535e-02,0.000000000000000000e+00,4.415445606298334380e-01,-1.163622090470932263e-01,-8.896510463013551639e-01,0.000000000000000000e+00,-8.914758106219052847e-01,5.529041670247717560e-02,-4.496819419288292652e-01,0.000000000000000000e+00,3.817102242725301520e-01,-2.079242052175882538e-01,3.688250400508418791e-01,1.000000000000000000e+00
7.949055307924517144e-02,9.951340682683295080e-01,-5.805329485987203303e-02,0.000000000000000000e+00,4.369370994887758486e-01,-8.712863528438186123e-02,-8.952515394597347909e-01,0.000000000000000000e+00,-8.959706611526071507e-01,4.579928352299113964e-02,-4.417454017672857725e-01,0.000000000000000000e+00,3.853668293671696499e-01,-2.120453628943337610e-01,3.682049953354062377e-01,1.000000000000000000e+00
7.298865056678822960e-02,9.963231132703391779e-01,-4.465039476808795732e-02,0.000000000000000000e+00,4.379833249569354270e-01,-7.224309266501623139e-02,-8.960648913572442087e-01,0.000000000000000000e+00,-8.960130958847122296e-01,4.584732158228587567e-02,-4.416543389425990340e-01,0.000000000000000000e+00,3.876981739638213909e-01,-2.129342866462862471e-01,3.673980672753933696e-01,1.000000000000000000e+00
