9.996685429661514855e-01,1.984844480245570239e-02,1.579842853146701254e-02,0.000000000000000000e+00,2.285638111081806853e-02,-9.748916590180224384e-01,-2.214601226424595670e-01,0.000000000000000000e+00,1.100632908664665732e-02,2.217520824453104444e-01,-9.750409604992010815e-01,0.000000000000000000e+00,6.229722119498095623e-01,2.954448563601281275e-01,2.883283893847681661e-02,1.000000000000000000e+00
9.996682032823709374e-01,1.986242481890846887e-02,1.580235196791406060e-02,0.000000000000000000e+00,2.287092215226388045e-02,-9.748905666916589663e-01,-2.214634299308337051e-01,0.000000000000000000e+00,1.100697505630019758e-02,2.217556329364971102e-01,-9.750401457176230968e-01,0.000000000000000000e+00,6.229709261141840315e-01,2.954502207180236817e-01,2.883581569583830093e-02,1.000000000000000000e+00
9.996680639347621522e-01,1.986392585992579479e-02,1.580927890714801248e-02,0.000000000000000000e+00,2.287390458856596726e-02,-9.748908539567653353e-01,-2.214618573513966182e-01,0.000000000000000000e+00,1.101343154168602824e-02,2.217542355674080590e-01,-9.750403906165073797e-01,0.000000000000000000e+00,6.229724545494360610e-01,2.954506530569673828e-01,2.883889236892372282e-02,1.000000000000000000e+00
9.996683088297677600e-01,1.985854768237702364e-02,1.580054766731740085e-02,0.000000000000000000e+00,2.286671923741459209e-02,-9.748911018188753941e-01,-2.214615082737963481e-01,0.000000000000000000e+00,1.100612130480717321e-02,2.217536275787606870e-01,-9.750406114359977394e-01,0.000000000000000000e+00,6.229708871823793626e-01,2.954488681259090366e-01,2.883404376623403820e-02,1.000000000000000000e+00
9.996682031990019590e-01,1.985472787070689110e-02,1.581202691837107002e-02,0.000000000000000000e+00,2.286560514425624996e-02,-9.748898208095448936e-01,-2.214672623313182487e-01,0.000000000000000000e+00,1.101802399433214445e-02,2.217596013257090715e-01,-9.750391183778847060e-01,0.000000000000000000e+00,6.229758627660239023e-01,2.954497426223725021e-01,2.884173561399937941e-02,1.000000000000000000e+00
9.996685884291828250e-01,1.984371091549189461e-02,1.580149823009487434e-02,0.000000000000000000e+00,2.285246103808104279e-02,-9.748914360676841362e-01,-2.214615086366023000e-01,0.000000000000000000e+00,1.101033912841164683e-02,2.217534862945750584e-01,-9.750405959489477636e-01,0.000000000000000000e+00,6.229743415643000937e-01,2.954440109296525008e-01,2.883558901680093045e-02,1.000000000000000000e+00
9.996681912490533728e-01,1.985528373212614925e-02,1.581208442840566566e-02,0.000000000000000000e+00,2.286613913285845748e-02,-9.748902274552037062e-01,-2.214654171528971649e-01,0.000000000000000000e+00,1.101800002116768047e-02,2.217577638361092340e-01,-9.750395365593859109e-01,0.000000000000000000e+00,6.229747284725694056e-01,2.954514354638049234e-01,2.884231443151441532e-02,1.000000000000000000e+00
9.996683270109103514e-01,1.985537254559790327e-02,1.580338740560114155e-02,0.000000000000000000e+00,2.286430998624337102e-02,-9.748900044389308128e-01,-2.214665877172508346e-01,0.000000000000000000e+00,1.100947477897381427e-02,2.217587363234518882e-01,-9.750394116800187305e-01,0.000000000000000000e+00,6.229723588454446626e-01,2.954499065764596977e-01,2.883678876147050332e-02,1.000000000000000000e+00
9.996684390155382571e-01,1.984776340463853539e-02,1.580586047259172067e-02,0.000000000000000000e+00,2.285738772135438579e-02,-9.748911773589128416e-01,-2.214621390565825465e-01,0.000000000000000000e+00,1.101367783364286083e-02,2.217542609895219174e-01,-9.750403820527474563e-01,0.000000000000000000e+00,6.229750370887144895e-01,2.954454520965307807e-01,2.883686473373023307e-02,1.000000000000000000e+00
9.996688472899838418e-01,1.985601888173826185e-02,1.576962819127756751e-02,0.000000000000000000e+00,2.285737054290731818e-02,-9.748918226312697222e-01,-2.214593002782977438e-01,0.000000000000000000e+00,1.097659285517635190e-02,2.217506850535907736e-01,-9.750416135158308517e-01,0.000000000000000000e+00,6.229612657219157912e-01,2.954450759644280389e-01,2.881612625817954118e-02,1.000000000000000000e+00
9.996695355651556980e-01,1.984513205796375329e-02,1.573967273344802423e-02,0.000000000000000000e+00,2.283981090752077933e-02,-9.748982785387299010e-01,-2.214326905430585302e-01,0.000000000000000000e+00,1.095042969652894847e-02,2.217232749232168898e-01,-9.750481410919079606e-01,0.000000000000000000e+00,6.229539454493673301e-01,2.954301199020119562e-01,2.879726813418765838e-02,1.000000000000000000e+00
9.996669272516977012e-01,1.978465810446161655e-02,1.597963591722450366e-02,0.000000000000000000e+00,2.283556927358348226e-02,-9.748683363076698916e-01,-2.215649127047767120e-01,0.000000000000000000e+00,1.119467056771626667e-02,2.218602910514306248e-01,-9.750142002070815161e-01,0.000000000000000000e+00,6.230599835940526798e-01,2.954748637039680825e-01,2.896163109126365098e-02,1.000000000000000000e+00
9.996562693417424539e-01,1.978526229438565265e-02,1.663230179200626130e-02,0.000000000000000000e+00,2.298281734977315055e-02,-9.748306674457772880e-01,-2.217153734297552248e-01,0.000000000000000000e+00,1.182720874947413084e-02,2.220256948953304998e-01,-9.749690805043216280e-01,0.000000000000000000e+00,6.232919370966610861e-01,2.955777229008497153e-01,2.944761380999328521e-02,1.000000000000000000e+00
9.996447662191342287e-01,1.952345011125014226e-02,1.760463483445061372e-02,0.000000000000000000e+00,2.293588296445762953e-02,-9.749621897226430356e-01,-2.211411784021194704e-01,0.000000000000000000e+00,1.284666190143747035e-02,2.214706634259679396e-01,-9.750824111425925311e-01,0.000000000000000000e+00,6.237329722296465206e-01,2.952479524481294026e-01,3.020322973708860700e-02,1.000000000000000000e+00
9.996222284752338538e-01,1.866108315038663909e-02,1.969546178869986675e-02,0.000000000000000000e+00,2.254785716932209902e-02,-9.751199456556376433e-01,-2.204845405529070324e-01,0.000000000000000000e+00,1.509124783771264612e-02,2.208495902701100855e-01,-9.751911159953342567e-01,0.000000000000000000e+00,6.246608953867225367e-01,2.945406345524377856e-01,3.158174064612349896e-02,1.000000000000000000e+00
9.996424861699139131e-01,1.623100389838959615e-02,2.078945063468887189e-02,0.000000000000000000e+00,2.028735180530963703e-02,-9.768697702526643045e-01,-2.128253326661153078e-01,0.000000000000000000e+00,1.685454156316168461e-02,2.131751118466479467e-01,-9.768686176338478022e-01,0.000000000000000000e+00,6.263670972329595799e-01,2.906573564303076562e-01,3.494686615139790120e-02,1.000000000000000000e+00
9.997954865453096973e-01,1.125002290721984106e-02,1.622248345423116592e-02,0.000000000000000000e+00,1.422545594404637029e-02,-9.803130880074144571e-01,-1.968873606551718447e-01,0.000000000000000000e+00,1.368838907656099238e-02,1.970816611972335819e-01,-9.802915111456526054e-01,0.000000000000000000e+00,6.272271173989321102e-01,2.833212339675059699e-01,3.848935034943313377e-02,1.000000000000000000e+00
9.998863004613136596e-01,7.837340090739261522e-03,1.211235531586982508e-02,0.000000000000000000e+00,9.955847202270979787e-03,-9.824589825365886986e-01,-1.861611550266705217e-01,0.000000000000000000e+00,1.044108501936355515e-02,1.862641635103484128e-01,-9.824442198595338960e-01,0.000000000000000000e+00,6.274271815457972412e-01,2.786715171898180854e-01,4.063358372358137627e-02,1.000000000000000000e+00
9.999563890787324105e-01,4.248495338392496018e-03,7.065205530701726237e-03,0.000000000000000000e+00,5.415466621488507215e-03,-9.846564857485698985e-01,-1.743646314358394955e-01,0.000000000000000000e+00,6.216132804935574005e-03,1.743986463327185932e-01,-9.846555092265858455e-01,0.000000000000000000e+00,6.273442214767517289e-01,2.737152771277512886e-01,4.286473472190472506e-02,1.000000000000000000e+00
9.999855163048707585e-01,1.830843716492429590e-03,2.522318967805786856e-03,0.000000000000000000e+00,2.214955150144260528e-03,-9.868028770625580925e-01,-1.618515452380643038e-01,0.000000000000000000e+00,2.192748946908713772e-03,1.618579041192331758e-01,-9.868116389292257429e-01,0.000000000000000000e+00,6.271719332570265815e-01,2.686838593809485753e-01,4.568345870295126981e-02,1.000000000000000000e+00
9.999762595287842171e-01,7.250177293923319071e-04,-5.263233732457887719e-03,0.000000000000000000e+00,-4.591712587116722451e-06,-9.905173613075884953e-01,-1.373175292101363743e-01,0.000000000000000000e+00,-5.312984323264937150e-03,1.373169371711004949e-01,-9.905129130725802700e-01,0.000000000000000000e+00,6.265593273921474804e-01,2.592230120996179554e-01,5.284623174259053813e-02,1.000000000000000000e+00
9.999515203569614430e-01,8.609964464854076138e-04,-8.772828627552888003e-03,0.000000000000000000e+00,-1.464945375012949346e-04,-9.934482645347135765e-01,-1.141983849864981748e-01,0.000000000000000000e+00,-8.813845472608087053e-03,1.141963324943020414e-01,-9.934191027823230380e-01,0.000000000000000000e+00,6.261403957501814332e-01,2.508145592850883343e-01,6.255439415947669501e-02,1.000000000000000000e+00
9.999409074814390452e-01,1.265805263862828994e-03,-9.865403359140524631e-03,0.000000000000000000e+00,2.545723783412446738e-04,-9.947914733464039427e-01,-1.018361755536977969e-01,0.000000000000000000e+00,-9.943115345645457334e-03,1.018296068738883675e-01,-9.947521629135231969e-01,0.000000000000000000e+00,6.258222144209932836e-01,2.466676904248399083e-01,6.803993992190275619e-02,1.000000000000000000e+00
9.999160905342060479e-01,1.979617597262870159e-03,-1.202663320162810842e-02,0.000000000000000000e+00,9.196071107070511851e-04,-9.961533910862573338e-01,-8.751184292037385293e-02,0.000000000000000000e+00,-1.215384543055329954e-02,8.749512462325177709e-02,-9.960908026924111258e-01,0.000000000000000000e+00,6.251665211389535459e-01,2.422750719801476105e-01,7.398717596087844850e-02,1.000000000000000000e+00
9.998643119437404803e-01,2.868964371422838555e-03,-1.561645433233955355e-02,0.000000000000000000e+00,1.745561868617989242e-03,-9.974308345189341063e-01,-7.148027885951095672e-02,0.000000000000000000e+00,-1.578171129708642179e-02,7.144469588399410265e-02,-9.973197045173523012e-01,0.000000000000000000e+00,6.240359073136303447e-01,2.376580349404470160e-01,8.004404712972118530e-02,1.000000000000000000e+00
9.995392388926269689e-01,5.419506300389382789e-03,-2.954125533243278159e-02,0.000000000000000000e+00,4.934497147539121907e-03,-9.998426198816980914e-01,-1.646611998046351721e-02,0.000000000000000000e+00,-2.962641476744138844e-02,1.631307586987588640e-02,-9.994279159117436251e-01,0.000000000000000000e+00,6.190797970847304876e-01,2.232126746752755853e-01,1.001859996990932117e-01,1.000000000000000000e+00
9.994564400914031088e-01,5.235312678454137267e-03,-3.225155441504874709e-02,0.000000000000000000e+00,5.267422711582882798e-03,-9.999760855899602063e-01,9.107180496521619702e-04,0.000000000000000000e+00,-3.224663609207054776e-02,-1.080126385821928488e-03,-9.994793583600094511e-01,0.000000000000000000e+00,6.176170026132900004e-01,2.186063736647742561e-01,1.075840082465176900e-01,1.000000000000000000e+00
9.994516326203312095e-01,4.794447315536704696e-03,-3.246835734528989714e-02,0.000000000000000000e+00,5.350117505878908795e-03,-9.998307156889261194e-01,1.704884479521219173e-02,0.000000000000000000e+00,-3.238174462255195840e-02,-1.721353670580843750e-02,-9.993273321436162426e-01,0.000000000000000000e+00,6.165857261619760443e-01,2.142703671687786193e-01,1.154226271521536090e-01,1.000000000000000000e+00
9.996035984427433796e-01,1.847350636740530735e-03,-2.774851666579262674e-02,0.000000000000000000e+00,3.552368501840334238e-03,-9.980897736669545051e-01,6.152179516791578262e-02,0.000000000000000000e+00,-2.758238943754668521e-02,-6.159716672541865057e-02,-9.977199009964252685e-01,0.000000000000000000e+00,6.136274399677444924e-01,2.013812071836035833e-01,1.388888613821245288e-01,1.000000000000000000e+00
9.996736308447412567e-01,-8.668313881872435076e-04,-2.515208337782111336e-02,0.000000000000000000e+00,1.002149258258072401e-03,-9.972333103435901958e-01,7.419883650864880775e-02,0.000000000000000000e+00,-2.514729741275675487e-02,-7.420125504285074447e-02,-9.969261693740917307e-01,0.000000000000000000e+00,6.126796637412794677e-01,1.968802685456727264e-01,1.462412144484864229e-01,1.000000000000000000e+00
9.997247342170419993e-01,-3.980934186987091818e-03,-2.270142856455981129e-02,0.000000000000000000e+00,-1.997721744635643989e-03,-9.962208669474655887e-01,8.672220169875588525e-02,0.000000000000000000e+00,-2.296131429949761077e-02,-8.665464727701245595e-02,-9.959737698106992942e-01,0.000000000000000000e+00,6.115424809901011116e-01,1.922030246758605343e-01,1.533446742655601436e-01,1.000000000000000000e+00
9.997670578797812624e-01,-7.347850905471185398e-03,-1.981378224079143394e-02,0.000000000000000000e+00,-5.347229596820354640e-03,-9.950438621537658346e-01,9.919610086573439622e-02,0.000000000000000000e+00,-2.044485419111382457e-02,-9.906895245718723431e-02,-9.948705195130368439e-01,0.000000000000000000e+00,6.103815142943026517e-01,1.873275676874393281e-01,1.603693131482732681e-01,1.000000000000000000e+00
9.997365873980312845e-01,-1.484404764118972542e-02,-1.694570649376309426e-02,0.000000000000000000e+00,-1.261093944509038452e-02,-9.920638260371030803e-01,1.250243023421643007e-01,0.000000000000000000e+00,-1.866744852560855983e-02,-1.247800704899523772e-01,-9.920088005527301078e-01,0.000000000000000000e+00,6.069209877801361452e-01,1.767693477828314597e-01,1.727797138523820553e-01,1.000000000000000000e+00
9.994837359296706580e-01,-2.439304269191069213e-02,-2.044475437630202327e-02,0.000000000000000000e+00,-2.097970678379745824e-02,-9.879729383596004277e-01,1.531341629864842735e-01,0.000000000000000000e+00,-2.393473304829475679e-02,-1.526291189516184033e-01,-9.879936642519320245e-01,0.000000000000000000e+00,6.012707072046207246e-01,1.650971661631195353e-01,1.834282208305897666e-01,1.000000000000000000e+00
9.990096640518634219e-01,-3.386777917977710356e-02,-2.852037106387405804e-02,0.000000000000000000e+00,-2.823481516462641311e-02,-9.834617126642656304e-01,1.788479852760347100e-01,0.000000000000000000e+00,-3.410653370083754216e-02,-1.778690228114172267e-01,-9.834629403709248541e-01,0.000000000000000000e+00,5.942478505521197052e-01,1.534473395322820954e-01,1.923437468534108796e-01,1.000000000000000000e+00
9.986913730649330523e-01,-3.866702491976778400e-02,-3.318357200093005610e-02,0.000000000000000000e+00,-3.171317353276399686e-02,-9.814238593337665240e-01,1.891619143910953649e-01,0.000000000000000000e+00,-3.988224561407899271e-02,-1.878656326331165916e-01,-9.813846904043984631e-01,0.000000000000000000e+00,5.904426577473064208e-01,1.480641746080460508e-01,1.966335873298173387e-01,1.000000000000000000e+00
9.982849203924305526e-01,-4.418730710079580432e-02,-3.815031467061041209e-02,0.000000000000000000e+00,-3.583260668420280154e-02,-9.797161811736571080e-01,1.971115814606778927e-01,0.000000000000000000e+00,-4.608719790416435785e-02,-1.954102564394005759e-01,-9.796380973949664339e-01,0.000000000000000000e+00,5.864123327297768862e-01,1.430610023418524002e-01,2.008524438998727513e-01,1.000000000000000000e+00
9.977413197163504943e-01,-4.898933609309020359e-02,-4.574987192377535233e-02,0.000000000000000000e+00,-3.870829868567087634e-02,-9.783171722671062387e-01,2.034156458126127054e-01,0.000000000000000000e+00,-5.472413638056142920e-02,-2.011891687117142724e-01,-9.780225903784078856e-01,0.000000000000000000e+00,5.816110692198974697e-01,1.384491304443461746e-01,2.045716887490255376e-01,1.000000000000000000e+00
9.963156064634320908e-01,-5.131538892025769294e-02,-6.857616261190316309e-02,0.000000000000000000e+00,-3.586478827002828607e-02,-9.770248294972639913e-01,2.100403447183344097e-01,0.000000000000000000e+00,-7.778041307561481266e-02,-2.068109856297263571e-01,-9.752842783335778920e-01,0.000000000000000000e+00,5.699388520676372805e-01,1.302381958308680421e-01,2.116984719056494435e-01,1.000000000000000000e+00
9.938261927775426940e-01,-4.600028176892809878e-02,-1.008673362773223198e-01,0.000000000000000000e+00,-2.423523702932544460e-02,-9.779838876195013908e-01,2.072218997692743259e-01,0.000000000000000000e+00,-1.081809782634601952e-01,-2.035019259473143938e-01,-9.730795661597743118e-01,0.000000000000000000e+00,5.560562373397551772e-01,1.228065540293273583e-01,2.185026681357112033e-01,1.000000000000000000e+00
9.919420913503183002e-01,-4.129585848809121107e-02,-1.196924658468392494e-01,0.000000000000000000e+00,-1.650573693928831381e-02,-9.794167319594678789e-01,2.011247690045538383e-01,0.000000000000000000e+00,-1.255368407123397534e-01,-1.975323147430143866e-01,-9.722250183245806365e-01,0.000000000000000000e+00,5.485199329862716633e-01,1.196270342412402016e-01,2.219716714214646780e-01,1.000000000000000000e+00
9.896719597921403988e-01,-3.557330820473532385e-02,-1.387973293898828731e-01,0.000000000000000000e+00,-8.258382893240896055e-03,-9.812324646803718409e-01,1.926016517854395316e-01,0.000000000000000000e+00,-1.430466776198087153e-01,-1.894698605729820406e-01,-9.714107369987163842e-01,0.000000000000000000e+00,5.409680981737415850e-01,1.164281647206264897e-01,2.255862830504674899e-01,1.000000000000000000e+00
9.869895414189934213e-01,-3.186406298393874154e-02,-1.575343566365408621e-01,0.000000000000000000e+00,-2.486565512995356306e-03,-9.830514792679171387e-01,1.832603421428585233e-01,0.000000000000000000e+00,-1.607068955173054370e-01,-1.804877965029202391e-01,-9.703594432202484743e-01,0.000000000000000000e+00,5.334494782926374468e-01,1.130723653600779616e-01,2.295332453733134603e-01,1.000000000000000000e+00
9.810554467254464228e-01,-3.296960206271098287e-02,-1.908506292663701420e-01,0.000000000000000000e+00,-2.374490685461876159e-04,-9.855989778600607876e-01,1.690424365665362250e-01,0.000000000000000000e+00,-1.936791759185015060e-01,-1.657978779401138025e-01,-9.669536909728848606e-01,0.000000000000000000e+00,5.187993379549158401e-01,1.056247115850987156e-01,2.378805001363490379e-01,1.000000000000000000e+00
9.775390794479159595e-01,-3.366578242978419955e-02,-2.080017070764557385e-01,0.000000000000000000e+00,1.479992976125657370e-03,-9.860227110325213706e-01,1.665465996352838152e-01,0.000000000000000000e+00,-2.107053854302626816e-01,-1.631167912618479432e-01,-9.638444651286446341e-01,0.000000000000000000e+00,5.077547612173252123e-01,9.670333212805619361e-02,2.472653662002211872e-01,1.000000000000000000e+00
9.770920339148909672e-01,-3.227557565652415528e-02,-2.103097510276446813e-01,0.000000000000000000e+00,4.441015184847027855e-03,-9.851095434476638824e-01,1.718144688135185560e-01,0.000000000000000000e+00,-2.127276493709601979e-01,-1.688157878138830392e-01,-9.624178806411919362e-01,0.000000000000000000e+00,5.035308499965923668e-01,9.152735001901154965e-02,2.521453531745341814e-01,1.000000000000000000e+00
9.774833804293646677e-01,-2.827694087246338320e-02,-2.090631543349649457e-01,0.000000000000000000e+00,1.014170545507908465e-02,-9.835230277995993253e-01,1.804448572267421114e-01,0.000000000000000000e+00,-2.107249122189530643e-01,-1.785055427407141737e-01,-9.611091418674351239e-01,0.000000000000000000e+00,5.001341785167584542e-01,8.566254167609736736e-02,2.570870672206039820e-01,1.000000000000000000e+00
9.766154741889737645e-01,-8.333795970752544066e-03,-2.147871279210470663e-01,0.000000000000000000e+00,3.662180013985410348e-02,-9.781778664057804162e-01,2.044691965298439940e-01,0.000000000000000000e+00,-2.118080970496359072e-01,-2.075576687256708297e-01,-9.550168292639541479e-01,0.000000000000000000e+00,4.877532218851221568e-01,6.819059827570421450e-02,2.694179313039546386e-01,1.000000000000000000e+00
9.748165096847619671e-01,3.585433233972727327e-03,-2.229364573499612867e-01,0.000000000000000000e+00,5.074847852579645463e-02,-9.771856785605548268e-01,2.061879929692153335e-01,0.000000000000000000e+00,-2.171152202097538786e-01,-2.123132333512548764e-01,-9.527770316801330575e-01,0.000000000000000000e+00,4.825502854436007349e-01,6.328415646604254596e-02,2.726503020780386977e-01,1.000000000000000000e+00
9.691141360379369463e-01,2.170311367914751211e-02,-2.456165977479562446e-01,0.000000000000000000e+00,7.128281274247119659e-02,-9.782359859526963408e-01,1.948175128059229655e-01,0.000000000000000000e+00,-2.360473926809739387e-01,-2.063126197089313607e-01,-9.495876638611897569e-01,0.000000000000000000e+00,4.711426422183434548e-01,5.468440748315103045e-02,2.775705037454583857e-01,1.000000000000000000e+00
9.652020803595767751e-01,2.925848795317923662e-02,-2.598261569847178376e-01,0.000000000000000000e+00,7.937946584128802163e-02,-9.795990180899714073e-01,1.845681745619319747e-01,0.000000000000000000e+00,-2.491300590699989659e-01,-1.987742746291344120e-01,-9.478517824076927445e-01,0.000000000000000000e+00,4.650097566739735955e-01,5.066733426092089043e-02,2.799297460892312683e-01,1.000000000000000000e+00
9.564917991184727075e-01,4.996988841110818619e-02,-2.874146749428376779e-01,0.000000000000000000e+00,9.913797688770320526e-02,-9.822546946756792741e-01,1.591481172600220650e-01,0.000000000000000000e+00,-2.743670825375107980e-01,-1.807210578464064077e-01,-9.444906581172364257e-01,0.000000000000000000e+00,4.539674341989429207e-01,4.298631786974456415e-02,2.852127461771443717e-01,1.000000000000000000e+00
9.521996950401602211e-01,6.303683761399865582e-02,-2.988692770598213033e-01,0.000000000000000000e+00,1.110818420761506831e-01,-9.829307926293533448e-01,1.465900002155969273e-01,0.000000000000000000e+00,-2.845327234901801061e-01,-1.727852299881036113e-01,-9.429668040611072222e-01,0.000000000000000000e+00,4.494893751945813198e-01,3.913481420339000316e-02,2.884992554986220425e-01,1.000000000000000000e+00
9.475233558057505334e-01,7.912447794695023906e-02,-3.097088214653243021e-01,0.000000000000000000e+00,1.260097944023033656e-01,-9.828713879909233286e-01,1.344102424843190424e-01,0.000000000000000000e+00,-2.937744550279669520e-01,-1.663863923844820236e-01,-9.412821776716576716e-01,0.000000000000000000e+00,4.456556479261580272e-01,3.501058924481233875e-02,2.918534622367791598e-01,1.000000000000000000e+00
9.371603915439792321e-01,1.177914836711121821e-01,-3.283843994420288515e-01,0.000000000000000000e+00,1.599412961760960372e-01,-9.815853259636562189e-01,1.043540920689806223e-01,0.000000000000000000e+00,-3.100512538831480258e-01,-1.503216424307815269e-01,-9.387606850429986993e-01,0.000000000000000000e+00,4.395875867322930342e-01,2.757959251936104028e-02,2.988804998035263782e-01,1.000000000000000000e+00
9.310327399409541460e-01,1.350507814261502626e-01,-3.389986290465406005e-01,0.000000000000000000e+00,1.737951639733536502e-01,-9.809642557726167000e-01,8.651656937927763857e-02,0.000000000000000000e+00,-3.208675852449137111e-01,-1.394687661672994738e-01,-9.367990478234214935e-01,0.000000000000000000e+00,4.363261578568288224e-01,2.406575854890425151e-02,3.017690998139117009e-01,1.000000000000000000e+00
9.162340810230250598e-01,1.650178078240320256e-01,-3.650547613359563792e-01,0.000000000000000000e+00,1.942835195972704432e-01,-9.799182030357790341e-01,4.466515726195236652e-02,0.000000000000000000e+00,-3.503600049162900465e-01,-1.118500166551655156e-01,-9.299125984356252372e-01,0.000000000000000000e+00,4.282514473730771321e-01,1.790185384631590854e-02,3.063608509350008169e-01,1.000000000000000000e+00
8.977183509054105226e-01,1.974881933566903225e-01,-3.938031523916348808e-01,0.000000000000000000e+00,2.131589627708455059e-01,-9.769993447587050905e-01,-4.035323125436396027e-03,0.000000000000000000e+00,-3.855497735520720393e-01,-8.032163431851351010e-02,-9.191843162142994128e-01,0.000000000000000000e+00,4.195879152142275581e-01,1.235986397860920107e-02,3.091157183487334703e-01,1.000000000000000000e+00
8.867097995333869109e-01,2.187709222287282929e-01,-4.072662052022735790e-01,0.000000000000000000e+00,2.265268417718057370e-01,-9.735403925922611057e-01,-2.975635813410801647e-02,0.000000000000000000e+00,-4.030076863601481096e-01,-6.587274112331313602e-02,-9.128228671059579469e-01,0.000000000000000000e+00,4.157124763077508778e-01,9.251774421598626605e-03,3.103207905540759648e-01,1.000000000000000000e+00
8.754184077644550088e-01,2.418167607581405421e-01,-4.185068846085984728e-01,0.000000000000000000e+00,2.409254377764523114e-01,-9.689229828607059947e-01,-5.589216061081378473e-02,0.000000000000000000e+00,-4.190246677367094330e-01,-5.190092739203447381e-02,-9.064902765964935050e-01,0.000000000000000000e+00,4.123472648925085027e-01,6.187613603095941904e-03,3.114728472042188612e-01,1.000000000000000000e+00
8.536596567380052569e-01,2.846332133641918394e-01,-4.361534950096507823e-01,0.000000000000000000e+00,2.667438233917606705e-01,-9.582114064495890204e-01,-1.032442740952433102e-01,0.000000000000000000e+00,-4.473226157247960910e-01,-2.820632231935367440e-02,-8.939277827891596306e-01,0.000000000000000000e+00,4.069034694443994793e-01,-1.059319220395013627e-03,3.141957523086614801e-01,1.000000000000000000e+00
8.424137681952744705e-01,3.046168089006547341e-01,-4.444416607288619314e-01,0.000000000000000000e+00,2.785018202956209832e-01,-9.522824164428818072e-01,-1.248025733987085384e-01,0.000000000000000000e+00,-4.612598209789743886e-01,-1.864276432190672614e-02,-8.870692334248112543e-01,0.000000000000000000e+00,4.043420280377727494e-01,-5.373073142361047341e-03,3.157119600985804908e-01,1.000000000000000000e+00
8.146951348549453797e-01,3.455474453321326633e-01,-4.656710718622397160e-01,0.000000000000000000e+00,3.006808983549387193e-01,-9.383901336662280324e-01,-1.702812417841550185e-01,0.000000000000000000e+00,-4.958309337377519999e-01,-1.291121844932127411e-03,-8.684181125201906326e-01,0.000000000000000000e+00,3.978123156895123635e-01,-1.398181668337731935e-02,3.191925446889123386e-01,1.000000000000000000e+00
7.989482223625211654e-01,3.657911238761722417e-01,-4.773461412626928690e-01,0.000000000000000000e+00,3.096948559759741815e-01,-9.306538043278292927e-01,-1.948161686651483648e-01,0.000000000000000000e+00,-5.155159529121791095e-01,7.816537666032626758e-03,-8.568443289372718041e-01,0.000000000000000000e+00,3.941197432794406597e-01,-1.793407898276326226e-02,3.210549995836081139e-01,1.000000000000000000e+00
7.819296230673533632e-01,3.896857557579377906e-01,-4.865303929153039220e-01,0.000000000000000000e+00,3.208606927866550218e-01,-9.207741907876095810e-01,-2.218198645412507164e-01,0.000000000000000000e+00,-5.344349599151284602e-01,1.733937797378082638e-02,-8.450317269736074000e-01,0.000000000000000000e+00,3.908960524930545910e-01,-2.177282881684135252e-02,3.228871060159631545e-01,1.000000000000000000e+00
7.499463222594787704e-01,4.397591921553979932e-01,-4.941387594042001008e-01,0.000000000000000000e+00,3.439753638093453469e-01,-8.973254688806173718e-01,-2.765297432313869042e-01,0.000000000000000000e+00,-5.650206688635918129e-01,3.741162468308428107e-02,-8.242281323125965065e-01,0.000000000000000000e+00,3.873708067029672519e-01,-2.951612984299470041e-02,3.264718496350244581e-01,1.000000000000000000e+00
7.260767333876614327e-01,4.813813892082841051e-01,-4.909839938920755320e-01,0.000000000000000000e+00,3.604690337824161817e-01,-8.745435775258186828e-01,-3.243707039692733107e-01,0.000000000000000000e+00,-5.855441921616668655e-01,5.853462223662254243e-02,-8.085243948239018152e-01,0.000000000000000000e+00,3.878347510254338548e-01,-3.792216583500480215e-02,3.296407027295424896e-01,1.000000000000000000e+00
7.151403350051915853e-01,5.002625868450095714e-01,-4.881520176676625855e-01,0.000000000000000000e+00,3.665421107392646816e-01,-8.630625767003445858e-01,-3.474918943736308163e-01,0.000000000000000000e+00,-5.951543907430317804e-01,6.957853843888545109e-02,-8.005935786452443859e-01,0.000000000000000000e+00,3.886120309363981229e-01,-4.245163270232265446e-02,3.309689651823513601e-01,1.000000000000000000e+00
7.035003294198528545e-01,5.180890857516825543e-01,-4.864686347878477979e-01,0.000000000000000000e+00,3.703694396542201450e-01,-8.514735247280540431e-01,-3.712143070499992481e-01,0.000000000000000000e+00,-6.065489220362497713e-01,8.097783069348254981e-02,-7.909114970164747849e-01,0.000000000000000000e+00,3.889330702855253175e-01,-4.689098058149052811e-02,3.324188018450651150e-01,1.000000000000000000e+00
6.892159609732655401e-01,5.372922729139401055e-01,-4.860855063750396110e-01,0.000000000000000000e+00,3.731736244440169714e-01,-8.382905097991871779e-01,-3.974810864697125856e-01,0.000000000000000000e+00,-6.210563405938228643e-01,9.255780080072453786e-02,-7.782814884854600823e-01,0.000000000000000000e+00,3.886025239458267833e-01,-5.112101610772314814e-02,3.338107646337125645e-01,1.000000000000000000e+00
6.556940411450543627e-01,5.770902186423166880e-01,-4.868397589098889533e-01,0.000000000000000000e+00,3.737888956427028453e-01,-8.083566283229001170e-01,-4.547770550960648639e-01,0.000000000000000000e+00,-6.560001662408365686e-01,1.162215468630222182e-01,-7.457588979936886631e-01,0.000000000000000000e+00,3.864178662583527268e-01,-5.920505456618790213e-02,3.370930806961833781e-01,1.000000000000000000e+00
6.162562129435698033e-01,6.224214244347864300e-01,-4.824941422589805184e-01,0.000000000000000000e+00,3.717191631757957859e-01,-7.700092901109852894e-01,-5.185473013832690992e-01,0.000000000000000000e+00,-6.942932892246230780e-01,1.402083768305602829e-01,-7.059025709006828686e-01,0.000000000000000000e+00,3.835315301375168406e-01,-6.734805771071669667e-02,3.409837811638431471e-01,1.000000000000000000e+00
5.956898707571350871e-01,6.469284350812963824e-01,-4.760440364733299901e-01,0.000000000000000000e+00,3.709115977490340943e-01,-7.472603761564173830e-01,-5.513685371718600736e-01,0.000000000000000000e+00,-7.124385473174692507e-01,1.518773225893296219e-01,-6.851018867141375202e-01,0.000000000000000000e+00,3.824696979036422695e-01,-7.150767764210691491e-02,3.430684372389312675e-01,1.000000000000000000e+00
5.770148900715055262e-01,6.689154909658372450e-01,-4.686007143431492050e-01,0.000000000000000000e+00,3.691748603285427421e-01,-7.254116936169184848e-01,-5.809204284292672771e-01,0.000000000000000000e+00,-7.285291378600732282e-01,1.622072568752594146e-01,-6.655329451694049769e-01,0.000000000000000000e+00,3.819819411717151336e-01,-7.617583114813736289e-02,3.451614712926429074e-01,1.000000000000000000e+00
5.283788322819895633e-01,7.337950234294580154e-01,-4.270145431805461023e-01,0.000000000000000000e+00,3.708304774032565865e-01,-6.519164152388089439e-01,-6.614155210397333340e-01,0.000000000000000000e+00,-7.637359122860276628e-01,1.911316336306070340e-01,-6.165842642415751973e-01,0.000000000000000000e+00,3.847009656517278442e-01,-9.052932614423503388e-02,3.524234060269231805e-01,1.000000000000000000e+00
5.129470944646110642e-01,7.551017135527294810e-01,-4.082737162385716156e-01,0.000000000000000000e+00,3.737762095448013966e-01,-6.246292771906042374e-01,-6.856459422733228726e-01,0.000000000000000000e+00,-7.727670203308679708e-01,1.991009251179090278e-01,-6.026524320917863164e-01,0.000000000000000000e+00,3.863029079236730001e-01,-9.546800136216881949e-02,3.555110555860048760e-01,1.000000000000000000e+00
4.975413202303775040e-01,7.756293602682358124e-01,-3.883715708628896479e-01,0.000000000000000000e+00,3.764167397528285774e-01,-5.964274891663469136e-01,-7.089184967976126517e-01,0.000000000000000000e+00,-7.815085274876811816e-01,2.065306606707386916e-01,-5.887185300862751713e-01,0.000000000000000000e+00,3.878817422851305596e-01,-1.005242645208881125e-01,3.588177857753932498e-01,1.000000000000000000e+00
4.680234701617085324e-01,8.112673093173818906e-01,-3.503999587784452641e-01,0.000000000000000000e+00,3.781711637620428501e-01,-5.422351634370286000e-01,-7.502988373524840382e-01,0.000000000000000000e+00,-7.987074754733990423e-01,2.186505150225550864e-01,-5.605874783682571749e-01,0.000000000000000000e+00,3.907855649908275053e-01,-1.102547330408617937e-01,3.657857468666202427e-01,1.000000000000000000e+00
4.538212937976205952e-01,8.262083206252934797e-01,-3.337765586834913201e-01,0.000000000000000000e+00,3.763101526505386873e-01,-5.172299032989755574e-01,-7.686641939408058732e-01,0.000000000000000000e+00,-8.077315213067320920e-01,2.232369692441883435e-01,-5.456510286347688865e-01,0.000000000000000000e+00,3.917535097973682268e-01,-1.150874009297352812e-01,3.693530776704597729e-01,1.000000000000000000e+00
4.256656140654351828e-01,8.520242277569523015e-01,-3.047035398853668031e-01,0.000000000000000000e+00,3.685507976990615719e-01,-4.707850254076988428e-01,-8.015687844898066183e-01,0.000000000000000000e+00,-8.264217995463049027e-01,2.289059433277991495e-01,-5.144211099321812641e-01,0.000000000000000000e+00,3.929647118751340429e-01,-1.246486920378827301e-01,3.757207435409399277e-01,1.000000000000000000e+00
3.980178430855783045e-01,8.735300624104718192e-01,-2.801923866772069727e-01,0.000000000000000000e+00,3.601474505028658957e-01,-4.296968013847090595e-01,-8.280309291791241311e-01,0.000000000000000000e+00,-8.437239258712825318e-01,2.286649132360777659e-01,-4.856359689799421564e-01,0.000000000000000000e+00,3.942136992326187861e-01,-1.336852576748561172e-01,3.799800452120789540e-01,1.000000000000000000e+00
3.842428193634409017e-01,8.834337314033641197e-01,-2.681101357419580222e-01,0.000000000000000000e+00,3.563246142512014880e-01,-4.098129555338624885e-01,-8.396825933985658796e-01,0.000000000000000000e+00,-8.516953315919051359e-01,2.271121389752286390e-01,-4.722659615880134276e-01,0.000000000000000000e+00,3.949230362000301087e-01,-1.376024590142521098e-01,3.816263760365933289e-01,1.000000000000000000e+00
3.696085524992062110e-01,8.937352799069765430e-01,-2.541800823633668660e-01,0.000000000000000000e+00,3.520431143380996497e-01,-3.878517799237986008e-01,-8.518317846607282862e-01,0.000000000000000000e+00,-8.599128718506989788e-01,2.253663041030702641e-01,-4.579955041268482518e-01,0.000000000000000000e+00,3.955501221282963220e-01,-1.408861192904202198e-01,3.828100200667126085e-01,1.000000000000000000e+00
3.542827967652438792e-01,9.047712134463620215e-01,-2.363334469265890581e-01,0.000000000000000000e+00,3.476101582516731847e-01,-3.620368746806197358e-01,-8.649145773733636355e-01,0.000000000000000000e+00,-8.681279483584994905e-01,2.242767665712926684e-01,-4.427796260615299295e-01,0.000000000000000000e+00,3.959953560937193306e-01,-1.432329091321282444e-01,3.838998498413646598e-01,1.000000000000000000e+00
3.233311933351556422e-01,9.266243488796950256e-01,-1.918462988461172580e-01,0.000000000000000000e+00,3.401777133301593925e-01,-3.030039382586490748e-01,-8.901957558056661224e-01,0.000000000000000000e+00,-8.830242476426878317e-01,2.225705059461493274e-01,-4.131955323547680803e-01,0.000000000000000000e+00,3.968898941186879692e-01,-1.464962492870188204e-01,3.852002388805921274e-01,1.000000000000000000e+00
2.965531766994376484e-01,9.448983280804617024e-01,-1.385788940691491666e-01,0.000000000000000000e+00,3.374364084939654451e-01,-2.394200194831161699e-01,-9.103820469421648465e-01,0.000000000000000000e+00,-8.934142365806631014e-01,2.232194213886483924e-01,-3.898513714095510618e-01,0.000000000000000000e+00,3.981730627721858373e-01,-1.486771895441051372e-01,3.849340912613709031e-01,1.000000000000000000e+00
2.857118542531207894e-01,9.510673042993447179e-01,-1.175604777688013247e-01,0.000000000000000000e+00,3.384587188779435984e-01,-2.149151160353137691e-01,-9.160993043421856719e-01,0.000000000000000000e+00,-8.965548810317733874e-01,2.219553355552953133e-01,-3.833081975599250679e-01,0.000000000000000000e+00,3.992346178708008897e-01,-1.501086887278795801e-01,3.836773701846802886e-01,1.000000000000000000e+00
2.750815805338218678e-01,9.561201001941032063e-01,-1.007235074699093930e-01,0.000000000000000000e+00,3.429998498799638473e-01,-1.954710848189465389e-01,-9.187616148290235207e-01,0.000000000000000000e+00,-8.981522727111709292e-01,2.181904500417019555e-01,-3.817268952200749133e-01,0.000000000000000000e+00,4.006285475955768116e-01,-1.521155095571426752e-01,3.818156816736512082e-01,1.000000000000000000e+00
2.634073146603904125e-01,9.607220650240071436e-01,-8.723787744218557128e-02,0.000000000000000000e+00,3.471807108420438825e-01,-1.787823257926431930e-01,-9.205884970520730182e-01,0.000000000000000000e+00,-9.000436011799125557e-01,2.122065212461200778e-01,-3.806440703803418146e-01,0.000000000000000000e+00,4.016676139351166852e-01,-1.547432337207769459e-01,3.802911292477987315e-01,1.000000000000000000e+00
2.386986322256340332e-01,9.684656464906901130e-01,-7.126009712447464728e-02,0.000000000000000000e+00,3.526016525260858847e-01,-1.548111020726276321e-01,-9.228685411325604493e-01,0.000000000000000000e+00,-9.048157529905879182e-01,1.951647880140935654e-01,-3.784430718872907606e-01,0.000000000000000000e+00,4.029325416786183056e-01,-1.608666253200470853e-01,3.781965058071386498e-01,1.000000000000000000e+00
2.122749285095887339e-01,9.751124589017573507e-01,-6.384194641476589882e-02,0.000000000000000000e+00,3.562598587502112668e-01,-1.380586545012843780e-01,-9.241209162559748114e-01,0.000000000000000000e+00,-9.099532716159087764e-01,1.734267176221172269e-01,-3.767070706667484670e-01,0.000000000000000000e+00,4.032510893124240381e-01,-1.682991196538532463e-01,3.776155366440651640e-01,1.000000000000000000e+00
1.976685106177603346e-01,9.784270654461499905e-01,-5.990312524234506913e-02,0.000000000000000000e+00,3.581122386505687927e-01,-1.289631734356866954e-01,-9.247188066257133743e-01,0.000000000000000000e+00,-9.125127741582201857e-01,1.613388532361161865e-01,-3.758859021492078623e-01,0.000000000000000000e+00,4.031764156297077961e-01,-1.723224944067182351e-01,3.778227556561124523e-01,1.000000000000000000e+00
1.818465452229809931e-01,9.817801656202751470e-01,-5.495714044871426868e-02,0.000000000000000000e+00,3.595423028334415183e-01,-1.184058471214648606e-01,-9.255755694387586274e-01,0.000000000000000000e+00,-9.152366037686183731e-01,1.485561629776420423e-01,-3.745304067274712323e-01,0.000000000000000000e+00,4.028693381265337492e-01,-1.764484157349039406e-01,3.782719953424143466e-01,1.000000000000000000e+00
1.267929019218982933e-01,9.912414044809231273e-01,-3.667130985005961213e-02,0.000000000000000000e+00,3.611408946410156751e-01,-8.056389770509517212e-02,-9.290142407442729677e-01,0.000000000000000000e+00,-9.238495514002854625e-01,1.045509147929183369e-01,-3.681998269872695517e-01,0.000000000000000000e+00,4.017690539591435295e-01,-1.888637269032185373e-01,3.805619726347708176e-01,1.000000000000000000e+00
1.069979168266366465e-01,9.937124041799578755e-01,-3.267798149911281536e-02,0.000000000000000000e+00,3.596915464658432815e-01,-6.932842104736459954e-02,-9.304817614210917354e-01,0.000000000000000000e+00,-9.269146270265892218e-01,8.780730697919418570e-02,-3.648549726195606802e-01,0.000000000000000000e+00,4.014233787541707232e-01,-1.930084638163653277e-01,3.816591108060630178e-01,1.000000000000000000e+00
6.879283101664923628e-02,9.969596015229175157e-01,-3.632968804144878772e-02,0.000000000000000000e+00,3.541957142595880126e-01,-5.845152053387538127e-02,-9.333325037994908424e-01,0.000000000000000000e+00,-9.326362827213591222e-01,5.133975386090847831e-02,-3.571467399055835434e-01,0.000000000000000000e+00,4.010947751397536121e-01,-2.013169540910145494e-01,3.839276929247679160e-01,1.000000000000000000e+00
5.085251935057850253e-02,9.978452722143076326e-01,-4.122597356596628682e-02,0.000000000000000000e+00,3.497491426073059961e-01,-5.645893559259473893e-02,-9.351302971984244428e-01,0.000000000000000000e+00,-9.354609310718330351e-01,3.313562058912357389e-02,-3.518733821794326477e-01,0.000000000000000000e+00,4.010282475462667029e-01,-2.049042144488717465e-01,3.849920738187357361e-01,1.000000000000000000e+00
3.352736702000265467e-02,9.983313165442537773e-01,-4.681073561621670182e-02,0.000000000000000000e+00,3.452985874649996401e-01,-5.552371267263863513e-02,-9.368386999515608826e-01,0.000000000000000000e+00,-9.378925758850180650e-01,1.524634758477732936e-02,-3.465906302615376355e-01,0.000000000000000000e+00,4.012014943695953462e-01,-2.082145146935606705e-01,3.858185210733706128e-01,1.000000000000000000e+00
