9.996620450010190728e-01,1.998472690694411830e-02,1.603600249574584080e-02,0.000000000000000000e+00,2.303581090292152606e-02,-9.750091074417527315e-01,-2.209238301381037106e-01,0.000000000000000000e+00,1.122036209450461355e-02,2.212228293714341154e-01,-9.751587374573256195e-01,0.000000000000000000e+00,6.229618571905217728e-01,2.954302094538222012e-01,2.875273851829634672e-02,1.000000000000000000e+00
9.996622265575572097e-01,1.998198098928060176e-02,1.602810440880182014e-02,0.000000000000000000e+00,2.303130693768591294e-02,-9.750107548767633636e-01,-2.209170289420768207e-01,0.000000000000000000e+00,1.121343019961984488e-02,2.212158163189510418e-01,-9.751604081347327035e-01,0.000000000000000000e+00,6.229604315886014820e-01,2.954252931733352683e-01,2.874622164940728725e-02,1.000000000000000000e+00
9.996619602353843392e-01,1.999065065830754606e-02,1.603390301250588040e-02,0.000000000000000000e+00,2.304110665633134561e-02,-9.750093244934764369e-01,-2.209223199589273601e-01,0.000000000000000000e+00,1.121703998707446193e-02,2.212213374955840917e-01,-9.751591141196360724e-01,0.000000000000000000e+00,6.229610995395186146e-01,2.954294313535790195e-01,2.874911294847148566e-02,1.000000000000000000e+00
9.996621276884475327e-01,1.998779476248619888e-02,1.602702178032518188e-02,0.000000000000000000e+00,2.303679886026455126e-02,-9.750094218311957661e-01,-2.209223396125376826e-01,0.000000000000000000e+00,1.121096270285973882e-02,2.212211665410360184e-01,-9.751592227885138575e-01,0.000000000000000000e+00,6.229585759225526598e-01,2.954301286109556890e-01,2.874733871021472112e-02,1.000000000000000000e+00
9.996619829826407511e-01,1.999116974913063907e-02,1.603183746438530816e-02,0.000000000000000000e+00,2.304116687965463914e-02,-9.750091071088856642e-01,-2.209232730718196369e-01,0.000000000000000000e+00,1.121488879931486701e-02,2.212222487022040829e-01,-9.751589321481698436e-01,0.000000000000000000e+00,6.229599343468876782e-01,2.954329495549967710e-01,2.875028835791178239e-02,1.000000000000000000e+00
9.996619540791684688e-01,2.000074674100322386e-02,1.602169147216591857e-02,0.000000000000000000e+00,2.304824459518048027e-02,-9.750092980612651283e-01,-2.209216920457747757e-01,0.000000000000000000e+00,1.120291503465909756e-02,2.212205414137731752e-01,-9.751594570896207070e-01,0.000000000000000000e+00,6.229537212662834555e-01,2.954358447789109943e-01,2.874416737868258631e-02,1.000000000000000000e+00
9.996618686052020086e-01,2.000262459234204704e-02,1.602467994633306053e-02,0.000000000000000000e+00,2.305082283773567803e-02,-9.750075517723569840e-01,-2.209291299366971661e-01,0.000000000000000000e+00,1.120523725031282412e-02,2.212280682461678916e-01,-9.751577228726810986e-01,0.000000000000000000e+00,6.229532472582692826e-01,2.954417382904374056e-01,2.874550349240748842e-02,1.000000000000000000e+00
9.996618048277128299e-01,2.000345493579361658e-02,1.602762179612789509e-02,0.000000000000000000e+00,2.305223302138496855e-02,-9.750085164080894984e-01,-2.209247256094987732e-01,0.000000000000000000e+00,1.120802574528740811e-02,2.212237416488346819e-01,-9.751586723655707445e-01,0.000000000000000000e+00,6.229544666793932484e-01,2.954402902548693977e-01,2.874772930346633157e-02,1.000000000000000000e+00
9.996615232020008568e-01,2.000011099406168169e-02,1.604934549721540038e-02,0.000000000000000000e+00,2.305377902231656867e-02,-9.750084643996431710e-01,-2.209247938169193737e-01,0.000000000000000000e+00,1.122994352139274239e-02,2.212242732174426185e-01,-9.751582996149500415e-01,0.000000000000000000e+00,6.229623273596082145e-01,2.954395874418354051e-01,2.875899294348414903e-02,1.000000000000000000e+00
9.996622799538877890e-01,1.997431342500817844e-02,1.603433010146272653e-02,0.000000000000000000e+00,2.302522290897568782e-02,-9.750105642381174942e-01,-2.209185045107537881e-01,0.000000000000000000e+00,1.122116183106289418e-02,2.212173490474813042e-01,-9.751599714957366327e-01,0.000000000000000000e+00,6.229647246445246811e-01,2.954238208932132292e-01,2.874699058953623237e-02,1.000000000000000000e+00
9.996618710917632988e-01,1.996280527810852592e-02,1.607410314609193994e-02,0.000000000000000000e+00,2.302267863852212187e-02,-9.750129793198252237e-01,-2.209081105966767267e-01,0.000000000000000000e+00,1.126273044463093481e-02,2.212077430240849407e-01,-9.751616713802495617e-01,0.000000000000000000e+00,6.229828475358166751e-01,2.954120191398975637e-01,2.876703553596647589e-02,1.000000000000000000e+00
9.996620768307057370e-01,1.995919706185052267e-02,1.606578664039903792e-02,0.000000000000000000e+00,2.301734249067843852e-02,-9.750126515480009859e-01,-2.209101133203537903e-01,0.000000000000000000e+00,1.125537344756003151e-02,2.212095133568298955e-01,-9.751613547352000477e-01,0.000000000000000000e+00,6.229814050752734422e-01,2.954109573873396899e-01,2.876242633664254089e-02,1.000000000000000000e+00
9.996618759297238865e-01,1.997020737599241452e-02,1.606460491992145814e-02,0.000000000000000000e+00,2.302802835811995630e-02,-9.750083048119273510e-01,-2.209281837134354776e-01,0.000000000000000000e+00,1.125135818999798039e-02,2.212276780727188974e-01,-9.751572803365792241e-01,0.000000000000000000e+00,6.229758457128561355e-01,2.954270753251023729e-01,2.876311729137791609e-02,1.000000000000000000e+00
9.996585062213096951e-01,2.006932109106912207e-02,1.615054771615203125e-02,0.000000000000000000e+00,2.314442378938739997e-02,-9.749916900750695836e-01,-2.209893364694882067e-01,0.000000000000000000e+00,1.131176164856520679e-02,2.212919256620069774e-01,-9.751420038564674320e-01,0.000000000000000000e+00,6.229724820484673353e-01,2.955159206904159896e-01,2.882212493511352586e-02,1.000000000000000000e+00
9.996628549343662407e-01,1.997361594260408865e-02,1.599931348083895657e-02,0.000000000000000000e+00,2.301594340248765483e-02,-9.750275973109983063e-01,-2.208442839025804849e-01,0.000000000000000000e+00,1.118892869360770849e-02,2.211423243105598291e-01,-9.751773583678061685e-01,0.000000000000000000e+00,6.229568458301469880e-01,2.953984154709842214e-01,2.872432030861537741e-02,1.000000000000000000e+00
9.996650977694566675e-01,1.990360258332122753e-02,1.594634149253402328e-02,0.000000000000000000e+00,2.293219237516256823e-02,-9.751036909457875268e-01,-2.205167870208058489e-01,0.000000000000000000e+00,1.116047282832481786e-02,2.208128713597738713e-01,-9.752523364176576282e-01,0.000000000000000000e+00,6.229994197477793927e-01,2.952486696165427804e-01,2.876561208178155665e-02,1.000000000000000000e+00
9.996686255960340883e-01,2.008866824353224001e-02,1.548648792805470617e-02,0.000000000000000000e+00,2.299693885023780179e-02,-9.753946611451934645e-01,-2.192193940192794510e-01,0.000000000000000000e+00,1.070181800907211989e-02,2.195071183313697383e-01,-9.755522005987987688e-01,0.000000000000000000e+00,6.230052715939108365e-01,2.948904673191497516e-01,2.898273238906382693e-02,1.000000000000000000e+00
9.996714186863179252e-01,2.098698488260347661e-02,1.404806137622129081e-02,0.000000000000000000e+00,2.350160899727074537e-02,-9.767041233913144049e-01,-2.132544879390634307e-01,0.000000000000000000e+00,9.245408760053369299e-03,2.135186794411305378e-01,-9.768952328405412500e-01,0.000000000000000000e+00,6.230982923366918946e-01,2.931500153433524991e-01,2.988572610747299366e-02,1.000000000000000000e+00
9.997395200213132771e-01,2.059592087670584354e-02,8.800400672884664544e-03,0.000000000000000000e+00,2.194545136856198078e-02,-9.793114610678090859e-01,-2.011173942916710533e-01,0.000000000000000000e+00,4.476221482318814941e-03,2.012620109194622753e-01,-9.795272157535468427e-01,0.000000000000000000e+00,6.224238404697809424e-01,2.895494848055780723e-01,3.075924989842572857e-02,1.000000000000000000e+00
9.997944475580372581e-01,1.950197703216532963e-02,3.388572732626536112e-03,0.000000000000000000e+00,1.978978999864173388e-02,-9.812121191980949231e-01,-1.918642443286441013e-01,0.000000000000000000e+00,-4.168314794512708883e-04,1.918955598916431415e-01,-9.814152639659680100e-01,0.000000000000000000e+00,6.216437128761398423e-01,2.868060093137793642e-01,3.109598730025157909e-02,1.000000000000000000e+00
9.998539291785696337e-01,1.628528463830626258e-02,-2.767076369327115589e-03,0.000000000000000000e+00,1.551517522645253465e-02,-9.833381486988964637e-01,-1.810693556412229788e-01,0.000000000000000000e+00,-5.669846912337452201e-03,1.810034598944685602e-01,-9.834661155028280310e-01,0.000000000000000000e+00,6.209571746306110640e-01,2.836459382585192479e-01,3.179257024230086603e-02,1.000000000000000000e+00
9.998942245516821981e-01,1.002922274267793908e-02,-9.576079603683267799e-03,0.000000000000000000e+00,8.272095730046185105e-03,-9.856483144468188851e-01,-1.685518304901670872e-01,0.000000000000000000e+00,-1.112930484565656866e-02,1.684580309366439099e-01,-9.856459964848439670e-01,0.000000000000000000e+00,6.202598719397917071e-01,2.799920199980258650e-01,3.283166600333479318e-02,1.000000000000000000e+00
9.997112891645678623e-01,-2.380091784419104736e-03,-2.350362485285783717e-02,0.000000000000000000e+00,-5.566723159722630938e-03,-9.906199601253274922e-01,-1.364619107874638360e-01,0.000000000000000000e+00,-2.295881007002555790e-02,1.365559800537761437e-01,-9.903662743408223612e-01,0.000000000000000000e+00,6.185914925211168924e-01,2.714759500507522016e-01,3.594313723353903534e-02,1.000000000000000000e+00
9.994522307855783216e-01,-6.735823219986461496e-03,-3.210317685975446617e-02,0.000000000000000000e+00,-9.757254584750301926e-03,-9.954284649628241111e-01,-9.490897758343030954e-02,0.000000000000000000e+00,-3.131772893027282012e-02,9.517206059402262552e-02,-9.949680792552784148e-01,0.000000000000000000e+00,6.172797007609198694e-01,2.617846266940004885e-01,4.125520155751951495e-02,1.000000000000000000e+00
9.993020663524713187e-01,-9.933729047526790312e-03,-3.574140612930581246e-02,0.000000000000000000e+00,-1.248907340417000113e-02,-9.973169894179636508e-01,-7.199717053470275352e-02,0.000000000000000000e+00,-3.493098370384375984e-02,7.239469215373696420e-02,-9.967641822043203925e-01,0.000000000000000000e+00,6.167343626511231358e-01,2.565987643657468564e-01,4.476284209588252128e-02,1.000000000000000000e+00
9.991006758504417107e-01,-1.476663475955170696e-02,-3.950358103105329477e-02,0.000000000000000000e+00,-1.666741394751853483e-02,-9.986876531711995630e-01,-4.822774737546611096e-02,0.000000000000000000e+00,-3.874032297225701166e-02,4.884373792833816841e-02,-9.980548465095456789e-01,0.000000000000000000e+00,6.161832003327498697e-01,2.512554278127235863e-01,4.879934637096240702e-02,1.000000000000000000e+00
9.988910482282468140e-01,-1.919985949916621845e-02,-4.276430831773781610e-02,0.000000000000000000e+00,-2.024986479587185043e-02,-9.994910213814052202e-01,-2.425671154366216761e-02,0.000000000000000000e+00,-4.227763072101588249e-02,2.509626666284350827e-02,-9.987906584165698876e-01,0.000000000000000000e+00,6.156512667541496064e-01,2.459143977343006271e-01,5.348304159521091034e-02,1.000000000000000000e+00
9.984570753767795237e-01,-2.720929762199255850e-02,-4.820653123980228605e-02,0.000000000000000000e+00,-2.613164178272549612e-02,-9.993877892218933079e-01,2.284580821779690074e-02,0.000000000000000000e+00,-4.879957662008470309e-02,-2.155125798031284554e-02,-9.985760584958794928e-01,0.000000000000000000e+00,6.142891984984963916e-01,2.352550706063024633e-01,6.440317220507178753e-02,1.000000000000000000e+00
9.980675808393683068e-01,-3.101791066834414662e-02,-5.366321082855141783e-02,0.000000000000000000e+00,-2.755323618010879771e-02,-9.975508233235921285e-01,6.413985472102960717e-02,0.000000000000000000e+00,-5.552233340519647370e-02,-6.253851857494087396e-02,-9.964969664718976716e-01,0.000000000000000000e+00,6.125933851344980141e-01,2.252800025746997392e-01,7.716839298991158558e-02,1.000000000000000000e+00
9.976599769147984631e-01,-3.304919252136748892e-02,-5.969144190968476288e-02,0.000000000000000000e+00,-2.676071427945763553e-02,-9.942871707782264812e-01,1.032358130606386426e-01,0.000000000000000000e+00,-6.276350354892876182e-02,-1.013988054942028955e-01,-9.928640515531883537e-01,0.000000000000000000e+00,6.099952047600781802e-01,2.156371419444448601e-01,9.125352703824363143e-02,1.000000000000000000e+00
9.975020524884278261e-01,-3.434198150760732482e-02,-6.157134470444337176e-02,0.000000000000000000e+00,-2.661672319863334427e-02,-9.921430236926185309e-01,1.221659424121301490e-01,0.000000000000000000e+00,-6.528425756732411656e-02,-1.202242655509788566e-01,-9.905978455895262380e-01,0.000000000000000000e+00,6.086215571508544198e-01,2.109562029039662445e-01,9.896347036361118066e-02,1.000000000000000000e+00
9.970886447450818535e-01,-3.768820000323162833e-02,-6.614061537467683105e-02,0.000000000000000000e+00,-2.655244172711282435e-02,-9.864540725785843067e-01,1.618149481125332467e-01,0.000000000000000000e+00,-7.134456713118042526e-02,-1.595907250934863741e-01,-9.846018247012340296e-01,0.000000000000000000e+00,6.048307910816000943e-01,2.012621667609532927e-01,1.151800875601879659e-01,1.000000000000000000e+00
9.967551659050212232e-01,-3.989597630871639239e-02,-6.977246747275335503e-02,0.000000000000000000e+00,-2.650995517947107166e-02,-9.827087051699673337e-01,1.831981712811482643e-01,0.000000000000000000e+00,-7.587634192260293842e-02,-1.807575387661248256e-01,-9.805964985230455344e-01,0.000000000000000000e+00,6.022006917492419564e-01,1.961638174248931943e-01,1.234793583044313386e-01,1.000000000000000000e+00
9.958067634080882691e-01,-4.566267131838124688e-02,-7.914895640490771100e-02,0.000000000000000000e+00,-2.638701740133139739e-02,-9.729776521857080862e-01,2.293446327278175767e-01,0.000000000000000000e+00,-8.748433870329692941e-02,-2.262987884846821840e-01,-9.701213062354687722e-01,0.000000000000000000e+00,5.954001155772932208e-01,1.855019928145159591e-01,1.407439531054100468e-01,1.000000000000000000e+00
9.951815188068747764e-01,-4.903303772144981115e-02,-8.479535799946343044e-02,0.000000000000000000e+00,-2.599932288040832443e-02,-9.668574797247471153e-01,2.539515623328170713e-01,0.000000000000000000e+00,-9.443886090372387299e-02,-2.505281030566819944e-01,-9.634920711298187168e-01,0.000000000000000000e+00,5.912618968554123056e-01,1.800357307087232239e-01,1.496362134632433505e-01,1.000000000000000000e+00
9.944543805013026372e-01,-5.289938849699999529e-02,-9.079034474888773854e-02,0.000000000000000000e+00,-2.558099642066826579e-02,-9.599112268320199037e-01,2.790999751436398224e-01,0.000000000000000000e+00,-1.019168514422427452e-01,-2.752349845216926494e-01,-9.559595486669105746e-01,0.000000000000000000e+00,5.867938803811154624e-01,1.744320263500060419e-01,1.588085674740052911e-01,1.000000000000000000e+00
9.927957232866470028e-01,-6.194527914014942571e-02,-1.024703914172302027e-01,0.000000000000000000e+00,-2.513482139192392203e-02,-9.445207949566641892e-01,3.274590898864092048e-01,0.000000000000000000e+00,-1.170722142938232374e-01,-3.225306187181978257e-01,-9.392912735832253945e-01,0.000000000000000000e+00,5.770410755645901668e-01,1.635732765903492314e-01,1.772162178812529965e-01,1.000000000000000000e+00
9.915250983655978789e-01,-7.219869272434419061e-02,-1.079169818943978149e-01,0.000000000000000000e+00,-2.715020533080212545e-02,-9.280519648074864181e-01,3.714339293450019674e-01,0.000000000000000000e+00,-1.269720558208999317e-01,-3.653631294854370881e-01,-9.221647795558135519e-01,0.000000000000000000e+00,5.676231811035981067e-01,1.536309170384914102e-01,1.958689103170590529e-01,1.000000000000000000e+00
9.911635707151313923e-01,-7.752399262792022960e-02,-1.075432636452190033e-01,0.000000000000000000e+00,-2.948597770095945023e-02,-9.197864818154282140e-01,3.912852564176473869e-01,0.000000000000000000e+00,-1.292533239721360694e-01,-3.846640796208964375e-01,-9.139623209364610146e-01,0.000000000000000000e+00,5.634009710797071024e-01,1.489634617498120372e-01,2.052051328374838446e-01,1.000000000000000000e+00
9.909191296579724639e-01,-8.273250724930400479e-02,-1.059025855366065305e-01,0.000000000000000000e+00,-3.231815731413255344e-02,-9.116086588456705497e-01,4.097632691281944406e-01,0.000000000000000000e+00,-1.304449680728187733e-01,-4.026274374167994052e-01,-9.060216647209172747e-01,0.000000000000000000e+00,5.594515259205405933e-01,1.443930862124905012e-01,2.146133705807965752e-01,1.000000000000000000e+00
9.907565882300738425e-01,-8.750326459598928297e-02,-1.035630651581748163e-01,0.000000000000000000e+00,-3.517969603327062572e-02,-9.035948962284526820e-01,4.269184926869611374e-01,0.000000000000000000e+00,-1.309383399100034762e-01,-4.193370656522730222e-01,-8.983382305745166718e-01,0.000000000000000000e+00,5.556687948492802231e-01,1.398873138061373922e-01,2.238424042832257155e-01,1.000000000000000000e+00
9.903398455324941008e-01,-9.800280752880306812e-02,-9.799585179157405124e-02,0.000000000000000000e+00,-4.244636753482671637e-02,-8.875766456798463988e-01,4.586793551360461296e-01,0.000000000000000000e+00,-1.319332341061282277e-01,-4.500975395447371907e-01,-8.831793853085970758e-01,0.000000000000000000e+00,5.482910106690840335e-01,1.306579291015884103e-01,2.418850402963174384e-01,1.000000000000000000e+00
9.892539749721658282e-01,-1.055194773565718835e-01,-1.011086534445683194e-01,0.000000000000000000e+00,-4.363922929996794098e-02,-8.735729356731452011e-01,4.847129982027673645e-01,0.000000000000000000e+00,-1.394751307782949867e-01,-4.751011036493700823e-01,-8.688070149380286988e-01,0.000000000000000000e+00,5.397175066177356539e-01,1.213877299279222249e-01,2.587077772180215174e-01,1.000000000000000000e+00
9.885189292243741210e-01,-1.043344481193256013e-01,-1.092034633239292590e-01,0.000000000000000000e+00,-3.717997960199651702e-02,-8.688880214848186956e-01,4.935909259074773292e-01,0.000000000000000000e+00,-1.463869364402315132e-01,-4.838731070708089388e-01,-8.628080209949864354e-01,0.000000000000000000e+00,5.348753268578803066e-01,1.169687589540912842e-01,2.666372130821802466e-01,1.000000000000000000e+00
9.872932829611107408e-01,-1.040533008532133624e-01,-1.200234598011195447e-01,0.000000000000000000e+00,-3.029616323733785171e-02,-8.650555776173970424e-01,5.007411876681767682e-01,0.000000000000000000e+00,-1.559337390036100446e-01,-4.907516092455301293e-01,-8.572324813393835674e-01,0.000000000000000000e+00,5.296113712275324348e-01,1.123863494492568227e-01,2.742746673448097083e-01,1.000000000000000000e+00
9.856207273264343538e-01,-1.034679302948005170e-01,-1.335174751342632360e-01,0.000000000000000000e+00,-2.202041231486489073e-02,-8.623901134814154767e-01,5.057461225874133603e-01,0.000000000000000000e+00,-1.674758795211831741e-01,-4.955432920773922278e-01,-8.522843864906283207e-01,0.000000000000000000e+00,5.241734981359582601e-01,1.076193399577567295e-01,2.816869203175437764e-01,1.000000000000000000e+00
9.787781890946110064e-01,-1.033704761451155335e-01,-1.768856922292310618e-01,0.000000000000000000e+00,8.490922262544936235e-04,-8.613186112828031815e-01,5.080455450070037182e-01,0.000000000000000000e+00,-2.048757931713433011e-01,-4.974236677327634193e-01,-8.429683292696699137e-01,0.000000000000000000e+00,5.090932580598362955e-01,9.202907658922586387e-02,3.027924961097738232e-01,1.000000000000000000e+00
9.765601707551736510e-01,-1.025221803454807457e-01,-1.892093611136698994e-01,0.000000000000000000e+00,7.354542149621401577e-03,-8.628044837116637389e-01,5.054652119562995649e-01,0.000000000000000000e+00,-2.150762216313869546e-01,-4.950182725559627017e-01,-8.418426983258078256e-01,0.000000000000000000e+00,5.050082119513823464e-01,8.659279333508206056e-02,3.093894528951447453e-01,1.000000000000000000e+00
9.725242831985293490e-01,-1.002432210461441930e-01,-2.100679940511856747e-01,0.000000000000000000e+00,1.803655701210016282e-02,-8.673304380720048279e-01,4.973865103781782704e-01,0.000000000000000000e+00,-2.320624591319837005e-01,-4.875187490759161912e-01,-8.417080754994988867e-01,0.000000000000000000e+00,4.981291824636424614e-01,7.459489859995023509e-02,3.208158529244817814e-01,1.000000000000000000e+00
9.694921939537511912e-01,-9.735479411064716648e-02,-2.249170443243981576e-01,0.000000000000000000e+00,2.627232704076815778e-02,-8.711379843030275794e-01,4.903153312283119458e-01,0.000000000000000000e+00,-2.436730202099080256e-01,-4.812752463870947350e-01,-8.420199501418140775e-01,0.000000000000000000e+00,4.939954526790299449e-01,6.826517059361797424e-02,3.253957032835583796e-01,1.000000000000000000e+00
9.602200670058705922e-01,-8.934697826431692302e-02,-2.645284243620807940e-01,0.000000000000000000e+00,4.708472043281275443e-02,-8.820236995558019544e-01,4.688261611992960987e-01,0.000000000000000000e+00,-2.752138390471582929e-01,-4.626404420906508053e-01,-8.427462038710658021e-01,0.000000000000000000e+00,4.839075319766506511e-01,5.547508429189154655e-02,3.325661922926654301e-01,1.000000000000000000e+00
9.478684635645678869e-01,-7.874259872238696667e-02,-3.087486450616404587e-01,0.000000000000000000e+00,6.807118249257895770e-02,-8.965603115003948353e-01,4.376375999129702432e-01,0.000000000000000000e+00,-3.112784963832074814e-01,-4.358481562175295365e-01,-8.444774019541252397e-01,0.000000000000000000e+00,4.729634184307395794e-01,4.230736000974157779e-02,3.388113260020901296e-01,1.000000000000000000e+00
9.413263113953046490e-01,-6.636326590924451763e-02,-3.308797958684958629e-01,0.000000000000000000e+00,8.304639374577491018e-02,-9.047598288051200699e-01,4.177244253901847837e-01,0.000000000000000000e+00,-3.270946021686982896e-01,-4.207014661493720387e-01,-8.461792940103590732e-01,0.000000000000000000e+00,4.681877579701598235e-01,3.598699967194363136e-02,3.417302561853359788e-01,1.000000000000000000e+00
9.352592434492015272e-01,-4.946234697894498489e-02,-3.504630803313957266e-01,0.000000000000000000e+00,9.992346575089142147e-02,-9.129973119212704269e-01,3.955147991138551200e-01,0.000000000000000000e+00,-3.395414777249042837e-01,-4.049361536724041533e-01,-8.489630712542139968e-01,0.000000000000000000e+00,4.642912689879372112e-01,2.953721450989084396e-02,3.448631762083749774e-01,1.000000000000000000e+00
9.225161463207386392e-01,-2.786801127507428002e-03,-3.859234903685155871e-01,0.000000000000000000e+00,1.411123400751818080e-01,-9.282878612845623101e-01,3.440199136263015767e-01,0.000000000000000000e+00,-3.592137225541291445e-01,-3.718296506650102251e-01,-8.559837687801922224e-01,0.000000000000000000e+00,4.582921963419880340e-01,1.688616415328685408e-02,3.507420514896301689e-01,1.000000000000000000e+00
9.147979648329924718e-01,2.337484657540021826e-02,-4.032109212139475818e-01,0.000000000000000000e+00,1.624002196680318921e-01,-9.353438574587155108e-01,3.142272805903930100e-01,0.000000000000000000e+00,-3.698029637971256278e-01,-3.529428141996613366e-01,-8.594632847723543412e-01,0.000000000000000000e+00,4.553965970382264916e-01,1.070182473656297595e-02,3.533951323790511245e-01,1.000000000000000000e+00
8.985629227524986051e-01,7.131213641266670455e-02,-4.329896072147189079e-01,0.000000000000000000e+00,1.969818491781750169e-01,-9.472498420861499291e-01,2.527778365745670941e-01,0.000000000000000000e+00,-3.921307592274290155e-01,-3.124339004643350015e-01,-8.652274414905956057e-01,0.000000000000000000e+00,4.497667277276691244e-01,-8.036672872905224144e-04,3.582058744647421134e-01,1.000000000000000000e+00
8.897747093905667981e-01,9.273814115480434606e-02,-4.468571926301428410e-01,0.000000000000000000e+00,2.106504475715309244e-01,-9.520421189568720743e-01,2.218624338891813375e-01,0.000000000000000000e+00,-4.048595536327397881e-01,-2.915438633893315257e-01,-8.666550164582915716e-01,0.000000000000000000e+00,4.467109297833142811e-01,-6.550489180870060733e-03,3.601430009745402727e-01,1.000000000000000000e+00
8.799294470518685962e-01,1.151102942816509267e-01,-4.609279067951872477e-01,0.000000000000000000e+00,2.247048333550155097e-01,-9.556519925828464990e-01,1.903096262424425200e-01,0.000000000000000000e+00,-4.185881346031712358e-01,-2.710369909752122775e-01,-8.667888572729463004e-01,0.000000000000000000e+00,4.434544362961735375e-01,-1.208412967315647402e-02,3.617517383922373431e-01,1.000000000000000000e+00
8.570689053332792851e-01,1.628875538948823254e-01,-4.887548293348767947e-01,0.000000000000000000e+00,2.536188023678870862e-01,-9.591737780130934476e-01,1.250756313546963761e-01,0.000000000000000000e+00,-4.484361863182508845e-01,-2.311602994685532930e-01,-8.634059895263361817e-01,0.000000000000000000e+00,4.366507774097505012e-01,-2.314365294095357961e-02,3.642187843985340012e-01,1.000000000000000000e+00
8.315628343893460839e-01,2.151026089353165471e-01,-5.120692013710506085e-01,0.000000000000000000e+00,2.836815290699364889e-01,-9.571146183377327032e-01,5.862716375510005490e-02,0.000000000000000000e+00,-4.775072558489311669e-01,-1.940204799944290903e-01,-8.569380805836291914e-01,0.000000000000000000e+00,4.302624826915902312e-01,-3.411383477473826226e-02,3.657696589017936928e-01,1.000000000000000000e+00
8.178145701543931834e-01,2.415881987853124580e-01,-5.222980164159747307e-01,0.000000000000000000e+00,2.980512796717528223e-01,-9.542038110652585337e-01,2.532328050974467018e-02,0.000000000000000000e+00,-4.922704297814803898e-01,-1.763847358805206711e-01,-8.523838624182860091e-01,0.000000000000000000e+00,4.269711423952369245e-01,-3.959986368300966869e-02,3.661699471767546066e-01,1.000000000000000000e+00
8.040932956581706703e-01,2.662017740262812016e-01,-5.315555796754003470e-01,0.000000000000000000e+00,3.105550031669960243e-01,-9.505248108394789286e-01,-6.238660731971236266e-03,0.000000000000000000e+00,-5.069272692968243010e-01,-1.600638611863968164e-01,-8.469972278498714147e-01,0.000000000000000000e+00,4.235955512350209617e-01,-4.542611658925695822e-02,3.663809490808696001e-01,1.000000000000000000e+00
7.749307563601699478e-01,3.140179221668208953e-01,-5.485032491301171653e-01,0.000000000000000000e+00,3.322792246685897233e-01,-9.406385530906060666e-01,-6.906791001948810182e-02,0.000000000000000000e+00,-5.376422154986637558e-01,-1.287358651618696059e-01,-8.332874204827006581e-01,0.000000000000000000e+00,4.160106806176634975e-01,-5.691992424084422325e-02,3.662955638847973927e-01,1.000000000000000000e+00
7.411593755782980297e-01,3.681111393301910728e-01,-5.613890950086444231e-01,0.000000000000000000e+00,3.570608440154804941e-01,-9.243098495093203804e-01,-1.346833422224841259e-01,0.000000000000000000e+00,-5.684868536114847659e-01,-1.006301797052500252e-01,-8.165147054422252637e-01,0.000000000000000000e+00,4.077969444532557053e-01,-6.823965353928729272e-02,3.656091649700886070e-01,1.000000000000000000e+00
7.230689520379729451e-01,3.967717637631608119e-01,-5.654416017416712403e-01,0.000000000000000000e+00,3.708122127368854160e-01,-9.135810946964225687e-01,-1.668790975516990793e-01,0.000000000000000000e+00,-5.828008920999983022e-01,-8.900927103585672129e-02,-8.077254916350676828e-01,0.000000000000000000e+00,4.038707089446176846e-01,-7.382070463908028957e-02,3.651250040303543054e-01,1.000000000000000000e+00
7.049930944802944577e-01,4.252316107905010911e-01,-5.675769206203001849e-01,0.000000000000000000e+00,3.839650752416070012e-01,-9.017162926854750404e-01,-1.986436392172625798e-01,0.000000000000000000e+00,-5.962743914829852221e-01,-7.788882072192820916e-02,-7.989932300515086849e-01,0.000000000000000000e+00,4.001148408435072912e-01,-7.939272521745667499e-02,3.645108324353764639e-01,1.000000000000000000e+00
6.867653352702430825e-01,4.534082952645841491e-01,-5.681153394845298576e-01,0.000000000000000000e+00,3.963184444542984797e-01,-8.887671481837844389e-01,-2.302290029422801032e-01,0.000000000000000000e+00,-6.093217211889463414e-01,-6.704257999796171819e-02,-7.900837503420489183e-01,0.000000000000000000e+00,3.964352379651852054e-01,-8.451083995710605146e-02,3.638378291152867816e-01,1.000000000000000000e+00
6.486767449125434570e-01,5.102832360579274695e-01,-5.646328422161829286e-01,0.000000000000000000e+00,4.188539831845486394e-01,-8.588078008335182645e-01,-2.949427891967222881e-01,0.000000000000000000e+00,-6.354276843772957983e-01,-4.517705636583400908e-02,-7.708376557388889605e-01,0.000000000000000000e+00,3.889430426494988602e-01,-9.397487271058325986e-02,3.623698015943677131e-01,1.000000000000000000e+00
6.086546013910487662e-01,5.679429873202140877e-01,-5.540406900765528775e-01,0.000000000000000000e+00,4.392725377647365703e-01,-8.227125200615156286e-01,-3.607831672916110843e-01,0.000000000000000000e+00,-6.607332033175865593e-01,-2.378298297449840323e-02,-7.502439628244373937e-01,0.000000000000000000e+00,3.816282806609965217e-01,-1.022205731083961205e-01,3.606513324644469165e-01,1.000000000000000000e+00
5.874917767960464721e-01,5.982643147949550100e-01,-5.448981269385640980e-01,0.000000000000000000e+00,4.504121269504012259e-01,-8.011653494171343537e-01,-3.940098294339177687e-01,0.000000000000000000e+00,-6.722884625304220707e-01,-1.395145816525110265e-02,-7.401578074732066970e-01,0.000000000000000000e+00,3.783980546605633655e-01,-1.057850965050126518e-01,3.595602679228135923e-01,1.000000000000000000e+00
5.657025546663281279e-01,6.290212600008610044e-01,-5.331919176170319963e-01,0.000000000000000000e+00,4.616387769027683885e-01,-7.773631320531502187e-01,-4.272902379945520135e-01,0.000000000000000000e+00,-6.832715380480256506e-01,-4.422970641557585729e-03,-7.301509724873269658e-01,0.000000000000000000e+00,3.754481232910945598e-01,-1.092329051211550217e-01,3.582892734316063810e-01,1.000000000000000000e+00
5.430531552263440087e-01,6.601358155283113538e-01,-5.189361449703537854e-01,0.000000000000000000e+00,4.730350383906303247e-01,-7.511194324807358713e-01,-4.604760553012508528e-01,0.000000000000000000e+00,-6.937731162837710297e-01,4.588083814018717628e-03,-7.201790142796588023e-01,0.000000000000000000e+00,3.727396200443461316e-01,-1.122839435213841414e-01,3.571002293148844431e-01,1.000000000000000000e+00
4.754865466175385857e-01,7.464000616068143801e-01,-4.655966483129779787e-01,0.000000000000000000e+00,5.047069690906201833e-01,-6.649436856194522738e-01,-5.505465622519012392e-01,0.000000000000000000e+00,-7.205374119015092171e-01,2.678812620295996025e-02,-6.928984300348852710e-01,0.000000000000000000e+00,3.672041231902988812e-01,-1.204353025170196712e-01,3.540375645663393911e-01,1.000000000000000000e+00
4.523786554488370415e-01,7.723412560686799821e-01,-4.458960452501956051e-01,0.000000000000000000e+00,5.139380225039381633e-01,-6.343837497868188846e-01,-5.774129492246989903e-01,0.000000000000000000e+00,-7.288430801632831413e-01,3.204697887445517174e-02,-6.839303733883430603e-01,0.000000000000000000e+00,3.659186178795459377e-01,-1.227903477061740994e-01,3.530719734155706169e-01,1.000000000000000000e+00
4.070099513142858005e-01,8.176859786483620107e-01,-4.070789686955363362e-01,0.000000000000000000e+00,5.309511567812710275e-01,-5.744302981622979587e-01,-6.229778877030964779e-01,0.000000000000000000e+00,-7.432530870712861226e-01,3.741987086216257835e-02,-6.679630242937569795e-01,0.000000000000000000e+00,3.644842763019354170e-01,-1.278959902080365474e-01,3.512487183509758748e-01,1.000000000000000000e+00
3.844261577124072349e-01,8.374293099804721585e-01,-3.884706255990453827e-01,0.000000000000000000e+00,5.383377160509983383e-01,-5.452124150917859735e-01,-6.425859264004970539e-01,0.000000000000000000e+00,-7.499337354720997384e-01,3.789917902495616719e-02,-6.604264112148281463e-01,0.000000000000000000e+00,3.642673355036916694e-01,-1.305420874937891773e-01,3.503373103656051146e-01,1.000000000000000000e+00
3.394430594725340034e-01,8.703493464939416890e-01,-3.567228214380214202e-01,0.000000000000000000e+00,5.496075262685857776e-01,-4.912880476503927452e-01,-6.756836302634536828e-01,0.000000000000000000e+00,-7.633491613698928369e-01,3.329921235105896826e-02,-6.451272899922004811e-01,0.000000000000000000e+00,3.645493879540382398e-01,-1.361300042711212077e-01,3.488940806611596779e-01,1.000000000000000000e+00
3.174205819126877937e-01,8.841845190488737405e-01,-3.426990769665577141e-01,0.000000000000000000e+00,5.530100172033399764e-01,-4.661736398044143415e-01,-6.905380549437328819e-01,0.000000000000000000e+00,-7.703351654015249128e-01,2.967554013035620872e-02,-6.369482673371338333e-01,0.000000000000000000e+00,3.649192021425258781e-01,-1.388061782823278301e-01,3.485404918006438924e-01,1.000000000000000000e+00
2.696783162330032013e-01,9.100089987916930578e-01,-3.148618344180206252e-01,0.000000000000000000e+00,5.563033992338107803e-01,-4.141239535120695425e-01,-7.204225329830050706e-01,0.000000000000000000e+00,-7.859979485222462481e-01,1.912399509160063113e-02,-6.179332469859160071e-01,0.000000000000000000e+00,3.654480467673407174e-01,-1.445228592851359184e-01,3.491510207796861831e-01,1.000000000000000000e+00
2.449566611043704767e-01,9.212180440127716308e-01,-3.022156456358441878e-01,0.000000000000000000e+00,5.544293794779278084e-01,-3.888151064448892580e-01,-7.358067837912188880e-01,0.000000000000000000e+00,-7.953598077036392322e-01,1.268378429919212250e-02,-6.060048662391100960e-01,0.000000000000000000e+00,3.653472251550486938e-01,-1.475432935166586523e-01,3.503791580059917310e-01,1.000000000000000000e+00
2.221061148133075536e-01,9.301519780028280060e-01,-2.923472566677733364e-01,0.000000000000000000e+00,5.498568599013077263e-01,-3.671013482984106790e-01,-7.502498121280477550e-01,0.000000000000000000e+00,-8.051829211075602899e-01,5.886039683574662180e-03,-5.929973171048411595e-01,0.000000000000000000e+00,3.650211908832692864e-01,-1.505612090226299549e-01,3.520275857226543570e-01,1.000000000000000000e+00
1.784280951981445096e-01,9.449964711624092573e-01,-2.740909178279428149e-01,0.000000000000000000e+00,5.364923320654138017e-01,-3.269474432729560509e-01,-7.779859213851491040e-01,0.000000000000000000e+00,-8.248231555328844333e-01,-8.233288176047792728e-03,-5.653308545113963079e-01,0.000000000000000000e+00,3.643403083215266958e-01,-1.564422424543167600e-01,3.563051491547888916e-01,1.000000000000000000e+00
1.410032242393688684e-01,9.561598855612167824e-01,-2.566264033548988355e-01,0.000000000000000000e+00,5.204363576869835972e-01,-2.920993363014523503e-01,-8.023744277025318672e-01,0.000000000000000000e+00,-8.421748575424264915e-01,-2.042072245724572965e-02,-5.388176903347899893e-01,0.000000000000000000e+00,3.638896135669726917e-01,-1.616614022476684787e-01,3.615284810524032610e-01,1.000000000000000000e+00
1.256972129702797480e-01,9.604046328108546415e-01,-2.486038994629006238e-01,0.000000000000000000e+00,5.132045915490369703e-01,-2.774052651576071615e-01,-8.121872400974002870e-01,0.000000000000000000e+00,-8.490087647987499819e-01,-2.549548105810463955e-02,-5.277632970759873476e-01,0.000000000000000000e+00,3.641115448641206176e-01,-1.640147925120464811e-01,3.639632306857562005e-01,1.000000000000000000e+00
1.127177678330531091e-01,9.638569288161572546e-01,-2.413612903699089707e-01,0.000000000000000000e+00,5.073194526935062010e-01,-2.646885656040689483e-01,-8.200900457013424738e-01,0.000000000000000000e+00,-8.543514954565012420e-01,-3.000913612716123863e-02,-5.188284629433329576e-01,0.000000000000000000e+00,3.646855086961525716e-01,-1.661961814192066400e-01,3.663003328521102775e-01,1.000000000000000000e+00
9.134359938253669431e-02,9.683441000536319176e-01,-2.322644993200050079e-01,0.000000000000000000e+00,5.005930150787313293e-01,-2.462784819036542838e-01,-8.299001683978772803e-01,0.000000000000000000e+00,-8.608472539714685512e-01,-4.046469657151852833e-02,-5.072520218403836489e-01,0.000000000000000000e+00,3.669358971036105199e-01,-1.707132719870145532e-01,3.693647083072300608e-01,1.000000000000000000e+00
7.021022646322226668e-02,9.721199045368068559e-01,-2.236831737179643675e-01,0.000000000000000000e+00,4.987228273157351399e-01,-2.284080381602627829e-01,-8.361136624402136786e-01,0.000000000000000000e+00,-8.639104015439900142e-01,-5.285319281840106242e-02,-5.008646105615797151e-01,0.000000000000000000e+00,3.698714275841645804e-01,-1.754294748933000192e-01,3.712780001550814446e-01,1.000000000000000000e+00
5.901721902475522835e-02,9.742002351139139593e-01,-2.177880085399266086e-01,0.000000000000000000e+00,4.971442846623874701e-01,-2.178719459278190274e-01,-8.398572035211444575e-01,0.000000000000000000e+00,-8.656556489064793913e-01,-5.870715747860461020e-02,-4.971858477240523322e-01,0.000000000000000000e+00,3.711053151027295383e-01,-1.777324022927807834e-01,3.721190245277814501e-01,1.000000000000000000e+00
4.946409813107545406e-02,9.759501870388699318e-01,-2.122622960303652551e-01,0.000000000000000000e+00,4.930772259205025154e-01,-2.086799321255539408e-01,-8.445758000960151834e-01,0.000000000000000000e+00,-8.685755143708262516e-01,-6.288673460360207079e-02,-4.915504393715363629e-01,0.000000000000000000e+00,3.718100175548431641e-01,-1.796898141232357304e-01,3.728671599705734030e-01,1.000000000000000000e+00
4.114654754968070927e-02,9.774870852056751769e-01,-2.068978172481854283e-01,0.000000000000000000e+00,4.869245639730181985e-01,-2.004364289681887790e-01,-8.501237873647429222e-01,0.000000000000000000e+00,-8.724716804091667832e-01,-6.576523679522494614e-02,-4.842190625257052350e-01,0.000000000000000000e+00,3.720461219102403350e-01,-1.813333876792572463e-01,3.736050696721229247e-01,1.000000000000000000e+00
2.551202536982940389e-02,9.804964048242016394e-01,-1.948247509675108957e-01,0.000000000000000000e+00,4.702502882328822853e-01,-1.837498398557406709e-01,-8.631809831495877994e-01,0.000000000000000000e+00,-8.821618518302888345e-01,-6.959624009979117898e-02,-4.657755151779959801e-01,0.000000000000000000e+00,3.716514891291698985e-01,-1.843489585519749452e-01,3.751508144385005128e-01,1.000000000000000000e+00
1.074811237262231038e-02,9.825378179656598654e-01,-1.857004610896633989e-01,0.000000000000000000e+00,4.554912105078408047e-01,-1.701354935494090170e-01,-8.738205867831274620e-01,0.000000000000000000e+00,-8.901731508228236667e-01,-7.519445367958443871e-02,-4.493746273322460349e-01,0.000000000000000000e+00,3.719159497436411166e-01,-1.876270181527611158e-01,3.752958133494999626e-01,1.000000000000000000e+00
3.353047553482271358e-03,9.833439658473366318e-01,-1.816704400967435740e-01,0.000000000000000000e+00,4.496769077487308697e-01,-1.637494591065790928e-01,-8.780418783754281309e-01,0.000000000000000000e+00,-8.931828157002242863e-01,-7.875040174917771751e-02,-4.427446577454802190e-01,0.000000000000000000e+00,3.723495937068855843e-01,-1.892990855872398737e-01,3.751080265610604036e-01,1.000000000000000000e+00
-4.763010061211160953e-03,9.842692016127053689e-01,-1.765565048165970985e-01,0.000000000000000000e+00,4.457201835021081249e-01,-1.559598093036935751e-01,-8.814708178958683416e-01,0.000000000000000000e+00,-8.951575315541768774e-01,-8.289484808234608149e-02,-4.379742433788064715e-01,0.000000000000000000e+00,3.731010680104660526e-01,-1.909104880350349920e-01,3.746643892232465189e-01,1.000000000000000000e+00
-1.326534934318054047e-02,9.856306255369968738e-01,-1.683361144008022614e-01,0.000000000000000000e+00,4.432378814192726724e-01,-1.451104980825252411e-01,-8.845698789368789949e-01,0.000000000000000000e+00,-8.963037571385025215e-01,-8.634873365661607791e-02,-4.349522630534335410e-01,0.000000000000000000e+00,3.741778964600045443e-01,-1.922731488962005908e-01,3.738299981008607609e-01,1.000000000000000000e+00
-3.401836524299520909e-02,9.891426205701482344e-01,-1.428998736844168671e-01,0.000000000000000000e+00,4.369902608875744221e-01,-1.138685594876553825e-01,-8.922187007403643566e-01,0.000000000000000000e+00,-8.988206516222312370e-01,-9.279946139776927561e-02,-4.283803172201910425e-01,0.000000000000000000e+00,3.773806917764385149e-01,-1.956859380142668414e-01,3.709074849799811058e-01,1.000000000000000000e+00
-3.646745958156704520e-02,9.887684342569357243e-01,-1.448718561693850271e-01,0.000000000000000000e+00,4.352464032064702337e-01,-1.147807282646952642e-01,-8.929539180809192844e-01,0.000000000000000000e+00,-8.995704641196626827e-01,-9.562055623140343352e-02,-4.261803483380384172e-01,0.000000000000000000e+00,3.783689069460046128e-01,-1.971502933336650165e-01,3.701887616734634290e-01,1.000000000000000000e+00
