9.996617899272075558e-01,2.018067697064181501e-02,1.580483906107054554e-02,0.000000000000000000e+00,2.317886488183652435e-02,-9.749434348873773359e-01,-2.211985214552757983e-01,0.000000000000000000e+00,1.094509890124028065e-02,2.214943125681901881e-01,-9.751002380832377581e-01,0.000000000000000000e+00,6.228459315959539166e-01,2.956729786672799842e-01,2.870293933870945655e-02,1.000000000000000000e+00
9.996613134513190335e-01,2.017364773674411305e-02,1.584390188640547731e-02,0.000000000000000000e+00,2.318073762487181042e-02,-9.749418915296109711e-01,-2.212051275288162144e-01,0.000000000000000000e+00,1.098458084123410394e-02,2.215017462552090199e-01,-9.750981055204832604e-01,0.000000000000000000e+00,6.228615650368389822e-01,2.956743370453697728e-01,2.872420387781080345e-02,1.000000000000000000e+00
9.996615807519270147e-01,2.017180480658084182e-02,1.582937650736010449e-02,0.000000000000000000e+00,2.317569770115334229e-02,-9.749425073791245788e-01,-2.212029413063451300e-01,0.000000000000000000e+00,1.097088069111038303e-02,2.214992033640537095e-01,-9.750988373933952014e-01,0.000000000000000000e+00,6.228582528349987379e-01,2.956706936454640000e-01,2.871536567646282637e-02,1.000000000000000000e+00
9.996617132998755206e-01,2.017420504127641692e-02,1.581794280298358391e-02,0.000000000000000000e+00,2.317548961589558504e-02,-9.749428345623997183e-01,-2.212015210564912404e-01,0.000000000000000000e+00,1.095923615130699018e-02,2.214975446071543175e-01,-9.750993451315520533e-01,0.000000000000000000e+00,6.228533662469865062e-01,2.956709681399265488e-01,2.871077886573944818e-02,1.000000000000000000e+00
9.996618753262634938e-01,2.017884102326743256e-02,1.580178139781079905e-02,0.000000000000000000e+00,2.317642598440441265e-02,-9.749429059796219654e-01,-2.212011081794298395e-01,0.000000000000000000e+00,1.094246335584106271e-02,2.214968079438098814e-01,-9.750997008339244987e-01,0.000000000000000000e+00,6.228457676504025597e-01,2.956723408356328742e-01,2.870118354413382991e-02,1.000000000000000000e+00
9.996620475987963994e-01,2.016512096465472581e-02,1.580839613215389433e-02,0.000000000000000000e+00,2.316446748832083624e-02,-9.749440608159275490e-01,-2.211972708397188792e-01,0.000000000000000000e+00,1.095204305730140305e-02,2.214929741952584852e-01,-9.751004641240869075e-01,0.000000000000000000e+00,6.228515691553950795e-01,2.956653643473590720e-01,2.870407449271407743e-02,1.000000000000000000e+00
9.996622329972990606e-01,2.017525946162063502e-02,1.578371710714496223e-02,0.000000000000000000e+00,2.316888537365718176e-02,-9.749440110825708938e-01,-2.211970273443534807e-01,0.000000000000000000e+00,1.092574340183802457e-02,2.214922698323993633e-01,-9.751009191543247301e-01,0.000000000000000000e+00,6.228400443085890803e-01,2.956696553937780969e-01,2.869187365868753475e-02,1.000000000000000000e+00
9.996621408276162857e-01,2.017429636444694960e-02,1.579078412728018854e-02,0.000000000000000000e+00,2.316952154683944720e-02,-9.749437958668294435e-01,-2.211979092877617292e-01,0.000000000000000000e+00,1.093282533036312766e-02,2.214933048907561652e-01,-9.751006046654191461e-01,0.000000000000000000e+00,6.228433360464856738e-01,2.956685800764198291e-01,2.869336798993351798e-02,1.000000000000000000e+00
9.996619257164329753e-01,2.016316268463872949e-02,1.581859806284088149e-02,0.000000000000000000e+00,2.316479896576996433e-02,-9.749444307721024661e-01,-2.211956055091167384e-01,0.000000000000000000e+00,1.096246216634864240e-02,2.214915240054952938e-01,-9.751006764519110082e-01,0.000000000000000000e+00,6.228564785075566546e-01,2.956616766893168102e-01,2.870830504564999414e-02,1.000000000000000000e+00
9.996605167035851336e-01,2.017069543443285318e-02,1.589783918714907096e-02,0.000000000000000000e+00,2.319005469465157399e-02,-9.749367190066715594e-01,-2.212269472667686976e-01,0.000000000000000000e+00,1.103729830340195034e-02,2.215247812122290161e-01,-9.750922773538081012e-01,0.000000000000000000e+00,6.228791696092970120e-01,2.956840222574566579e-01,2.875135292147628502e-02,1.000000000000000000e+00
9.996600438142340117e-01,2.022916105306013165e-02,1.585322508581894080e-02,0.000000000000000000e+00,2.323747718404338761e-02,-9.749297909188223699e-01,-2.212525013063376400e-01,0.000000000000000000e+00,1.098024033964026258e-02,2.215499396290026290e-01,-9.750872056244348496e-01,0.000000000000000000e+00,6.228449802797744184e-01,2.957297255444724660e-01,2.873445203065340056e-02,1.000000000000000000e+00
9.996578273125826808e-01,2.033190494139548721e-02,1.586155211033608153e-02,0.000000000000000000e+00,2.333953111376669068e-02,-9.749272196155593928e-01,-2.212530895632247030e-01,0.000000000000000000e+00,1.096557323399254165e-02,2.215518495476080651e-01,-9.750869367218922834e-01,0.000000000000000000e+00,6.228173021685602384e-01,2.957959456982622304e-01,2.873903423126080575e-02,1.000000000000000000e+00
9.996575172827856237e-01,2.035596048112960424e-02,1.585023388206437123e-02,0.000000000000000000e+00,2.336040060777111807e-02,-9.749283954008747255e-01,-2.212457060051753188e-01,0.000000000000000000e+00,1.094938504690065942e-02,2.215444664053209944e-01,-9.750887961474464793e-01,0.000000000000000000e+00,6.228047968355406860e-01,2.958119977414767066e-01,2.873247411003868046e-02,1.000000000000000000e+00
9.996505043683995284e-01,2.040608416211547871e-02,1.622367857119236256e-02,0.000000000000000000e+00,2.349600118658537462e-02,-9.748474150407462346e-01,-2.215879108115401397e-01,0.000000000000000000e+00,1.129408700642420792e-02,2.218959305599281506e-01,-9.750049433718963598e-01,0.000000000000000000e+00,6.229346320947879434e-01,2.960151570241853491e-01,2.900083813988320672e-02,1.000000000000000000e+00
9.996297398454108141e-01,2.003032496555502001e-02,1.788620137365409118e-02,0.000000000000000000e+00,2.348838459837045839e-02,-9.750209369343850740e-01,-2.208239462326530844e-01,0.000000000000000000e+00,1.301649602620491564e-02,2.211665600426820366e-01,-9.751491801514712288e-01,0.000000000000000000e+00,6.237445095012633667e-01,2.957066381216089113e-01,3.004843897557476010e-02,1.000000000000000000e+00
9.995925774278704434e-01,1.820561156893031954e-02,2.154023583242645201e-02,0.000000000000000000e+00,2.243494803550549407e-02,-9.760985298755580075e-01,-2.161228354029882948e-01,0.000000000000000000e+00,1.709107319280219264e-02,2.165222048764664786e-01,-9.761280807417394012e-01,0.000000000000000000e+00,6.257179776867779486e-01,2.930996143332525450e-01,3.194178601359094760e-02,1.000000000000000000e+00
9.995902370676245097e-01,1.735737464554728063e-02,2.233442199190185939e-02,0.000000000000000000e+00,2.168298819400355307e-02,-9.772438878514271288e-01,-2.109620311364446832e-01,0.000000000000000000e+00,1.816478009816539785e-02,2.113639331350022077e-01,-9.772386241515873539e-01,0.000000000000000000e+00,6.266571671924262565e-01,2.907617870755364042e-01,3.300234873907518379e-02,1.000000000000000000e+00
9.996286204703869194e-01,1.678767393981522166e-02,2.101290178366613595e-02,0.000000000000000000e+00,2.055449831283995971e-02,-9.807158322698743547e-01,-1.943057277475972733e-01,0.000000000000000000e+00,1.734607822486562353e-02,1.946692242178910404e-01,-9.807155585146088983e-01,0.000000000000000000e+00,6.277016318412310669e-01,2.839900204063672273e-01,3.502613104209065936e-02,1.000000000000000000e+00
9.996827134849809449e-01,1.560465766985524166e-02,1.927988380464332532e-02,0.000000000000000000e+00,1.871460682835197550e-02,-9.846618063539039900e-01,-1.734117570994985480e-01,0.000000000000000000e+00,1.627844751846595217e-02,1.737208959980981182e-01,-9.846603792374336583e-01,0.000000000000000000e+00,6.285916329661609403e-01,2.754484825303255002e-01,3.809412969533898519e-02,1.000000000000000000e+00
9.996784738428277084e-01,1.499091365784842485e-02,1.997419195327271996e-02,0.000000000000000000e+00,1.805378859893513877e-02,-9.864096503656452075e-01,-1.632507558449851348e-01,0.000000000000000000e+00,1.725578994294186749e-02,1.635620253715947825e-01,-9.863821275599973237e-01,0.000000000000000000e+00,6.292742852789682262e-01,2.712256918423017193e-01,4.035515114307836743e-02,1.000000000000000000e+00
9.995494466006760170e-01,1.444098163725468856e-02,2.594433947594249404e-02,0.000000000000000000e+00,1.805153372253704216e-02,-9.892841306310075078e-01,-1.448164283260841012e-01,0.000000000000000000e+00,2.357548584218152610e-02,1.452223118905003330e-01,-9.891181307591541128e-01,0.000000000000000000e+00,6.310912797802902263e-01,2.636995229456171042e-01,4.699698128792277607e-02,1.000000000000000000e+00
9.993995442436477417e-01,1.423305034065836840e-02,3.128447130443154367e-02,0.000000000000000000e+00,1.836805106541169672e-02,-9.905096862571174388e-01,-1.361393515192914627e-01,0.000000000000000000e+00,2.905045292419392716e-02,1.366348712731549619e-01,-9.901954267401297249e-01,0.000000000000000000e+00,6.323207439376312688e-01,2.600758374742844770e-01,5.135568078502709966e-02,1.000000000000000000e+00
9.992317212433055040e-01,1.417292772803832243e-02,3.627454041011266700e-02,0.000000000000000000e+00,1.867103718408835711e-02,-9.917384772059183451e-01,-1.268342702149723999e-01,0.000000000000000000e+00,3.417790255300875296e-02,1.274165625960457238e-01,-9.912602536938949216e-01,0.000000000000000000e+00,6.333401951045810607e-01,2.563002621589240970e-01,5.585219040176445104e-02,1.000000000000000000e+00
9.988994581635237680e-01,1.486683221436337771e-02,4.426733199253297252e-02,0.000000000000000000e+00,1.945582941244010031e-02,-9.942606493001080459e-01,-1.051093661688142916e-01,0.000000000000000000e+00,4.245144026046268615e-02,1.058569846487137645e-01,-9.934747978790876566e-01,0.000000000000000000e+00,6.348280831968453608e-01,2.484422557921673602e-01,6.599403214900671777e-02,1.000000000000000000e+00
9.986524025622156575e-01,1.641449864981249507e-02,4.903763852387209299e-02,0.000000000000000000e+00,2.026438852966447671e-02,-9.966532389424201943e-01,-7.907226292645323784e-02,0.000000000000000000e+00,4.757650570702547099e-02,7.996096260347122786e-02,-9.956619509473262353e-01,0.000000000000000000e+00,6.357671275280438739e-01,2.404560681601248529e-01,7.809388573372239017e-02,1.000000000000000000e+00
9.986876555032462299e-01,1.742130340264512467e-02,4.796052370846604768e-02,0.000000000000000000e+00,2.043028467545845300e-02,-9.977959895381595112e-01,-6.298026382012826552e-02,0.000000000000000000e+00,4.675852017447647280e-02,6.387868903275839561e-02,-9.968616523262138207e-01,0.000000000000000000e+00,6.355486705505631884e-01,2.360684601713996245e-01,8.450388628702310001e-02,1.000000000000000000e+00
9.988676036742820674e-01,1.875580847675269863e-02,4.350260773320300395e-02,0.000000000000000000e+00,2.068269995316464674e-02,-9.987956424901629493e-01,-4.427456794276168200e-02,0.000000000000000000e+00,4.262063030336234876e-02,4.512505176470619356e-02,-9.980717467075084226e-01,0.000000000000000000e+00,6.345598719106710917e-01,2.314792489668193454e-01,9.116231121260562342e-02,1.000000000000000000e+00
9.994106690748860711e-01,2.106551871224050798e-02,2.674519324815388677e-02,0.000000000000000000e+00,2.106822322767714500e-02,-9.997683952896089243e-01,1.806966449291536395e-04,0.000000000000000000e+00,2.674332029575992448e-02,3.828909186478951011e-04,-9.996422601181399470e-01,0.000000000000000000e+00,6.309714055895397911e-01,2.216641865650035015e-01,1.059071910221368040e-01,1.000000000000000000e+00
9.997355348826324484e-01,2.097461294614377803e-02,8.347023775235655474e-03,0.000000000000000000e+00,2.055345895119725999e-02,-9.986409735917546326e-01,4.769180317478309561e-02,0.000000000000000000e+00,9.336176812124117805e-03,-4.750854483263718120e-02,-9.988271992544144329e-01,0.000000000000000000e+00,6.271155082918388191e-01,2.118222823294225177e-01,1.233232845159179109e-01,1.000000000000000000e+00
9.997875552563494361e-01,2.010724627886827792e-02,1.135738887824360322e-03,0.000000000000000000e+00,1.997693844290038268e-02,-9.972955910996290640e-01,7.059159160196447347e-02,0.000000000000000000e+00,2.552119039225626048e-03,-7.055526461101327418e-02,-9.975046071693501881e-01,0.000000000000000000e+00,6.253170840892101623e-01,2.071724669743859326e-01,1.329470243589396805e-01,1.000000000000000000e+00
9.998024553639007772e-01,1.880981350235413907e-02,-4.689143368481383210e-03,0.000000000000000000e+00,1.916321636935989017e-02,-9.955133476017372640e-01,9.255643028105613179e-02,0.000000000000000000e+00,-2.927191977627371412e-03,-9.262978873414833003e-02,-9.956963160453058403e-01,0.000000000000000000e+00,6.235633606340423851e-01,2.027604771257314198e-01,1.428985013192175524e-01,1.000000000000000000e+00
9.997991468972757811e-01,1.719606622460620807e-02,-9.311716871050805533e-03,0.000000000000000000e+00,1.814222406656249356e-02,-9.933662220164902745e-01,1.134687426730881521e-01,0.000000000000000000e+00,-7.298869521109841406e-03,-1.136170748587456980e-01,-9.934978041265395410e-01,0.000000000000000000e+00,6.218074000944107116e-01,1.985179502199975465e-01,1.528752701264017300e-01,1.000000000000000000e+00
9.998270327682918790e-01,1.345355068208855913e-02,-1.206869591155152778e-02,0.000000000000000000e+00,1.511217811788507538e-02,-9.885666935539695332e-01,1.499608661268453658e-01,0.000000000000000000e+00,-9.913395563607577468e-03,-1.501202023723197942e-01,-9.886180503248425122e-01,0.000000000000000000e+00,6.187137141556873221e-01,1.910642985392560222e-01,1.728158807848647338e-01,1.000000000000000000e+00
9.999361535854183192e-01,9.000114385137029938e-03,-5.237708951574857746e-03,0.000000000000000000e+00,9.791857695909093537e-03,-9.838180844516047907e-01,1.788486598497355529e-01,0.000000000000000000e+00,-3.543362612087682176e-03,-1.788919721295702259e-01,-9.838623414324750849e-01,0.000000000000000000e+00,6.168474585377914376e-01,1.845947033131943860e-01,1.924343618659218325e-01,1.000000000000000000e+00
9.999705324550270946e-01,6.273626762869737028e-03,5.680933533879231829e-04,0.000000000000000000e+00,6.049413096448071764e-03,-9.815387009402001262e-01,1.911175817632205509e-01,0.000000000000000000e+00,1.756639808661594445e-03,-1.911121928678424231e-01,-9.815666273635360595e-01,0.000000000000000000e+00,6.163198967155247843e-01,1.813711174574095808e-01,2.018711481988251233e-01,1.000000000000000000e+00
9.999622651321614653e-01,3.122549487640743828e-03,6.816516534310312035e-03,0.000000000000000000e+00,1.675608053842334109e-03,-9.792174080486093501e-01,2.027589875034432609e-01,0.000000000000000000e+00,7.308117329096255714e-03,-2.027438180566011050e-01,-9.792045422999915427e-01,0.000000000000000000e+00,6.158246300380380012e-01,1.780008141186417703e-01,2.110313749523293481e-01,1.000000000000000000e+00
9.999113276716596888e-01,-6.337751336756164162e-04,1.255715032112681047e-02,0.000000000000000000e+00,-3.314174997947807750e-03,-9.766844723457184241e-01,2.146094234279030122e-01,0.000000000000000000e+00,1.212859313253619210e-02,-2.146361425151396829e-01,-9.766187708388807120e-01,0.000000000000000000e+00,6.150443761737184323e-01,1.742200573052193613e-01,2.198838927647118469e-01,1.000000000000000000e+00
9.997099510484728224e-01,-1.818991623884615855e-02,1.516204547850411900e-02,0.000000000000000000e+00,-2.149691972404574672e-02,-9.656536418489098939e-01,2.589047572516265383e-01,0.000000000000000000e+00,9.932019808108925527e-03,-2.591605891171692710e-01,-9.657831765106354993e-01,0.000000000000000000e+00,6.088296859428876662e-01,1.587574864609019309e-01,2.426953895385817461e-01,1.000000000000000000e+00
9.996052958609409345e-01,-2.561442533005690164e-02,1.067242254504757910e-02,0.000000000000000000e+00,-2.756878025034902382e-02,-9.604734393740839149e-01,2.769683763783046815e-01,0.000000000000000000e+00,3.156253360423833063e-03,-2.771586176478895713e-01,-9.608189937382773937e-01,0.000000000000000000e+00,6.051415771613505301e-01,1.524509334118749615e-01,2.491981586558444650e-01,1.000000000000000000e+00
9.994484265371758047e-01,-3.272685301927762830e-02,3.541565335615809874e-03,0.000000000000000000e+00,-3.230899792273037030e-02,-9.546686580054939419e-01,2.958794162770143621e-01,0.000000000000000000e+00,-6.302302080581020233e-03,-2.958363372360986454e-01,-9.552178508378150745e-01,0.000000000000000000e+00,6.007019925681934547e-01,1.458361732092735286e-01,2.549499192876318876e-01,1.000000000000000000e+00
9.987192126848695173e-01,-4.769089496935866035e-02,-1.631746464203704186e-02,0.000000000000000000e+00,-3.950567036655725645e-02,-9.416592295733847706e-01,3.342124238704429762e-01,0.000000000000000000e+00,-3.130498350561171372e-02,-3.331461505537731682e-01,-9.423553684141222631e-01,0.000000000000000000e+00,5.900249547087008661e-01,1.318543547506660085e-01,2.650269969795615022e-01,1.000000000000000000e+00
9.970025047846391431e-01,-6.895002765766962416e-02,-3.482306764732669147e-02,0.000000000000000000e+00,-5.140194267590501159e-02,-9.287121573745126257e-01,3.671952014053694313e-01,0.000000000000000000e+00,-5.765983570432423044e-02,-3.643115763458166789e-01,-9.294904080661490209e-01,0.000000000000000000e+00,5.787781959659623610e-01,1.181303324694762541e-01,2.734617116168299167e-01,1.000000000000000000e+00
9.959581361117243459e-01,-8.008718592878201481e-02,-4.042500048332882401e-02,0.000000000000000000e+00,-5.890737809308380785e-02,-9.236722404532430319e-01,3.786030373933803039e-01,0.000000000000000000e+00,-6.766200531895795456e-02,-3.746986587709584260e-01,-9.246744119696740372e-01,0.000000000000000000e+00,5.738890302599602977e-01,1.119001442923191203e-01,2.772296864898232127e-01,1.000000000000000000e+00
9.936842018196774262e-01,-1.027066307426669628e-01,-4.498668643819832974e-02,0.000000000000000000e+00,-7.683022072696163440e-02,-9.158949884107550066e-01,3.939723775702019815e-01,0.000000000000000000e+00,-8.166822852633706664e-02,-3.880352613772471981e-01,-9.180190283307102517e-01,0.000000000000000000e+00,5.659135085506219465e-01,9.985459286778163024e-02,2.836613092520006707e-01,1.000000000000000000e+00
9.924042339537249013e-01,-1.144104366361343994e-01,-4.499817019232881660e-02,0.000000000000000000e+00,-8.710889803531499109e-02,-9.126480603918855072e-01,3.993323235692433082e-01,0.000000000000000000e+00,-8.675694858979419999e-02,-3.923869023094312958e-01,-9.156995963564670271e-01,0.000000000000000000e+00,5.624530297674454893e-01,9.379007539165873375e-02,2.866278396967836262e-01,1.000000000000000000e+00
9.909845018408151018e-01,-1.264451531839219933e-01,-4.406911899294452956e-02,0.000000000000000000e+00,-9.801893458854435415e-02,-9.092140173322810215e-01,4.046021577424291915e-01,0.000000000000000000e+00,-9.122999899433963111e-02,-3.966424962393209630e-01,-9.134286055628720868e-01,0.000000000000000000e+00,5.592480682701695960e-01,8.729036223397580729e-02,2.895667225547694512e-01,1.000000000000000000e+00
9.886649835338765513e-01,-1.451825503756731250e-01,-3.800426688653247426e-02,0.000000000000000000e+00,-1.165912129395751118e-01,-9.024930191349170849e-01,4.146005142052155978e-01,0.000000000000000000e+00,-9.449316488805339920e-02,-4.054778536818309242e-01,-9.092077606152594305e-01,0.000000000000000000e+00,5.540538061746916876e-01,7.385254870293604668e-02,2.962173436297549922e-01,1.000000000000000000e+00
9.880697269215862333e-01,-1.480022515453548737e-01,-4.235912156567828851e-02,0.000000000000000000e+00,-1.166037053361749232e-01,-8.991641078782933727e-01,4.217679811300470427e-01,0.000000000000000000e+00,-1.005123477642582835e-01,-4.118048719299729488e-01,-9.057118832176462853e-01,0.000000000000000000e+00,5.481466670677461739e-01,6.029927927839875967e-02,3.024145184542698650e-01,1.000000000000000000e+00
9.880485668372908092e-01,-1.455537059205654904e-01,-5.054597080651597463e-02,0.000000000000000000e+00,-1.112104257694252057e-01,-9.007296408861286130e-01,4.198798663076584448e-01,0.000000000000000000e+00,-1.066453779693028736e-01,-4.092483405135240448e-01,-9.061691669576443786e-01,0.000000000000000000e+00,5.447741023355937573e-01,5.397427041977961859e-02,3.047998498876755002e-01,1.000000000000000000e+00
9.878951060740364110e-01,-1.424465650778084791e-01,-6.126158987252899174e-02,0.000000000000000000e+00,-1.047785773703005796e-01,-9.044694798486355714e-01,4.134454699809910760e-01,0.000000000000000000e+00,-1.143053261042149965e-01,-4.020295945039148444e-01,-9.084638119194548000e-01,0.000000000000000000e+00,5.412622964759394861e-01,4.831149045218904869e-02,3.069691848624135355e-01,1.000000000000000000e+00
9.872091896515176046e-01,-1.416891066662466503e-01,-7.295861718072191304e-02,0.000000000000000000e+00,-1.007618155721336645e-01,-9.095971385394594488e-01,4.030643236316541755e-01,0.000000000000000000e+00,-1.234751506430581680e-01,-3.905648811653221752e-01,-9.122570694568454819e-01,0.000000000000000000e+00,5.376733752845006542e-01,4.312271126786595271e-02,3.088946363167024423e-01,1.000000000000000000e+00
9.851076702069097024e-01,-1.417563277086894558e-01,-9.720477640152011545e-02,0.000000000000000000e+00,-9.544494317070738310e-02,-9.214659533559442783e-01,3.765255722127909266e-01,0.000000000000000000e+00,-1.429485265649804160e-01,-3.616474876911098812e-01,-9.212908408312815434e-01,0.000000000000000000e+00,5.305633066634970474e-01,3.379724943372935247e-02,3.125147134080168976e-01,1.000000000000000000e+00
9.829823089054303686e-01,-1.381842660035030590e-01,-1.209612992209931903e-01,0.000000000000000000e+00,-8.719250171235067015e-02,-9.308482978408434416e-01,3.548234222161132378e-01,0.000000000000000000e+00,-1.616307455369747903e-01,-3.382447407936769457e-01,-9.270738899476027584e-01,0.000000000000000000e+00,5.238247548074186355e-01,2.423805774663284618e-02,3.166194840371467367e-01,1.000000000000000000e+00
9.818986668235609727e-01,-1.335365465405148888e-01,-1.342525445917308047e-01,0.000000000000000000e+00,-7.923528608656497940e-02,-9.336846434445396081e-01,3.491926444469172774e-01,0.000000000000000000e+00,-1.719828302478647875e-01,-3.322406499305023964e-01,-9.273823680843255035e-01,0.000000000000000000e+00,5.202192502667822849e-01,1.921051787524364132e-02,3.190204467537972599e-01,1.000000000000000000e+00
9.805383060260524086e-01,-1.276477375347558618e-01,-1.491020872390000085e-01,0.000000000000000000e+00,-6.930899331523915352e-02,-9.358762103670666965e-01,3.454167471559747016e-01,0.000000000000000000e+00,-1.836362982119212894e-01,-3.283665586354058696e-01,-9.265274486754091487e-01,0.000000000000000000e+00,5.165417834597532121e-01,1.407055219912743335e-02,3.213648256739076725e-01,1.000000000000000000e+00
9.788459926701857938e-01,-1.202462401475763443e-01,-1.654754098502193571e-01,0.000000000000000000e+00,-5.754008774066123738e-02,-9.381584823082356195e-01,3.413627795719873514e-01,0.000000000000000000e+00,-1.962935293929859437e-01,-3.246263692926507072e-01,-9.252494640248737356e-01,0.000000000000000000e+00,5.127120070011150776e-01,9.494300324536967400e-03,3.237366277148987503e-01,1.000000000000000000e+00
9.703119047818087317e-01,-9.185458408709405720e-02,-2.236923997861652025e-01,0.000000000000000000e+00,-1.742153768522511012e-02,-9.491885251310975269e-01,3.141948132693197504e-01,0.000000000000000000e+00,-2.411911366080222718e-01,-3.009756968779710440e-01,-9.226269373427973264e-01,0.000000000000000000e+00,5.005333042274389133e-01,7.286163246859960439e-04,3.292255758757576811e-01,1.000000000000000000e+00
9.661388600677303096e-01,-8.151704895638593740e-02,-2.447680957512171074e-01,0.000000000000000000e+00,-4.632649055988475977e-03,-9.540870978220929999e-01,2.994613418011555228e-01,0.000000000000000000e+00,-2.579462532395652152e-01,-2.881928633200719903e-01,-9.221760157209947240e-01,0.000000000000000000e+00,4.962429248716651031e-01,-5.803171839791564611e-04,3.304458569147710190e-01,1.000000000000000000e+00
9.613354397604015888e-01,-7.074907834951160712e-02,-2.661005206206454865e-01,0.000000000000000000e+00,7.693924711612148970e-03,-9.591366218191376136e-01,2.828046872120637545e-01,0.000000000000000000e+00,-2.752402246128109464e-01,-2.739227995814096928e-01,-9.215254302647172269e-01,0.000000000000000000e+00,4.918670473870258575e-01,-1.526213377038552728e-03,3.314315698831450940e-01,1.000000000000000000e+00
9.557615978415255897e-01,-6.075676300708087590e-02,-2.877657567215445855e-01,0.000000000000000000e+00,1.842910737142788163e-02,-9.641261784466057527e-01,2.647674959972319275e-01,0.000000000000000000e+00,-2.935345667720333784e-01,-2.583628453446412676e-01,-9.203728039524936566e-01,0.000000000000000000e+00,4.873014943836980195e-01,-2.402562939011919016e-03,3.323051648387670420e-01,1.000000000000000000e+00
9.434415005345472283e-01,-3.082519352501060517e-02,-3.300737635960723781e-01,0.000000000000000000e+00,4.493665069123250339e-02,-9.745771182888152140e-01,2.194558835705505140e-01,0.000000000000000000e+00,-3.284534311758271485e-01,-2.218804694005895028e-01,-9.180889939692122859e-01,0.000000000000000000e+00,4.788610864014222201e-01,-2.912421579757875495e-03,3.330642461795275122e-01,1.000000000000000000e+00
9.274997092381394026e-01,1.119156955317903747e-02,-3.736305461753780532e-01,0.000000000000000000e+00,7.743396522652679081e-02,-9.836128153736244384e-01,1.627592005487776550e-01,0.000000000000000000e+00,-3.656933032490822244e-01,-1.798942694270771192e-01,-9.131847895065231535e-01,0.000000000000000000e+00,4.701967659586236969e-01,-3.080088320397650608e-03,3.329502863780813837e-01,1.000000000000000000e+00
9.171986735532753343e-01,3.503840838665586016e-02,-3.968622557904072368e-01,0.000000000000000000e+00,9.425165640982104132e-02,-9.869227927784025578e-01,1.306934323510239304e-01,0.000000000000000000e+00,-3.871005688623311292e-01,-1.572797958927160955e-01,-9.085241963703580836e-01,0.000000000000000000e+00,4.651199532750160959e-01,-3.144462863209677127e-03,3.330223422335841788e-01,1.000000000000000000e+00
8.933691906393949056e-01,8.636049436443279936e-02,-4.409241444178936264e-01,0.000000000000000000e+00,1.276411402358651193e-01,-9.896933176024975687e-01,6.477363131289215481e-02,0.000000000000000000e+00,-4.307940905992122538e-01,-1.141490248542487290e-01,-8.952019055104953882e-01,0.000000000000000000e+00,4.546017277822390068e-01,-4.866784822841654055e-03,3.340242877087444828e-01,1.000000000000000000e+00
8.667622552368837718e-01,1.387039783036272955e-01,-4.790252041392249471e-01,0.000000000000000000e+00,1.580714785072966366e-01,-9.874179170854462395e-01,1.077142729332109905e-04,0.000000000000000000e+00,-4.729922354706453946e-01,-7.581504460121926692e-02,-8.777986239432120641e-01,0.000000000000000000e+00,4.442600237121633877e-01,-8.769530796562936478e-03,3.357862402401637358e-01,1.000000000000000000e+00
8.516133918851011009e-01,1.674013841152261206e-01,-4.967012726573870052e-01,0.000000000000000000e+00,1.747366761172405580e-01,-9.840830315855301214e-01,-3.206911077874605165e-02,0.000000000000000000e+00,-4.941732220866439373e-01,-5.948259042651794781e-02,-8.673261485788696934e-01,0.000000000000000000e+00,4.389306322541962624e-01,-1.171173167835506956e-02,3.369909727423540668e-01,1.000000000000000000e+00
8.191530893975134120e-01,2.254303252616131070e-01,-5.273994041370934083e-01,0.000000000000000000e+00,2.056789795999156845e-01,-9.738119103472639981e-01,-9.678464505156891828e-02,0.000000000000000000e+00,-5.354163236964312178e-01,-2.919409236103081770e-02,-8.440835653480132095e-01,0.000000000000000000e+00,4.282955299316848485e-01,-1.856379394012293640e-02,3.395554057777882551e-01,1.000000000000000000e+00
8.026257255003855784e-01,2.548787375797069710e-01,-5.392675781056776030e-01,0.000000000000000000e+00,2.205105243744659715e-01,-9.668378042508068981e-01,-1.287653517557618699e-01,0.000000000000000000e+00,-5.542145017654137584e-01,-1.556409221095546649e-02,-8.322283611284604365e-01,0.000000000000000000e+00,4.232652850414239665e-01,-2.195425076260635114e-02,3.408535539655923596e-01,1.000000000000000000e+00
7.655302480590254754e-01,3.206313967661056363e-01,-5.577989724046747977e-01,0.000000000000000000e+00,2.543826585462310441e-01,-9.471631233667923144e-01,-1.953259523622564720e-01,0.000000000000000000e+00,-5.909656277637930222e-01,7.633686201701194579e-03,-8.066606186226769060e-01,0.000000000000000000e+00,4.130383723454545963e-01,-2.879032240988485189e-02,3.432586911586873457e-01,1.000000000000000000e+00
7.460370653490157045e-01,3.519006952576186342e-01,-5.653099545416138128e-01,0.000000000000000000e+00,2.699909059180364279e-01,-9.358871683853153822e-01,-2.262760828600377250e-01,0.000000000000000000e+00,-6.087047629475361710e-01,1.618210962015416074e-02,-7.932317762755253243e-01,0.000000000000000000e+00,4.079545549697891627e-01,-3.246072578764084421e-02,3.444752388110886576e-01,1.000000000000000000e+00
7.075244927575781162e-01,4.103926626942641098e-01,-5.752979240846017861e-01,0.000000000000000000e+00,2.967637133442895259e-01,-9.113702393758633669e-01,-2.851601867780606536e-01,0.000000000000000000e+00,-6.413494030950805946e-01,3.103086571451921238e-02,-7.666211766724105869e-01,0.000000000000000000e+00,3.982559723927305284e-01,-3.966113481699290455e-02,3.467288167671522259e-01,1.000000000000000000e+00
6.878466758587432617e-01,4.424122124883883567e-01,-5.754295192744411924e-01,0.000000000000000000e+00,3.110265890651008336e-01,-8.959479579956126649e-01,-3.170496244426559418e-01,0.000000000000000000e+00,-6.558341554224058623e-01,3.910840258578231893e-02,-7.538913008044116904e-01,0.000000000000000000e+00,3.937188642952590967e-01,-4.341339959950477057e-02,3.478629796227557525e-01,1.000000000000000000e+00
6.521334333682372586e-01,5.055669573358742008e-01,-5.648936038181966435e-01,0.000000000000000000e+00,3.394198849842486876e-01,-8.610050799486648199e-01,-3.787415225204138758e-01,0.000000000000000000e+00,-6.778685127448214054e-01,5.525495123307575668e-02,-7.331037919649265877e-01,0.000000000000000000e+00,3.864003349226711737e-01,-5.096832622670917357e-02,3.499221511687290453e-01,1.000000000000000000e+00
6.356230316623950882e-01,5.368894435734615778e-01,-5.547195993480786846e-01,0.000000000000000000e+00,3.541227836138176044e-01,-8.412714475368141542e-01,-4.084607111903454379e-01,0.000000000000000000e+00,-6.859812115372396768e-01,6.318940350733037725e-02,-7.248702481839687239e-01,0.000000000000000000e+00,3.835532629907517643e-01,-5.506615039601022582e-02,3.506827403927296194e-01,1.000000000000000000e+00
6.192146681206122105e-01,5.683941106955643363e-01,-5.417398606453902588e-01,0.000000000000000000e+00,3.694490255976154991e-01,-8.196838194658143673e-01,-4.377289121044150577e-01,0.000000000000000000e+00,-6.928712737711011371e-01,7.090426451951409303e-02,-7.175667099690162809e-01,0.000000000000000000e+00,3.810984302494369591e-01,-5.927628992852456563e-02,3.512160733581273231e-01,1.000000000000000000e+00
5.886909600711255353e-01,6.262185740753383190e-01,-5.111496824950544360e-01,0.000000000000000000e+00,3.974583087700200856e-01,-7.748548950995103324e-01,-4.915358900743777570e-01,0.000000000000000000e+00,-7.038892898491183603e-01,8.620370639295898973e-02,-7.050594220630065356e-01,0.000000000000000000e+00,3.775406347943668361e-01,-6.882421605205139847e-02,3.516135449444546257e-01,1.000000000000000000e+00
5.714457201334542935e-01,6.536058003648713699e-01,-4.962156724366553195e-01,0.000000000000000000e+00,4.097266694481975224e-01,-7.511549446825149801e-01,-5.175626071530897709e-01,0.000000000000000000e+00,-7.110304676068143204e-01,9.244792187224981639e-02,-6.970574265269235958e-01,0.000000000000000000e+00,3.756522144759172344e-01,-7.467703346650862717e-02,3.516308782080352358e-01,1.000000000000000000e+00
5.256449234250148983e-01,7.169041965644521452e-01,-4.579590967837586235e-01,0.000000000000000000e+00,4.369170059719202359e-01,-6.894174145619637040e-01,-5.777438059316939434e-01,0.000000000000000000e+00,-7.299259888285141162e-01,1.035999758244465774e-01,-6.756294071766635323e-01,0.000000000000000000e+00,3.714661954330328308e-01,-8.698582229226253792e-02,3.520851750344300979e-01,1.000000000000000000e+00
4.631752328741082780e-01,7.830412239290662768e-01,-4.150854034784813851e-01,0.000000000000000000e+00,4.625315706374588109e-01,-6.130870743475069773e-01,-6.404447925722156487e-01,0.000000000000000000e+00,-7.559927250603428739e-01,1.046500771613347730e-01,-6.461604762022848947e-01,0.000000000000000000e+00,3.670635024958995851e-01,-1.025523430149523491e-01,3.533391828009497804e-01,1.000000000000000000e+00
4.267440147601226919e-01,8.167685994438719232e-01,-3.882774107904251593e-01,0.000000000000000000e+00,4.741759043503931403e-01,-5.676663110886283059e-01,-6.729731925490970434e-01,0.000000000000000000e+00,-7.700902040268182702e-01,1.030774741747533391e-01,-6.295523107571655563e-01,0.000000000000000000e+00,3.652432119240771047e-01,-1.109050018862878934e-01,3.544656496576734095e-01,1.000000000000000000e+00
3.894020884508763158e-01,8.488297672411927453e-01,-3.575399091801733098e-01,0.000000000000000000e+00,4.826165705238885106e-01,-5.186638063651652919e-01,-7.057264687708456607e-01,0.000000000000000000e+00,-7.844997484967098922e-01,1.022586448162626088e-01,-6.116398565895951878e-01,0.000000000000000000e+00,3.636386047293398427e-01,-1.192417842765311625e-01,3.557673442765196814e-01,1.000000000000000000e+00
3.218483037803611668e-01,8.967668869945530918e-01,-3.036504020168768192e-01,0.000000000000000000e+00,4.849973829385823554e-01,-4.316009148350919422e-01,-7.605780273959052984e-01,0.000000000000000000e+00,-8.131326365677938872e-01,9.752297532302982297e-02,-5.738506640515907975e-01,0.000000000000000000e+00,3.614227570383355403e-01,-1.361623455041798547e-01,3.590607071275437323e-01,1.000000000000000000e+00
2.919772233233515757e-01,9.148864263673257557e-01,-2.787702904012870908e-01,0.000000000000000000e+00,4.799584871431841759e-01,-3.922736543151742472e-01,-7.846922821403645720e-01,0.000000000000000000e+00,-8.272744859330400935e-01,9.531594198838719278e-02,-5.536531370154877951e-01,0.000000000000000000e+00,3.607148401698706541e-01,-1.442120092568165146e-01,3.611048889944118434e-01,1.000000000000000000e+00
2.427236345951905017e-01,9.404693411116225032e-01,-2.378726603440997067e-01,0.000000000000000000e+00,4.627559898115641279e-01,-3.277591216711070454e-01,-8.236574524376698569e-01,0.000000000000000000e+00,-8.526059311259068796e-01,8.984586194169859319e-02,-5.147726170853288430e-01,0.000000000000000000e+00,3.608539697066871499e-01,-1.589635674292189105e-01,3.653249055769042242e-01,1.000000000000000000e+00
2.218569810712995027e-01,9.505225796456743259e-01,-2.174098719811733693e-01,0.000000000000000000e+00,4.558171505078347785e-01,-2.982051208406690801e-01,-8.386209978938807819e-01,0.000000000000000000e+00,-8.619775271477078116e-01,8.695644869810272015e-02,-4.994329972299959008e-01,0.000000000000000000e+00,3.621759126574977672e-01,-1.654223220109927728e-01,3.670455206319578889e-01,1.000000000000000000e+00
2.029736110063486143e-01,9.592896785415212513e-01,-1.963307738994500007e-01,0.000000000000000000e+00,4.515009950038693098e-01,-2.696081924159128285e-01,-8.505521859321439893e-01,0.000000000000000000e+00,-8.688750466293928554e-01,8.399772597902567528e-02,-4.878529854117147901e-01,0.000000000000000000e+00,3.645064364868021989e-01,-1.709985452666208661e-01,3.681265443717060548e-01,1.000000000000000000e+00
1.624328545118032263e-01,9.771168511187000583e-01,-1.372551417478856672e-01,0.000000000000000000e+00,4.537013736609688541e-01,-1.974877680568171145e-01,-8.689846902605909973e-01,0.000000000000000000e+00,-8.762226658174478988e-01,7.888033610394001860e-02,-4.754069125327214929e-01,0.000000000000000000e+00,3.709865821243695239e-01,-1.804108376764945454e-01,3.693131890863424194e-01,1.000000000000000000e+00
1.227376913522334329e-01,9.895142311536516688e-01,-7.601179097435835363e-02,0.000000000000000000e+00,4.515829669703881333e-01,-1.238874538704907990e-01,-8.835753898886706814e-01,0.000000000000000000e+00,-8.837443446570993899e-01,7.412380051050530827e-02,-4.620623285710189210e-01,0.000000000000000000e+00,3.763238210184409183e-01,-1.879181824616720231e-01,3.703307949311739344e-01,1.000000000000000000e+00
1.073541960443019777e-01,9.929116652256926301e-01,-5.081582973476169579e-02,0.000000000000000000e+00,4.413070758787496217e-01,-9.338987506249706028e-02,-8.924724886047563643e-01,0.000000000000000000e+00,-8.909091815812805182e-01,7.338669419849433440e-02,-4.482133680389171482e-01,0.000000000000000000e+00,3.768219152673303318e-01,-1.911238982040641687e-01,3.719339521822818684e-01,1.000000000000000000e+00
9.571340402210314069e-02,9.949378862683609936e-01,-3.030336053239193056e-02,0.000000000000000000e+00,4.264046471926006276e-01,-6.849070884709719531e-02,-9.019250781275484075e-01,0.000000000000000000e+00,-8.994522466909257163e-01,7.340623894149435336e-02,-4.308099116862449951e-01,0.000000000000000000e+00,3.762876997997429696e-01,-1.942880416223559670e-01,3.738582368032207781e-01,1.000000000000000000e+00
8.789094725433872768e-02,9.959987812047719213e-01,-1.556779144747581431e-02,0.000000000000000000e+00,4.098490657752094091e-01,-5.040204600195783563e-02,-9.107492102347457541e-01,0.000000000000000000e+00,-9.079072319453304063e-01,7.366758434702061487e-02,-4.126469982901159184e-01,0.000000000000000000e+00,3.753447585677256448e-01,-1.972632189404391334e-01,3.756040813319408422e-01,1.000000000000000000e+00
8.161842610458293346e-02,9.966439850292952984e-01,-4.466153417064373105e-03,0.000000000000000000e+00,3.839517364068195104e-01,-3.557766355546486403e-02,-9.226570548515469206e-01,0.000000000000000000e+00,-9.197372070576083081e-01,7.359244617436866420e-02,-3.855744050373973719e-01,0.000000000000000000e+00,3.746724672422875324e-01,-2.024424723957267691e-01,3.763266723219829690e-01,1.000000000000000000e+00
8.038425129413462322e-02,9.967509839775481328e-01,2.568070263728323022e-03,0.000000000000000000e+00,3.771010173606166860e-01,-2.802668292286953841e-02,-9.257375841193533628e-01,0.000000000000000000e+00,-9.226756377501647011e-01,7.538459589045273801e-02,-3.781359943257975864e-01,0.000000000000000000e+00,3.764383015699042656e-01,-2.057803076741513970e-01,3.731627042660968785e-01,1.000000000000000000e+00
7.934530625824165462e-02,9.968142658623372343e-01,6.810921327080978784e-03,0.000000000000000000e+00,3.751599964956158217e-01,-2.353080082001620874e-02,-9.266509727742083813e-01,0.000000000000000000e+00,-9.235564240264663161e-01,7.608205526579304989e-02,-3.758391311531821266e-01,0.000000000000000000e+00,3.773938648447640043e-01,-2.069183957173383603e-01,3.715404587445319540e-01,1.000000000000000000e+00
7.643072888184165858e-02,9.969928980809653618e-01,1.201048541552775066e-02,0.000000000000000000e+00,3.733994622678023512e-01,-1.745199460417876103e-02,-9.274961004573876178e-01,0.000000000000000000e+00,-9.245152180099662775e-01,7.537536299806756046e-02,-3.736176739942773106e-01,0.000000000000000000e+00,3.781194909406065952e-01,-2.080669560701525200e-01,3.703403593912125147e-01,1.000000000000000000e+00
6.195618387728358406e-02,9.979390033529398352e-01,1.612215145424765808e-02,0.000000000000000000e+00,3.667118890522232943e-01,-7.737707577361667075e-03,-9.302920322191333691e-01,0.000000000000000000e+00,-9.282678269986506248e-01,6.355075237202746641e-02,-3.664425510665384467e-01,0.000000000000000000e+00,3.788267434874970641e-01,-2.123060191652737794e-01,3.694337716755503043e-01,1.000000000000000000e+00
5.865321781033401571e-02,9.981589090515877727e-01,1.481010542318815515e-02,0.000000000000000000e+00,3.649521146956108408e-01,-7.631685370612422727e-03,-9.309846713339665625e-01,0.000000000000000000e+00,-9.291755073254053254e-01,6.001138140394560172e-02,-3.647348498410398765e-01,0.000000000000000000e+00,3.787649755520449690e-01,-2.132386565006198498e-01,3.695384164355125511e-01,1.000000000000000000e+00
5.698450767023093694e-02,9.982763680350847935e-01,1.333438448033711331e-02,0.000000000000000000e+00,3.641144885108736906e-01,-8.344869748617242400e-03,-9.313064744253374272e-01,0.000000000000000000e+00,-9.296078689473573631e-01,5.792639878257001274e-02,-3.639694249730809905e-01,0.000000000000000000e+00,3.787017606735397224e-01,-2.137094526938585481e-01,3.697159214348768042e-01,1.000000000000000000e+00
