9.996649987536491144e-01,2.023260687352998119e-02,1.553315123135811174e-02,0.000000000000000000e+00,2.316677904756631740e-02,-9.749964479929766892e-01,-2.209660011197384921e-01,0.000000000000000000e+00,1.067425455611773107e-02,2.212560901818141079e-01,-9.751573221009663950e-01,0.000000000000000000e+00,6.227383258757721585e-01,2.955469029908101564e-01,2.855591884070004041e-02,1.000000000000000000e+00
9.996651191188611341e-01,2.022971657527007638e-02,1.552916886269011150e-02,0.000000000000000000e+00,2.316311609443183137e-02,-9.749957626203421546e-01,-2.209694092547236921e-01,0.000000000000000000e+00,1.067093076559489685e-02,2.212593746940637873e-01,-9.751566132404515530e-01,0.000000000000000000e+00,6.227365187102498201e-01,2.955489995782510926e-01,2.855523454672679110e-02,1.000000000000000000e+00
9.996650869889074364e-01,2.023034877644105944e-02,1.553041355058080303e-02,0.000000000000000000e+00,2.316399275224269305e-02,-9.749960604575291789e-01,-2.209680031888793528e-01,0.000000000000000000e+00,1.067203772594453766e-02,2.212580044187187622e-01,-9.751569120359153686e-01,0.000000000000000000e+00,6.227365293898334819e-01,2.955492415417848573e-01,2.855565818074875389e-02,1.000000000000000000e+00
9.996648631234628102e-01,2.023376717055619389e-02,1.554036690829792289e-02,0.000000000000000000e+00,2.316956873506683529e-02,-9.749951145959341314e-01,-2.209715920653627375e-01,0.000000000000000000e+00,1.068089970987846048e-02,2.212618599118921503e-01,-9.751559402114707842e-01,0.000000000000000000e+00,6.227385364269014678e-01,2.955514970824103527e-01,2.856053519548017172e-02,1.000000000000000000e+00
9.996648457274686095e-01,2.023623491821106152e-02,1.553827256227952730e-02,0.000000000000000000e+00,2.317152067775586979e-02,-9.749948907950038990e-01,-2.209723748669210341e-01,0.000000000000000000e+00,1.067829306199192564e-02,2.212626204264363794e-01,-9.751557961983863265e-01,0.000000000000000000e+00,6.227383075635110066e-01,2.955521993314283447e-01,2.855965834322408275e-02,1.000000000000000000e+00
9.996648782022745650e-01,2.023434841814990628e-02,1.553864003483860189e-02,0.000000000000000000e+00,2.316971939092257043e-02,-9.749958165445250513e-01,-2.209684790308993063e-01,0.000000000000000000e+00,1.067916144156929453e-02,2.212587135221596724e-01,-9.751566731563824364e-01,0.000000000000000000e+00,6.227390668421793896e-01,2.955499584033087768e-01,2.855942872600982993e-02,1.000000000000000000e+00
9.996648271125114782e-01,2.023607409969380502e-02,1.553967954471698748e-02,0.000000000000000000e+00,2.317166698013811699e-02,-9.749950572891261658e-01,-2.209716249031611068e-01,0.000000000000000000e+00,1.067971819015522093e-02,2.212619014622251856e-01,-9.751559437242329764e-01,0.000000000000000000e+00,6.227387766765666299e-01,2.955511513383579647e-01,2.856066311577021288e-02,1.000000000000000000e+00
9.996645248690778640e-01,2.023468698621934056e-02,1.556091456370310711e-02,0.000000000000000000e+00,2.317505294635009358e-02,-9.749941601278848680e-01,-2.209752283371656245e-01,0.000000000000000000e+00,1.070064226927127000e-02,2.212659817182214828e-01,-9.751547885281069972e-01,0.000000000000000000e+00,6.227464400746338669e-01,2.955524057980044583e-01,2.857123198706939052e-02,1.000000000000000000e+00
9.996641358991570359e-01,2.023041999592145937e-02,1.559142087779367795e-02,0.000000000000000000e+00,2.317766848735403062e-02,-9.749935613879421314e-01,-2.209775957801052015e-01,0.000000000000000000e+00,1.073127200665788261e-02,2.212690102370580281e-01,-9.751537647519142871e-01,0.000000000000000000e+00,6.227584221767086259e-01,2.955542825956862241e-01,2.858681317262614513e-02,1.000000000000000000e+00
9.996635681106472715e-01,2.022017691626944169e-02,1.564103382044346180e-02,0.000000000000000000e+00,2.317883318842979545e-02,-9.749899406882072128e-01,-2.209934482061339245e-01,0.000000000000000000e+00,1.078153159472463110e-02,2.212859003159378946e-01,-9.751493777354506287e-01,0.000000000000000000e+00,6.227788437997671123e-01,2.955553636194189759e-01,2.861078888081717425e-02,1.000000000000000000e+00
9.996606723799836836e-01,2.024747907951723186e-02,1.579007881334752728e-02,0.000000000000000000e+00,2.323942594174949194e-02,-9.749687220364825491e-01,-2.210806799194678651e-01,0.000000000000000000e+00,1.091871673908194340e-02,2.213768756965743822e-01,-9.751272022313781651e-01,0.000000000000000000e+00,6.228174623726422388e-01,2.956126415694154685e-01,2.869999897836830044e-02,1.000000000000000000e+00
9.996574857904237943e-01,2.030995815054360831e-02,1.591111574655190014e-02,0.000000000000000000e+00,2.332899017001793113e-02,-9.749298816731111206e-01,-2.212424709220833507e-01,0.000000000000000000e+00,1.101900901659188560e-02,2.215421478677354616e-01,-9.750885386253099751e-01,0.000000000000000000e+00,6.228452472970835707e-01,2.957190090175689234e-01,2.879070419186290433e-02,1.000000000000000000e+00
9.996548453620600627e-01,2.040141561921904670e-02,1.595992750910128072e-02,0.000000000000000000e+00,2.342981936817395763e-02,-9.749110705716137470e-01,-2.213146966256265835e-01,0.000000000000000000e+00,1.104458954821628362e-02,2.216165138549445190e-01,-9.750713501218731816e-01,0.000000000000000000e+00,6.228305431940067693e-01,2.958049855687522878e-01,2.884357896305633079e-02,1.000000000000000000e+00
9.996534278203320634e-01,2.051839996477851022e-02,1.589862922249178634e-02,0.000000000000000000e+00,2.353050677772617477e-02,-9.749048903047137227e-01,-2.213312382198813766e-01,0.000000000000000000e+00,1.095849949272670841e-02,2.216329008930356392e-01,-9.750685968333745457e-01,0.000000000000000000e+00,6.227756898383906004e-01,2.958803585632050481e-01,2.881342559695617561e-02,1.000000000000000000e+00
9.996573663306616009e-01,2.052124167330792240e-02,1.564530224186110041e-02,0.000000000000000000e+00,2.347556612425320127e-02,-9.749383854572591934e-01,-2.211894872238433785e-01,0.000000000000000000e+00,1.071432906879147759e-02,2.214852468628684679e-01,-9.751048602969323298e-01,0.000000000000000000e+00,6.226956325176002949e-01,2.958147781201969084e-01,2.866474242318985469e-02,1.000000000000000000e+00
9.996726604932159033e-01,2.021510439763622366e-02,1.505550788968947062e-02,0.000000000000000000e+00,2.304021368516944238e-02,-9.750815512445356603e-01,-2.206034085799675748e-01,0.000000000000000000e+00,1.022102383931607593e-02,2.208823311572682968e-01,-9.752469053804820875e-01,0.000000000000000000e+00,6.225864054884615584e-01,2.953643515321112689e-01,2.826097313786590792e-02,1.000000000000000000e+00
9.996802530988692093e-01,1.988582945383686115e-02,1.498973823393902685e-02,0.000000000000000000e+00,2.270280353595746300e-02,-9.751262310911853470e-01,-2.204408379831568066e-01,0.000000000000000000e+00,1.023343506564653761e-02,2.207149112365003885e-01,-9.752846788320942428e-01,0.000000000000000000e+00,6.226662227767100211e-01,2.951125944424203840e-01,2.818856204613855859e-02,1.000000000000000000e+00
9.996880150123190756e-01,1.954685436190171932e-02,1.491777552090821010e-02,0.000000000000000000e+00,2.235358905695945461e-02,-9.751919540602115299e-01,-2.201856414340112866e-01,0.000000000000000000e+00,1.024395522265540703e-02,2.204546570783111337e-01,-9.753434295436046453e-01,0.000000000000000000e+00,6.227482576596026220e-01,2.948207886784869336e-01,2.810050032973725881e-02,1.000000000000000000e+00
9.997209893951418680e-01,1.911234486157117538e-02,1.316846756078255722e-02,0.000000000000000000e+00,2.151936275649213304e-02,-9.758347560846885038e-01,-2.174032951564889016e-01,0.000000000000000000e+00,8.695328991140697725e-03,2.176302044178225203e-01,-9.759925642026135995e-01,0.000000000000000000e+00,6.226135572941576823e-01,2.935618411797278893e-01,2.744680895104363583e-02,1.000000000000000000e+00
9.998232203372647842e-01,1.546049552136211092e-02,9.759510943866202964e-03,0.000000000000000000e+00,1.711081388261369296e-02,-9.793188132879691032e-01,-2.015505616209649353e-01,0.000000000000000000e+00,6.441725143719813536e-03,2.016858078327864179e-01,-9.794290883448424356e-01,0.000000000000000000e+00,6.233819155796389566e-01,2.853392622894705410e-01,2.574047247108330466e-02,1.000000000000000000e+00
9.998386181959701968e-01,1.386214472643097773e-02,1.055108566757641600e-02,0.000000000000000000e+00,1.565011867327065209e-02,-9.807713798634258850e-01,-1.944821871727902551e-01,0.000000000000000000e+00,7.652409956549025526e-03,1.946196740612136378e-01,-9.808489298001827894e-01,0.000000000000000000e+00,6.242102324231869614e-01,2.815347276461623305e-01,2.584641568384978688e-02,1.000000000000000000e+00
9.998434765782969746e-01,1.145387615743984067e-02,1.275060649548699285e-02,0.000000000000000000e+00,1.354614358254290114e-02,-9.838488703931264068e-01,-1.784338788498938955e-01,0.000000000000000000e+00,1.050111242572893816e-02,1.785821095739790199e-01,-9.838689733790418890e-01,0.000000000000000000e+00,6.256724618807312233e-01,2.736163540262811500e-01,2.759110369270141583e-02,1.000000000000000000e+00
9.998434999499176135e-01,1.142191234453730948e-02,1.277741865564269337e-02,0.000000000000000000e+00,1.341252598573619559e-02,-9.856008209548813292e-01,-1.684988806519326920e-01,0.000000000000000000e+00,1.066906028419827533e-02,1.686471350083724174e-01,-9.856187472882806944e-01,0.000000000000000000e+00,6.258527406885117106e-01,2.695723721214659530e-01,2.928705710128455542e-02,1.000000000000000000e+00
9.998559020247469453e-01,1.314766253571911757e-02,9.801074294927082653e-03,0.000000000000000000e+00,1.441843157620539134e-02,-9.895388518815424472e-01,-1.434772328596047031e-01,0.000000000000000000e+00,7.812303976871403689e-03,1.436006389572377639e-01,-9.896048829697868809e-01,0.000000000000000000e+00,6.251250229935293445e-01,2.606673987189789821e-01,3.419755037149931759e-02,1.000000000000000000e+00
9.998471415316686484e-01,1.633777714799846195e-02,4.417862607872369458e-03,0.000000000000000000e+00,1.673332129173722704e-02,-9.934055270808790361e-01,-1.133410853350051012e-01,0.000000000000000000e+00,2.537036584444724713e-03,1.133998690036228801e-01,-9.935461907507524559e-01,0.000000000000000000e+00,6.231404565981595312e-01,2.512642727764943795e-01,4.159862302103490422e-02,1.000000000000000000e+00
9.998212780119806187e-01,1.835746424221038411e-02,1.078166171741985193e-03,0.000000000000000000e+00,1.837554813098059986e-02,-9.951155269395526304e-01,-9.689259092371649285e-02,0.000000000000000000e+00,-7.058159642403421304e-04,9.689695154820501810e-02,-9.952941688789748165e-01,0.000000000000000000e+00,6.217393647849591698e-01,2.466059466449372350e-01,4.625447535713442943e-02,1.000000000000000000e+00
9.997766903596569943e-01,2.058395286189935655e-02,-1.901893603215853122e-03,0.000000000000000000e+00,2.036615723791741772e-02,-9.965830907742552203e-01,-7.992565122288099178e-02,0.000000000000000000e+00,-3.540649011110182098e-03,7.987060654695773976e-02,-9.967989516519373261e-01,0.000000000000000000e+00,6.201578057200972660e-01,2.419544505358801334e-01,5.147713656115691233e-02,1.000000000000000000e+00
9.996598599813355523e-01,2.472583977000124625e-02,-7.038756351260382939e-03,0.000000000000000000e+00,2.439204500153220254e-02,-9.987195275803024686e-01,-4.410306419772680453e-02,0.000000000000000000e+00,-8.120385059178523990e-03,4.391721886152610138e-02,-9.990021707854087607e-01,0.000000000000000000e+00,6.166058654611933365e-01,2.324010481609492251e-01,6.370971612090013669e-02,1.000000000000000000e+00
9.996074931687108922e-01,2.578887044592226285e-02,-1.002699672371543636e-02,0.000000000000000000e+00,2.552971081464591729e-02,-9.993475748478580778e-01,-2.516754681397689875e-02,0.000000000000000000e+00,-1.066970288792353123e-02,2.490216149700516871e-02,-9.996329525346092648e-01,0.000000000000000000e+00,6.144480600521118330e-01,2.274171566190139049e-01,7.021202331482281900e-02,1.000000000000000000e+00
9.996555788383492125e-01,2.097837600935186300e-02,-1.514524145014442373e-02,0.000000000000000000e+00,2.120596326074199178e-02,-9.996525768740722739e-01,1.502596327758528270e-02,0.000000000000000000e+00,-1.482504476352833681e-02,-1.534225283753466729e-02,-9.997723907598310422e-01,0.000000000000000000e+00,6.097882164243062508e-01,2.168044221121001314e-01,8.465959311704267243e-02,1.000000000000000000e+00
9.997410047978271264e-01,1.468134274380121854e-02,-1.682641977006047590e-02,0.000000000000000000e+00,1.526078989293460850e-02,-9.992666874792198728e-01,3.484167744754892299e-02,0.000000000000000000e+00,-1.630287201819230480e-02,-3.509011367044072988e-02,-9.992511697699203443e-01,0.000000000000000000e+00,6.074274938977950455e-01,2.115828141819391384e-01,9.212920096898043198e-02,1.000000000000000000e+00
9.997777233735374303e-01,8.586356680257251420e-03,-1.874900600549316357e-02,0.000000000000000000e+00,9.611411020864286253e-03,-9.984147389211771584e-01,5.528450763418181479e-02,0.000000000000000000e+00,-1.824494270625087386e-02,-5.545349123482568726e-02,-9.982945619282490579e-01,0.000000000000000000e+00,6.047101703937792783e-01,2.061522852663857652e-01,9.959077996132367772e-02,1.000000000000000000e+00
9.998019199786418731e-01,-6.119466204868718832e-04,-1.940343344780726467e-02,0.000000000000000000e+00,1.220069370987402098e-03,-9.955368288286885470e-01,9.426388904377251687e-02,0.000000000000000000e+00,-1.937489009802603052e-02,-9.427070578867076389e-02,-9.953580499819124627e-01,0.000000000000000000e+00,5.995691850811485368e-01,1.950521332687109866e-01,1.147530383831852768e-01,1.000000000000000000e+00
9.998896714051748180e-01,-4.181732665221958752e-03,-1.356115888767287295e-02,0.000000000000000000e+00,-2.396607310766346501e-03,-9.916226954214898415e-01,1.290714263484581958e-01,0.000000000000000000e+00,-1.398756443290134766e-02,-1.290271694796652213e-01,-9.915424033178315000e-01,0.000000000000000000e+00,5.950053661896986812e-01,1.836684307374562009e-01,1.307740020431167882e-01,1.000000000000000000e+00
9.999499710908188455e-01,-6.054655813145170054e-03,-6.644046934153365579e-03,0.000000000000000000e+00,-5.041976050680305535e-03,-9.896910648786724218e-01,1.430626487872779518e-01,0.000000000000000000e+00,-7.441892262976959951e-03,-1.430247460630584833e-01,-9.896911337650469154e-01,0.000000000000000000e+00,5.933190171815839742e-01,1.782237270246888328e-01,1.387047456388258715e-01,1.000000000000000000e+00
9.999575431925180613e-01,-7.978982210338410666e-03,1.412287675689332528e-03,0.000000000000000000e+00,-8.101592170025016110e-03,-9.877366020413977932e-01,1.558573581619819293e-01,0.000000000000000000e+00,1.513880564546899300e-04,-1.558651836226853660e-01,-9.877783261521397851e-01,0.000000000000000000e+00,5.915581375245835272e-01,1.728061524682909800e-01,1.462983418533957414e-01,1.000000000000000000e+00
9.998763321014099148e-01,-1.014890042697869088e-02,1.118334586617269859e-02,0.000000000000000000e+00,-1.187571350951065370e-02,-9.858564000835488006e-01,1.671133529798089767e-01,0.000000000000000000e+00,9.329335935730065713e-03,-1.672287163051999204e-01,-9.858739878574306337e-01,0.000000000000000000e+00,5.900375629794237797e-01,1.674289368560988867e-01,1.537239395779371742e-01,1.000000000000000000e+00
9.994919079390605088e-01,-1.489717303904549740e-02,2.783427924321635327e-02,0.000000000000000000e+00,-1.992096080817667980e-02,-9.815746736693422569e-01,1.899870054309276413e-01,0.000000000000000000e+00,2.449162580959812416e-02,-1.904486268539421212e-01,-9.813916042002044371e-01,0.000000000000000000e+00,5.859405479951105278e-01,1.556835407178750741e-01,1.672945834183920955e-01,1.000000000000000000e+00
9.990337639179207585e-01,-1.868563038598018700e-02,3.953647265853825477e-02,0.000000000000000000e+00,-2.676236584233760568e-02,-9.762712802977491222e-01,2.148462472130316658e-01,0.000000000000000000e+00,3.458445107342367902e-02,-2.157008974729670014e-01,-9.758468315126644921e-01,0.000000000000000000e+00,5.805573984371622531e-01,1.430535830376264139e-01,1.794585060344978111e-01,1.000000000000000000e+00
9.988830312032244141e-01,-2.023757351624412559e-02,4.247207898891909583e-02,0.000000000000000000e+00,-2.942843473414933839e-02,-9.731032569434068247e-01,2.284398508501532532e-01,0.000000000000000000e+00,3.670735684802278742e-02,-2.294389948809978097e-01,-9.726306172341219192e-01,0.000000000000000000e+00,5.772539487858329155e-01,1.362646272672674574e-01,1.849508818521132802e-01,1.000000000000000000e+00
9.988173886309892335e-01,-2.119759718603540788e-02,4.353427320075968499e-02,0.000000000000000000e+00,-3.114777833715183172e-02,-9.696425421820458190e-01,2.424951611818416397e-01,0.000000000000000000e+00,3.707308236385408601e-02,-2.435690689983721624e-01,-9.691747495634154275e-01,0.000000000000000000e+00,5.736250411703790464e-01,1.292496768953952935e-01,1.901159485510892366e-01,1.000000000000000000e+00
9.988911091563423827e-01,-2.036029848862820277e-02,4.222270947101847138e-02,0.000000000000000000e+00,-3.054950328974189236e-02,-9.659328984632352677e-01,2.569457343805718885e-01,0.000000000000000000e+00,3.555349680793026823e-02,-2.579556588560709129e-01,-9.655023702347181880e-01,0.000000000000000000e+00,5.694776604817325394e-01,1.222143447629827906e-01,1.948071199341282755e-01,1.000000000000000000e+00
9.992138094156246542e-01,-1.196002251423353493e-02,3.754287996123568949e-02,0.000000000000000000e+00,-2.238773825548007537e-02,-9.563972957734703240e-01,2.911764906619445092e-01,0.000000000000000000e+00,3.242405575009012220e-02,-2.917936885492359300e-01,-9.559315477227157132e-01,0.000000000000000000e+00,5.573145759122264398e-01,1.010727074434629863e-01,2.067721923239934645e-01,1.000000000000000000e+00
9.993045453145272816e-01,-7.218287175383630676e-03,3.631898876879703641e-02,0.000000000000000000e+00,-1.778163092086134517e-02,-9.538646444105778333e-01,2.996778280862380517e-01,0.000000000000000000e+00,3.248086404136281413e-02,-3.001210048496246729e-01,-9.533479825956407971e-01,0.000000000000000000e+00,5.535215637083904516e-01,9.403182110843369412e-02,2.102948250443014422e-01,1.000000000000000000e+00
9.994594723878319487e-01,7.266688617078318011e-04,3.257271723099314231e-02,0.000000000000000000e+00,-9.311728066076533153e-03,-9.516694983846362144e-01,3.069514692357189767e-01,0.000000000000000000e+00,3.122211466545096389e-02,-3.070947743022577892e-01,-9.511666411055755832e-01,0.000000000000000000e+00,5.497004693872082903e-01,8.652840501695722997e-02,2.136779922778968832e-01,1.000000000000000000e+00
9.997182769127581636e-01,1.306612056748206879e-02,1.932330719907943486e-02,0.000000000000000000e+00,6.318020584336915373e-03,-9.490961737941702170e-01,3.148924934106406281e-01,0.000000000000000000e+00,2.245453253172725178e-02,-3.146877545870340742e-01,-9.489296133442947090e-01,0.000000000000000000e+00,5.410569019212381203e-01,7.021683622249369483e-02,2.197438256721021277e-01,1.000000000000000000e+00
9.998003706553809655e-01,1.949192257765163666e-02,-1.751936010980442520e-04,0.000000000000000000e+00,1.857319845172776540e-02,-9.498714194579001013e-01,3.120577986487682032e-01,0.000000000000000000e+00,5.916308963740229444e-03,-3.120047637190007106e-01,-9.500621162349839333e-01,0.000000000000000000e+00,5.317587846356440773e-01,5.332657023858533574e-02,2.246857541255971591e-01,1.000000000000000000e+00
9.996095569951238824e-01,2.377772571685241726e-02,-1.400357900519059139e-02,0.000000000000000000e+00,2.692710041531009429e-02,-9.514557776509267040e-01,3.065739410633303574e-01,0.000000000000000000e+00,-6.034271248161898922e-03,-3.068372247580125056e-01,-9.517428776057661466e-01,0.000000000000000000e+00,5.264321692166588074e-01,4.463049157874902223e-02,2.266505876840403388e-01,1.000000000000000000e+00
9.981836876503432654e-01,3.634551962844726619e-02,-4.784428715018028411e-02,0.000000000000000000e+00,4.857670527480179024e-02,-9.568029502078615467e-01,2.866167564525595735e-01,0.000000000000000000e+00,-3.536100095724092895e-02,-2.884258418254001533e-01,-9.568490650978406231e-01,0.000000000000000000e+00,5.150621593570521295e-01,2.778489404470467494e-02,2.293259353279917812e-01,1.000000000000000000e+00
9.967226706360252653e-01,4.607123176373136703e-02,-6.634837108152033536e-02,0.000000000000000000e+00,6.257127946907804772e-02,-9.598266168379693264e-01,2.734930483507562737e-01,0.000000000000000000e+00,-5.108375445211971871e-02,-2.767535523852981960e-01,-9.595821597305742578e-01,0.000000000000000000e+00,5.093145438906674372e-01,1.995396003532006260e-02,2.305405410315395087e-01,1.000000000000000000e+00
9.946024303456717508e-01,5.762673236888067596e-02,-8.617373247212085918e-02,0.000000000000000000e+00,7.822954412399149571e-02,-9.626507205210633744e-01,2.591610997191484134e-01,0.000000000000000000e+00,-6.802190795285022185e-02,-2.645086840503040881e-01,-9.619813803293856269e-01,0.000000000000000000e+00,5.034609774243437030e-01,1.236845701396077982e-02,2.313114827377626692e-01,1.000000000000000000e+00
9.872346704834598086e-01,8.785043561800476297e-02,-1.327808467300512774e-01,0.000000000000000000e+00,1.167218831161458414e-01,-9.665473568253127867e-01,2.283483214675129103e-01,0.000000000000000000e+00,-1.082805616667478071e-01,-2.409364491447771317e-01,-9.644816988614349773e-01,0.000000000000000000e+00,4.905940007424597904e-01,-1.396438749010029626e-03,2.325356199752079966e-01,1.000000000000000000e+00
9.745114294863789217e-01,1.187022857749972377e-01,-1.903102415883429488e-01,0.000000000000000000e+00,1.556940421639779193e-01,-9.687550992090152580e-01,1.930120977876278732e-01,0.000000000000000000e+00,-1.614561483119620056e-01,-2.177268580179853308e-01,-9.625626875533258575e-01,0.000000000000000000e+00,4.756953248435024650e-01,-1.288350867913707828e-02,2.334295834689268934e-01,1.000000000000000000e+00
9.656817529689480928e-01,1.315392721866252279e-01,-2.239127480887157517e-01,0.000000000000000000e+00,1.724552576903813361e-01,-9.694757032951293318e-01,1.742320054311689570e-01,0.000000000000000000e+00,-1.941633559902954387e-01,-2.068715820188732624e-01,-9.589080976525303779e-01,0.000000000000000000e+00,4.673047100636048001e-01,-1.816945973020324748e-02,2.339094735170474393e-01,1.000000000000000000e+00
9.549774279384752873e-01,1.430309195841506786e-01,-2.598865426914881982e-01,0.000000000000000000e+00,1.874930200263418278e-01,-9.699249794063888874e-01,1.551536292393003724e-01,0.000000000000000000e+00,-2.298831092633369655e-01,-1.968989174540084763e-01,-9.530921111733432483e-01,0.000000000000000000e+00,4.585061838297745385e-01,-2.288472114438208638e-02,2.348804859068320816e-01,1.000000000000000000e+00
9.420380858552935832e-01,1.561370467351596847e-01,-2.969279615262352956e-01,0.000000000000000000e+00,2.033349126155600817e-01,-9.697222100296758462e-01,1.351831926978803167e-01,0.000000000000000000e+00,-2.668356720083047695e-01,-1.877271515283662484e-01,-9.452815669010594668e-01,0.000000000000000000e+00,4.496082562732729992e-01,-2.724860377903458308e-02,2.364036512081024999e-01,1.000000000000000000e+00
9.114802921286478954e-01,1.853676950495863895e-01,-3.671828449073929468e-01,0.000000000000000000e+00,2.347068640248447802e-01,-9.674805172973790501e-01,9.420660025086938227e-02,0.000000000000000000e+00,-3.377858918119118203e-01,-1.720511060859870045e-01,-9.253643110620918266e-01,0.000000000000000000e+00,4.327592732967358580e-01,-3.521179331820966513e-02,2.406591981248297207e-01,1.000000000000000000e+00
8.806114124434971657e-01,2.085900133939408430e-01,-4.254344761391494201e-01,0.000000000000000000e+00,2.561064442504238925e-01,-9.649565719151420584e-01,5.700044238766713289e-02,0.000000000000000000e+00,-3.986437457560637054e-01,-1.591548152498283297e-01,-9.031904055914056206e-01,0.000000000000000000e+00,4.178886696903967857e-01,-4.226667655668427115e-02,2.465820676923237142e-01,1.000000000000000000e+00
8.646818663048534415e-01,2.232834293343539667e-01,-4.499450268304500122e-01,0.000000000000000000e+00,2.679770421074458286e-01,-9.626948557806740414e-01,3.725139538298842534e-02,0.000000000000000000e+00,-4.248503230904102090e-01,-1.527884851350004014e-01,-8.922767966164567577e-01,0.000000000000000000e+00,4.113507204002283535e-01,-4.505111535960223262e-02,2.497360016052828924e-01,1.000000000000000000e+00
8.479768603930579740e-01,2.411854906576139934e-01,-4.719592675595917775e-01,0.000000000000000000e+00,2.816445685379735941e-01,-9.593792769051290303e-01,1.576346913780754186e-02,0.000000000000000000e+00,-4.489946653401759025e-01,-1.462946379728177759e-01,-8.814769817734695589e-01,0.000000000000000000e+00,4.052637104316610395e-01,-4.724472639516617833e-02,2.527348233960703960e-01,1.000000000000000000e+00
8.132478182545086476e-01,2.818738483413092411e-01,-5.090735375432026144e-01,0.000000000000000000e+00,3.095244619343075487e-01,-9.503514019366405829e-01,-3.174219908178115002e-02,0.000000000000000000e+00,-4.927555329739817247e-01,-1.317589754117658440e-01,-8.601346156980131941e-01,0.000000000000000000e+00,3.938676847049955576e-01,-4.993139527672507683e-02,2.576876683854736894e-01,1.000000000000000000e+00
7.790108133125825951e-01,3.204064605582000458e-01,-5.389458225794531154e-01,0.000000000000000000e+00,3.310243790104681061e-01,-9.401749350470343103e-01,-8.046551380092618888e-02,0.000000000000000000e+00,-5.324952763956221080e-01,-1.157229289149578760e-01,-8.384849338775822725e-01,0.000000000000000000e+00,3.832992547993415711e-01,-5.065650783130814377e-02,2.609062308080731252e-01,1.000000000000000000e+00
7.596116983904830366e-01,3.446881903091704724e-01,-5.515078113961061623e-01,0.000000000000000000e+00,3.450424272288218908e-01,-9.323998568673279586e-01,-1.075033823981252773e-01,0.000000000000000000e+00,-5.512915648088274612e-01,-1.086348585512702664e-01,-8.272098150277107376e-01,0.000000000000000000e+00,3.783656290493189189e-01,-5.092963379271590180e-02,2.620022930740544265e-01,1.000000000000000000e+00
7.360666989106344760e-01,3.750426896612857330e-01,-5.634975976769007744e-01,0.000000000000000000e+00,3.635012739776573576e-01,-9.212557570786162886e-01,-1.383307658018778641e-01,0.000000000000000000e+00,-5.710163422631058250e-01,-1.030134078246521534e-01,-8.144498601367771151e-01,0.000000000000000000e+00,3.731809132041837840e-01,-5.165510186155900657e-02,2.632970100782748291e-01,1.000000000000000000e+00
7.086059645968919574e-01,4.104939328099379559e-01,-5.738929037417580536e-01,0.000000000000000000e+00,3.848295170109910512e-01,-9.065646380836871465e-01,-1.732845830259835684e-01,0.000000000000000000e+00,-5.914146691261608080e-01,-9.806232786176473371e-02,-8.003827015851386895e-01,0.000000000000000000e+00,3.679231245027380082e-01,-5.307179480374427105e-02,2.650656109423522588e-01,1.000000000000000000e+00
6.211133236938152224e-01,5.346699285719415107e-01,-5.729983014914663553e-01,0.000000000000000000e+00,4.556320727371435675e-01,-8.412263642646845563e-01,-2.910641943978733992e-01,0.000000000000000000e+00,-6.376568267919476840e-01,-8.029410050294306933e-02,-7.661244211419233618e-01,0.000000000000000000e+00,3.581813787808233451e-01,-6.059924588905074572e-02,2.734815051835605693e-01,1.000000000000000000e+00
5.955150648852540751e-01,5.705748580090741484e-01,-5.654970254597673218e-01,0.000000000000000000e+00,4.722419218541129005e-01,-8.181031587544940198e-01,-3.281395065831930191e-01,0.000000000000000000e+00,-6.498755672892785329e-01,-7.164076185826485921e-02,-7.566566911623832103e-01,0.000000000000000000e+00,3.564127785137158888e-01,-6.452836903250713796e-02,2.780130602100078230e-01,1.000000000000000000e+00
5.725492077104767930e-01,6.028687406139134897e-01,-5.556234635451491322e-01,0.000000000000000000e+00,4.854731909124900824e-01,-7.954134618297254988e-01,-3.627863731543747861e-01,0.000000000000000000e+00,-6.606756665616141388e-01,-6.202843951509230680e-02,-7.481043619072740292e-01,0.000000000000000000e+00,3.553089829388319520e-01,-6.889131699406371434e-02,2.835278504864549576e-01,1.000000000000000000e+00
5.340598071783150269e-01,6.580175835843312671e-01,-5.308236326235927782e-01,0.000000000000000000e+00,5.036143528115927248e-01,-7.519192317786823621e-01,-4.254066283272101012e-01,0.000000000000000000e+00,-6.790746139555592364e-01,-4.013859109628206689e-02,-7.329710513969248664e-01,0.000000000000000000e+00,3.545581793521161429e-01,-7.884595281654938059e-02,2.966492759715956828e-01,1.000000000000000000e+00
4.990571716185490669e-01,7.094413928553765514e-01,-4.976098838053015783e-01,0.000000000000000000e+00,5.181859774901487192e-01,-7.045712714837034651e-01,-4.848127092327766396e-01,0.000000000000000000e+00,-6.945612047031398673e-01,-1.590551084434564666e-02,-7.192577755200865175e-01,0.000000000000000000e+00,3.551522673188218793e-01,-8.986758335444013090e-02,3.116865492282883121e-01,1.000000000000000000e+00
4.827835624673210146e-01,7.340048130170541141e-01,-4.776376379436299002e-01,0.000000000000000000e+00,5.246311359602290336e-01,-6.791245459862966793e-01,-5.133544283642582640e-01,0.000000000000000000e+00,-7.011935653664052026e-01,-2.744549678741479894e-03,-7.129656733222222709e-01,0.000000000000000000e+00,3.558142472894802455e-01,-9.587828261581474165e-02,3.193385578845962525e-01,1.000000000000000000e+00
4.534461208809523192e-01,7.787866820969269188e-01,-4.334266560188531070e-01,0.000000000000000000e+00,5.372353283596068563e-01,-6.268509388466226850e-01,-5.642843692063971295e-01,0.000000000000000000e+00,-7.111647500251671028e-01,2.302088964776361976e-02,-7.026483736275686010e-01,0.000000000000000000e+00,3.585664634860173949e-01,-1.082540891283979151e-01,3.336644733045007749e-01,1.000000000000000000e+00
4.395758270768187481e-01,7.989597498647059703e-01,-4.103865948676511666e-01,0.000000000000000000e+00,5.423017329064930836e-01,-6.002997069214688342e-01,-5.878178623160592586e-01,0.000000000000000000e+00,-7.160115503067094878e-01,3.583785142948124613e-02,-6.971679196809769108e-01,0.000000000000000000e+00,3.601997059121151978e-01,-1.145166579300093829e-01,3.398464864939247376e-01,1.000000000000000000e+00
4.258761029365549233e-01,8.175987585237389776e-01,-3.874823375448509521e-01,0.000000000000000000e+00,5.454185789721003319e-01,-5.736922337270529137e-01,-6.110454496799134771e-01,0.000000000000000000e+00,-7.218995076183005732e-01,4.889053020050393439e-02,-6.902686556386354866e-01,0.000000000000000000e+00,3.616018738594050097e-01,-1.207783239436847622e-01,3.454623749410288269e-01,1.000000000000000000e+00
3.982826819058395973e-01,8.499516960052230230e-01,-3.448677524108987869e-01,0.000000000000000000e+00,5.427040632991395608e-01,-5.214651058484974788e-01,-6.584278168199053649e-01,0.000000000000000000e+00,-7.394825759488671268e-01,7.508071172656254066e-02,-6.689756397617635519e-01,0.000000000000000000e+00,3.635484258780813938e-01,-1.323528861331944861e-01,3.549782079156911241e-01,1.000000000000000000e+00
3.710372109187611289e-01,8.768106498733982956e-01,-3.058025822052915510e-01,0.000000000000000000e+00,5.281123101940858877e-01,-4.701128706884330488e-01,-7.071577076831975228e-01,0.000000000000000000e+00,-7.638198449200853668e-01,1.008856577482601657e-01,-6.374961400408298839e-01,0.000000000000000000e+00,3.648057826448500851e-01,-1.423010605573481746e-01,3.626236625269494973e-01,1.000000000000000000e+00
3.582941033606413250e-01,8.880804270035017600e-01,-2.879570064636045035e-01,0.000000000000000000e+00,5.169423387284861615e-01,-4.455549064023832107e-01,-7.309118898416516741e-01,0.000000000000000000e+00,-7.774241681196241149e-01,1.130264279408801226e-01,-6.187379812250379807e-01,0.000000000000000000e+00,3.654877853461417914e-01,-1.466718537668499911e-01,3.659829382221969629e-01,1.000000000000000000e+00
3.457838588928926482e-01,8.987839466488404261e-01,-2.694470023523782842e-01,0.000000000000000000e+00,5.044061596052915597e-01,-4.201939912847982850e-01,-7.543157049548949722e-01,0.000000000000000000e+00,-7.912020907687509208e-01,1.249218727422523045e-01,-5.986599846939210101e-01,0.000000000000000000e+00,3.663427564993418928e-01,-1.506810769943403017e-01,3.688363422862144247e-01,1.000000000000000000e+00
3.324216175857777067e-01,9.094776076654387253e-01,-2.496539529388902279e-01,0.000000000000000000e+00,4.918579678314106696e-01,-3.930397003358417907e-01,-7.769017185859966590e-01,0.000000000000000000e+00,-8.047141245020575928e-01,1.354672482082392715e-01,-5.779998291433778856e-01,0.000000000000000000e+00,3.676252859879423629e-01,-1.541930449220617616e-01,3.711770824953629089e-01,1.000000000000000000e+00
3.034608530712774588e-01,9.301495932443419878e-01,-2.066736358170676302e-01,0.000000000000000000e+00,4.639676156347428693e-01,-3.336983186864242446e-01,-8.205852976073073624e-01,0.000000000000000000e+00,-8.322497489673262860e-01,1.531285886048977252e-01,-5.328339241224173684e-01,0.000000000000000000e+00,3.704009446210352330e-01,-1.604546478526641673e-01,3.753071082665634939e-01,1.000000000000000000e+00
2.718148365624947771e-01,9.479452295567489806e-01,-1.658230481154987779e-01,0.000000000000000000e+00,4.324930799487341493e-01,-2.742602560391702027e-01,-8.589015046296024636e-01,0.000000000000000000e+00,-8.596868072411276707e-01,1.617479654477751161e-01,-4.845370874649962967e-01,0.000000000000000000e+00,3.733335503677382983e-01,-1.668465540778071576e-01,3.795317746848795859e-01,1.000000000000000000e+00
2.556255858452885499e-01,9.558908704351655183e-01,-1.445992758666614364e-01,0.000000000000000000e+00,4.146590133373155296e-01,-2.435201252751074685e-01,-8.767762531828336980e-01,0.000000000000000000e+00,-8.733320639540665953e-01,1.641702111002317777e-01,-4.586275698832723569e-01,0.000000000000000000e+00,3.747321329906433407e-01,-1.696217057939428119e-01,3.819585371710304544e-01,1.000000000000000000e+00
2.395065533791426171e-01,9.628794745967466095e-01,-1.244205577464806700e-01,0.000000000000000000e+00,3.966791375805224229e-01,-2.140156152708425907e-01,-8.926498334340425833e-01,0.000000000000000000e+00,-8.861592061450400681e-01,1.644436114851892949e-01,-4.332206828004646626e-01,0.000000000000000000e+00,3.763968951708905886e-01,-1.724426003914257821e-01,3.842354136363805850e-01,1.000000000000000000e+00
2.236446456159605078e-01,9.689131031474182976e-01,-1.056939825049636322e-01,0.000000000000000000e+00,3.806404395102016003e-01,-1.866554911891569746e-01,-9.056783812809175993e-01,0.000000000000000000e+00,-8.972692882948771764e-01,1.623218418677921937e-01,-4.105599151591051710e-01,0.000000000000000000e+00,3.786664569786141188e-01,-1.753776915822976845e-01,3.861067014265004427e-01,1.000000000000000000e+00
1.709528598668196286e-01,9.834435820015109408e-01,-5.995487990648936533e-02,0.000000000000000000e+00,3.464033679919318320e-01,-1.169584052708409622e-01,-9.307557063921534368e-01,0.000000000000000000e+00,-9.223757115954119845e-01,1.383494411733994789e-01,-3.606694869071482845e-01,0.000000000000000000e+00,3.879822427391890760e-01,-1.872133874790905261e-01,3.889878134775234808e-01,1.000000000000000000e+00
1.518273456318890435e-01,9.872791763113030195e-01,-4.700034086747188061e-02,0.000000000000000000e+00,3.394574091751534906e-01,-9.674417235506396762e-02,-9.356227762151979599e-01,0.000000000000000000e+00,-9.282857652950108340e-01,1.261009365180598141e-01,-3.498343776130706240e-01,0.000000000000000000e+00,3.916031632246724237e-01,-1.917993292141572381e-01,3.890160015964021500e-01,1.000000000000000000e+00
1.213188139925639730e-01,9.921677558413868336e-01,-2.942170187654509841e-02,0.000000000000000000e+00,3.389002299300317156e-01,-6.926263424217769804e-02,-9.382590626007374368e-01,0.000000000000000000e+00,-9.329661756042226806e-01,1.038594547779455451e-01,-3.446553769080919483e-01,0.000000000000000000e+00,4.001536055225956567e-01,-2.005517414189989245e-01,3.861073877105799523e-01,1.000000000000000000e+00
1.131104451994622007e-01,9.931370933159830994e-01,-2.941917687271093304e-02,0.000000000000000000e+00,3.384589818767772540e-01,-6.635229636127952524e-02,-9.386285938835063902e-01,0.000000000000000000e+00,-9.341568887901640084e-01,9.621336588455650651e-02,-3.436479235366418639e-01,0.000000000000000000e+00,4.039396516995898967e-01,-2.040310934288504519e-01,3.839633411092719384e-01,1.000000000000000000e+00
9.953962677176686480e-02,9.944119379811311443e-01,-3.489279587474695965e-02,0.000000000000000000e+00,3.312364226917920984e-01,-6.618255627727000212e-02,-9.412136040390399749e-01,0.000000000000000000e+00,-9.382814032978704644e-01,8.213186726824397987e-02,-3.359797086200452254e-01,0.000000000000000000e+00,4.087764399864096121e-01,-2.100292771985420581e-01,3.798062007076434821e-01,1.000000000000000000e+00
9.350867236041103536e-02,9.949075281423750416e-01,-3.736155163039709542e-02,0.000000000000000000e+00,3.252856830940011879e-01,-6.599625969521442925e-02,-9.432997747171995018e-01,0.000000000000000000e+00,-9.409798866038816545e-01,7.605499602248662339e-02,-3.298067473338978095e-01,0.000000000000000000e+00,4.099177123552139590e-01,-2.121691694771088432e-01,3.780518327701452019e-01,1.000000000000000000e+00
8.402946128122690261e-02,9.958554760337483547e-01,-3.452053579525544286e-02,0.000000000000000000e+00,3.142291852558091181e-01,-5.935801967863800488e-02,-9.474794939915633929e-01,0.000000000000000000e+00,-9.456199192779606300e-01,6.877015565618418980e-02,-3.179207982434735236e-01,0.000000000000000000e+00,4.104705277440169331e-01,-2.146896293988368454e-01,3.745624032945084614e-01,1.000000000000000000e+00
7.760832454867012953e-02,9.965544762518023791e-01,-2.892871798840198141e-02,0.000000000000000000e+00,3.097629685836787439e-01,-5.168312655940794642e-02,-9.493979695704427568e-01,0.000000000000000000e+00,-9.476401679225652241e-01,6.472138627410779776e-02,-3.127127344679940801e-01,0.000000000000000000e+00,4.103330968327547623e-01,-2.157763630919415088e-01,3.735996173669039466e-01,1.000000000000000000e+00
6.107979475570267380e-02,9.979690353206047693e-01,-1.754451809172298885e-02,0.000000000000000000e+00,3.029947379460969370e-01,-3.528666895986248137e-02,-9.523286127550203428e-01,0.000000000000000000e+00,-9.510318648917494011e-01,5.285315713252335817e-02,-3.045405321819187883e-01,0.000000000000000000e+00,4.100153060545715378e-01,-2.180060425876490793e-01,3.740851478611926240e-01,1.000000000000000000e+00
5.132818060186924297e-02,9.985791925912868017e-01,-1.362941308508591916e-02,0.000000000000000000e+00,3.011070037577154301e-01,-2.848668751804375038e-02,-9.531546715111399726e-01,0.000000000000000000e+00,-9.522070120594897658e-01,4.482064632014425704e-02,-3.021471758070617408e-01,0.000000000000000000e+00,4.099801462792925788e-01,-2.193599054501699508e-01,3.752582155424513122e-01,1.000000000000000000e+00
3.229096265180732284e-02,9.994145717948834662e-01,-1.041894026653809868e-02,0.000000000000000000e+00,2.982020174836968462e-01,-1.958340389844965418e-02,-9.542917761154663392e-01,0.000000000000000000e+00,-9.539555117089607572e-01,2.770858457006375106e-02,-2.986655588132290373e-01,0.000000000000000000e+00,4.098825626099453223e-01,-2.220227240255285006e-01,3.786051917430689473e-01,1.000000000000000000e+00
2.355475528160579785e-02,9.996664093592102507e-01,-9.643153202969340781e-03,0.000000000000000000e+00,2.973497198488029847e-01,-1.621496414505498723e-02,-9.546208493139155538e-01,0.000000000000000000e+00,-9.544771367591214917e-01,1.961884931258994422e-02,-2.976381967351625080e-01,0.000000000000000000e+00,4.099218486909759207e-01,-2.230241721929140108e-01,3.803746579787281035e-01,1.000000000000000000e+00
1.609219808961267692e-02,9.998264806430677831e-01,-8.294375609417406828e-03,0.000000000000000000e+00,2.971510527983874383e-01,-1.270295595308580834e-02,-9.547358973203388111e-01,0.000000000000000000e+00,-9.546939760668574637e-01,1.289936509104985286e-02,-2.973096339540690081e-01,0.000000000000000000e+00,4.100891139648242811e-01,-2.235070136608738323e-01,3.818988742651397428e-01,1.000000000000000000e+00
7.264571313133859169e-03,9.999510665058587433e-01,-5.083059968175755727e-03,0.000000000000000000e+00,2.991195728571083290e-01,-7.023471784007931373e-03,-9.541796994691768008e-01,0.000000000000000000e+00,-9.541870799088213451e-01,5.411367931452078922e-03,-2.991617181929983049e-01,0.000000000000000000e+00,4.107169083786820218e-01,-2.227726674310193389e-01,3.838441326720820057e-01,1.000000000000000000e+00
