9.995872003549678420e-01,2.210385850834737514e-02,1.782120160843815235e-02,0.000000000000000000e+00,2.552673696363879155e-02,-9.744306901886619077e-01,-2.231904178490766444e-01,0.000000000000000000e+00,1.243239572888999930e-02,2.235575062244016253e-01,-9.746114492181832123e-01,0.000000000000000000e+00,6.228245363503333021e-01,2.975716287396563686e-01,3.031352515730537794e-02,1.000000000000000000e+00
9.995871853211921731e-01,2.210872918126356029e-02,1.781600226914981794e-02,0.000000000000000000e+00,2.553034452020001496e-02,-9.744301990355707099e-01,-2.231921495424646629e-01,0.000000000000000000e+00,1.242619509028897867e-02,2.235591654295407682e-01,-9.746111477035470649e-01,0.000000000000000000e+00,6.228210992500529120e-01,2.975748851645689808e-01,3.031200774003609683e-02,1.000000000000000000e+00
9.995876278865019060e-01,2.210212232168786220e-02,1.779936140206577616e-02,0.000000000000000000e+00,2.552016463326501131e-02,-9.744307938812447611e-01,-2.231907167295855698e-01,0.000000000000000000e+00,1.241149629913597049e-02,2.235572259047182708e-01,-9.746117798925905129e-01,0.000000000000000000e+00,6.228177331210655865e-01,2.975710298176857949e-01,3.030129149107535849e-02,1.000000000000000000e+00
9.995874389120298353e-01,2.210997278294782667e-02,1.780022398833318656e-02,0.000000000000000000e+00,2.552809025451409711e-02,-9.744291499106703114e-01,-2.231969876892025972e-01,0.000000000000000000e+00,1.241041674510647876e-02,2.235636153140264926e-01,-9.746103280100898436e-01,0.000000000000000000e+00,6.228148625142114758e-01,2.975796902876585159e-01,3.030476857468599600e-02,1.000000000000000000e+00
9.995877081627746463e-01,2.211349251461919643e-02,1.778072101759942819e-02,0.000000000000000000e+00,2.552706164380302845e-02,-9.744309535753244988e-01,-2.231892307870738945e-01,0.000000000000000000e+00,1.239083011395887904e-02,2.235554053848566591e-01,-9.746124604437905736e-01,0.000000000000000000e+00,6.228086570383450926e-01,2.975743228269959184e-01,3.029205112941300848e-02,1.000000000000000000e+00
9.995888045389438314e-01,2.207978169468161750e-02,1.776096793332620355e-02,0.000000000000000000e+00,2.548938586715610716e-02,-9.744390884971031452e-01,-2.231580178220321231e-01,0.000000000000000000e+00,1.237993943904535515e-02,2.235232759387461299e-01,-9.746199680968458123e-01,0.000000000000000000e+00,6.228137683342570563e-01,2.975407070476502325e-01,3.027320572100653667e-02,1.000000000000000000e+00
9.995909439709796951e-01,2.205354521768177964e-02,1.767293908056735002e-02,0.000000000000000000e+00,2.544362499061790170e-02,-9.744494239080099263e-01,-2.231181057061311646e-01,0.000000000000000000e+00,1.230107690659554623e-02,2.234808042322584676e-01,-9.746307062916913511e-01,0.000000000000000000e+00,6.227934447541882967e-01,2.975092861675296407e-01,3.022577799295794038e-02,1.000000000000000000e+00
9.995938937076697117e-01,2.196209772704518434e-02,1.761989860856586279e-02,0.000000000000000000e+00,2.534166650740746901e-02,-9.744694451425218729e-01,-2.230422545695348313e-01,0.000000000000000000e+00,1.227181329887382100e-02,2.234024944912279265e-01,-9.746490281395936428e-01,0.000000000000000000e+00,6.228064053722149884e-01,2.974244396263130419e-01,3.018556319578228481e-02,1.000000000000000000e+00
9.995875641187453864e-01,2.191847321884309724e-02,1.802856322938844319e-02,0.000000000000000000e+00,2.538670121806657284e-02,-9.745343043500488411e-01,-2.227535677546804149e-01,0.000000000000000000e+00,1.268727948539554243e-02,2.231236777609671429e-01,-9.747075753074249116e-01,0.000000000000000000e+00,6.229736476021415781e-01,2.972971615220534325e-01,3.049522361883665045e-02,1.000000000000000000e+00
9.995826031426343627e-01,2.231374084862149804e-02,1.781750165269404759e-02,0.000000000000000000e+00,2.570627873385030598e-02,-9.748600889822083282e-01,-2.212865586619912894e-01,0.000000000000000000e+00,1.243207967937729440e-02,2.216564835858297056e-01,-9.750455613350641482e-01,0.000000000000000000e+00,6.230529333415085746e-01,2.969986401049075631e-01,3.111066658973127286e-02,1.000000000000000000e+00
9.995618434365485250e-01,2.408817150072022420e-02,1.663213878877027943e-02,0.000000000000000000e+00,2.709830289723735852e-02,-9.763258414523677819e-01,-2.145560071254676016e-01,0.000000000000000000e+00,1.107033814026457674e-02,2.149168385525694336e-01,-9.765696084355836026e-01,0.000000000000000000e+00,6.231741616171572185e-01,2.955229523905695821e-01,3.356155532026585536e-02,1.000000000000000000e+00
9.995784106700571492e-01,2.514307724574219027e-02,1.384100755528322631e-02,0.000000000000000000e+00,2.747087259229766612e-02,-9.778046482111585336e-01,-2.076635933351783925e-01,0.000000000000000000e+00,8.312659799587406723e-03,2.079602730147920853e-01,-9.781019499697715114e-01,0.000000000000000000e+00,6.229546451667355988e-01,2.935770192363721387e-01,3.473433199036638636e-02,1.000000000000000000e+00
9.996053913683390357e-01,2.647095452905644936e-02,8.312461421207393772e-03,0.000000000000000000e+00,2.759043849804973178e-02,-9.799839287316838288e-01,-1.971066057551290052e-01,0.000000000000000000e+00,2.928534986038061529e-03,1.972619681469104380e-01,-9.803464385642672863e-01,0.000000000000000000e+00,6.223511305276462346e-01,2.905192083826860228e-01,3.582517269527540904e-02,1.000000000000000000e+00
9.995470614898420703e-01,2.890342583105641461e-02,-7.142180581517137104e-03,0.000000000000000000e+00,2.730301657485822986e-02,-9.855278083066991712e-01,-1.672430304715732396e-01,0.000000000000000000e+00,-1.187294269296801374e-02,1.669754913833507437e-01,-9.858895569530586878e-01,0.000000000000000000e+00,6.208530949901014395e-01,2.815920516702152820e-01,3.882108342189224265e-02,1.000000000000000000e+00
9.992756232801067728e-01,3.005294246374627318e-02,-2.293024789732851787e-02,0.000000000000000000e+00,2.679119559150940424e-02,-9.909755059220419771e-01,-1.312650959034371012e-01,0.000000000000000000e+00,-2.666872984134737931e-02,1.305581954172854164e-01,-9.910819019929841822e-01,0.000000000000000000e+00,6.198587577723567721e-01,2.706262953742127886e-01,4.422134094447447566e-02,1.000000000000000000e+00
9.990570871272050901e-01,3.020891419061598818e-02,-3.087239973724867359e-02,0.000000000000000000e+00,2.656698295724809269e-02,-9.933163779367640833e-01,-1.122386548402356521e-01,0.000000000000000000e+00,-3.405732388718014231e-02,1.113147802045530016e-01,-9.932014490513270122e-01,0.000000000000000000e+00,6.193725303428951889e-01,2.648622946821361790e-01,4.791263719261842913e-02,1.000000000000000000e+00
9.987312145102331673e-01,3.059177183740898268e-02,-3.975992404382371753e-02,0.000000000000000000e+00,2.682206459022460840e-02,-9.953777397589960163e-01,-9.211123137054653964e-02,0.000000000000000000e+00,-4.239480533285650693e-02,9.092966940384128449e-02,-9.949545093635673298e-01,0.000000000000000000e+00,6.185045911158947307e-01,2.590846779304654679e-01,5.231626346613336281e-02,1.000000000000000000e+00
9.982563246588607164e-01,3.109160241245077436e-02,-4.998369173257685011e-02,0.000000000000000000e+00,2.747973999040140974e-02,-9.970601634859187490e-01,-7.139076397336828472e-02,0.000000000000000000e+00,-5.205740336622370623e-02,6.989408848386179096e-02,-9.961951832596744882e-01,0.000000000000000000e+00,6.170746588778153185e-01,2.533857640147292312e-01,5.702601332381552340e-02,1.000000000000000000e+00
9.968927779209355577e-01,3.219257750346701807e-02,-7.175774650845741232e-02,0.000000000000000000e+00,3.018030313428776354e-02,-9.991154298027883351e-01,-2.895261877482565790e-02,0.000000000000000000e+00,-7.262772947716440719e-02,2.669750002626863211e-02,-9.970017334003683507e-01,0.000000000000000000e+00,6.131366522753788351e-01,2.424521137348626953e-01,6.810154620784902857e-02,1.000000000000000000e+00
9.952286324751351554e-01,3.258078587537311527e-02,-9.186516420615710443e-02,0.000000000000000000e+00,3.388595123211061294e-02,-9.993355940882311383e-01,1.268304374452896947e-02,0.000000000000000000e+00,-9.139266450748290138e-02,-1.573576971803853503e-02,-9.956905977388778028e-01,0.000000000000000000e+00,6.083663115662502063e-01,2.320565885174740717e-01,8.062353834674848563e-02,1.000000000000000000e+00
9.944520488522697876e-01,3.231682532243253247e-02,-1.000074609007289700e-01,0.000000000000000000e+00,3.575696336211915682e-02,-9.988125037322482802e-01,3.279891553765377360e-02,0.000000000000000000e+00,-9.883064838620379822e-02,-3.619360871104252558e-02,-9.944458384588044098e-01,0.000000000000000000e+00,6.060384932604461206e-01,2.270714456673867954e-01,8.744681112881921847e-02,1.000000000000000000e+00
9.937769845118304968e-01,3.185482177546721666e-02,-1.066457795012756005e-01,0.000000000000000000e+00,3.754945234421060846e-02,-9.979405286097446925e-01,5.182168356934729880e-02,0.000000000000000000e+00,-1.047773923647813410e-01,-5.550475568351124350e-02,-9.929455776354263463e-01,0.000000000000000000e+00,6.037401874369683341e-01,2.223307017160996157e-01,9.435099972337401830e-02,1.000000000000000000e+00
9.933104305157273162e-01,3.131206005917436946e-02,-1.110616514586370979e-01,0.000000000000000000e+00,3.921058134651962679e-02,-9.967901208423003423e-01,6.966155469747291329e-02,0.000000000000000000e+00,-1.085259996556903195e-01,-7.355175690518142573e-02,-9.913688750686570073e-01,0.000000000000000000e+00,6.016454620415078169e-01,2.178943681902145157e-01,1.015816601952277826e-01,1.000000000000000000e+00
9.925748468221039511e-01,2.968777942678732171e-02,-1.178751717283648831e-01,0.000000000000000000e+00,4.209771922543309453e-02,-9.936524615780520930e-01,1.042272255080364390e-01,0.000000000000000000e+00,-1.140348751903945829e-01,-1.084176856528152877e-01,-9.875432409155552316e-01,0.000000000000000000e+00,5.970581942618358173e-01,2.092589056753316190e-01,1.162321476985049007e-01,1.000000000000000000e+00
9.915233905971894135e-01,2.593507821583426395e-02,-1.272379051925959792e-01,0.000000000000000000e+00,4.393534214245864433e-02,-9.890568304401587962e-01,1.407729333774798697e-01,0.000000000000000000e+00,-1.221969148530909072e-01,-1.451726921290609762e-01,-9.818313518422537856e-01,0.000000000000000000e+00,5.911942519021599063e-01,1.996573068064875500e-01,1.304648005914891273e-01,1.000000000000000000e+00
9.906743673779977444e-01,2.263688670167682965e-02,-1.342855765965493553e-01,0.000000000000000000e+00,4.433136700522023743e-02,-9.859745541139911529e-01,1.608404658050117397e-01,0.000000000000000000e+00,-1.287637132077410762e-01,-1.652967723648600118e-01,-9.778020674997133233e-01,0.000000000000000000e+00,5.875326981611763699e-01,1.941193747689353155e-01,1.374356379012933171e-01,1.000000000000000000e+00
9.886608660668794180e-01,1.291828661233584280e-02,-1.495444973247026521e-01,0.000000000000000000e+00,4.339878823827799520e-02,-9.783302646680923642e-01,2.024035210047436806e-01,0.000000000000000000e+00,-1.436919674672932912e-01,-2.066024680808587755e-01,-9.678161182106217453e-01,0.000000000000000000e+00,5.798448286624584558e-01,1.819281377877882966e-01,1.515469015232054073e-01,1.000000000000000000e+00
9.860625164628611383e-01,-1.037292979981249566e-03,-1.663141141076466545e-01,0.000000000000000000e+00,4.024776808076709067e-02,-9.687613443320519657e-01,2.446677784132609001e-01,0.000000000000000000e+00,-1.613755839133535208e-01,-2.479562710993040431e-01,-9.552358915677072737e-01,0.000000000000000000e+00,5.715625186332468077e-01,1.686209128581595273e-01,1.655492689649237237e-01,1.000000000000000000e+00
9.832846241914042773e-01,-1.805815323052413490e-02,-1.811242607490233525e-01,0.000000000000000000e+00,3.482407693658894771e-02,-9.580134772320147984e-01,2.845667022132889468e-01,0.000000000000000000e+00,-1.786616717549390498e-01,-2.861230567900669430e-01,-9.413891880719889027e-01,0.000000000000000000e+00,5.633471783992449744e-01,1.551015896528905591e-01,1.797769141563775319e-01,1.000000000000000000e+00
9.815015706306927656e-01,-2.682112810065075126e-02,-1.895152786402714284e-01,0.000000000000000000e+00,3.242292632234981126e-02,-9.525166642496517566e-01,3.027234795595147854e-01,0.000000000000000000e+00,-1.886394781536240295e-01,-3.032740495360020105e-01,-9.340449658126546151e-01,0.000000000000000000e+00,5.587974087244260701e-01,1.485374898071900041e-01,1.867502683601127700e-01,1.000000000000000000e+00
9.794986696513067193e-01,-3.680490305075219404e-02,-1.980113687745050366e-01,0.000000000000000000e+00,2.907118735626048125e-02,-9.470184508385016686e-01,3.198306844853222031e-01,0.000000000000000000e+00,-1.992955940981429308e-01,-3.190362980047167230e-01,-9.265511894809231874e-01,0.000000000000000000e+00,5.539635407481148244e-01,1.421432391580429444e-01,1.935557926866679490e-01,1.000000000000000000e+00
9.772044482146654554e-01,-4.888830454314180979e-02,-2.065481710632572632e-01,0.000000000000000000e+00,2.415901560016378222e-02,-9.411612745632963462e-01,3.370645993408845076e-01,0.000000000000000000e+00,-2.108777167694161347e-01,-3.343774641008588344e-01,-9.185435754887173454e-01,0.000000000000000000e+00,5.488466211706095610e-01,1.355922653510273634e-01,2.003694089314339843e-01,1.000000000000000000e+00
9.711356095998718851e-01,-7.492454561471258156e-02,-2.264126479080234566e-01,0.000000000000000000e+00,1.503542326140678079e-02,-9.282358011373751383e-01,3.716624549714622749e-01,0.000000000000000000e+00,-2.380155487161972339e-01,-3.643458695541497150e-01,-9.003336525467424689e-01,0.000000000000000000e+00,5.376162654022039744e-01,1.216718803556642720e-01,2.141622534002360634e-01,1.000000000000000000e+00
9.631436410688211103e-01,-1.031014396958528090e-01,-2.484052469303822952e-01,0.000000000000000000e+00,5.173798490854700054e-03,-9.163226719469469428e-01,4.003832408910141250e-01,0.000000000000000000e+00,-2.689046254061626673e-01,-3.869192205403726437e-01,-8.820339104658062590e-01,0.000000000000000000e+00,5.254657021753487145e-01,1.085137138006338764e-01,2.277562672521434295e-01,1.000000000000000000e+00
9.583599403588396459e-01,-1.160419022752606916e-01,-2.608855084763208598e-01,0.000000000000000000e+00,1.175462168053447191e-03,-9.120709309399134268e-01,4.100072952086331046e-01,0.000000000000000000e+00,-2.855296123973101730e-01,-3.932487992862244153e-01,-8.739726667946684513e-01,0.000000000000000000e+00,5.191524297787897257e-01,1.026040378970115158e-01,2.343755347833364755e-01,1.000000000000000000e+00
9.528237609836777144e-01,-1.282505038561917998e-01,-2.750626031774597857e-01,0.000000000000000000e+00,-2.048171966165451569e-03,-9.090125312438137595e-01,4.167406506863949867e-01,0.000000000000000000e+00,-3.034883946847878322e-01,-3.965246529573440148e-01,-8.664080989283909906e-01,0.000000000000000000e+00,5.125732188568121739e-01,9.701367458586510062e-02,2.410734680719567036e-01,1.000000000000000000e+00
9.463633985718441499e-01,-1.381641980069865383e-01,-2.920406121309898628e-01,0.000000000000000000e+00,-2.260044786897958801e-03,-9.067426481368197067e-01,4.216555574738662937e-01,0.000000000000000000e+00,-3.230696000316433114e-01,-3.983870317195436495e-01,-8.584368389655032683e-01,0.000000000000000000e+00,5.055665046900003068e-01,9.152152509884058096e-02,2.478403691724340996e-01,1.000000000000000000e+00
9.307226198642567505e-01,-1.595817539995874335e-01,-3.290437897372282539e-01,0.000000000000000000e+00,-3.676286606144194263e-03,-9.037941266390467909e-01,4.279292096489333286e-01,0.000000000000000000e+00,-3.656845789963202864e-01,-3.970813808909048337e-01,-8.417845125886174174e-01,0.000000000000000000e+00,4.907161356376094075e-01,8.062785566011480831e-02,2.617902894529204882e-01,1.000000000000000000e+00
9.131607882799166465e-01,-1.696853863616581137e-01,-3.705738675412826311e-01,0.000000000000000000e+00,4.247022343781135974e-03,-9.051947445764096933e-01,4.249531551755653114e-01,0.000000000000000000e+00,-4.075577044460420573e-01,-3.896318952789984413e-01,-8.258835896952838596e-01,0.000000000000000000e+00,4.759564016878428117e-01,7.050815232007548450e-02,2.764352470502001169e-01,1.000000000000000000e+00
9.040594599080333804e-01,-1.686212570367643104e-01,-3.927137781226230362e-01,0.000000000000000000e+00,1.304760063651210639e-02,-9.075511354129287556e-01,4.197159082397786123e-01,0.000000000000000000e+00,-4.271890839868429657e-01,-3.845795142068439421e-01,-8.182958412303644735e-01,0.000000000000000000e+00,4.689646541569026383e-01,6.553676767747683429e-02,2.838197818291958718e-01,1.000000000000000000e+00
8.949190754324081176e-01,-1.638122678774454610e-01,-4.150495587532411768e-01,0.000000000000000000e+00,2.425039915222704928e-02,-9.109335242663153531e-01,4.118164389748371623e-01,0.000000000000000000e+00,-4.455517203692400674e-01,-3.786147937909786765e-01,-8.112548936053485260e-01,0.000000000000000000e+00,4.623380741665322757e-01,6.076519538375218382e-02,2.910724502044179096e-01,1.000000000000000000e+00
8.772649197714702529e-01,-1.498895811385390631e-01,-4.559825883799484836e-01,0.000000000000000000e+00,4.691459828848460606e-02,-9.186562976371529521e-01,3.922376501309345342e-01,0.000000000000000000e+00,-4.776928105798939894e-01,-3.654956075568933094e-01,-7.988883148331179518e-01,0.000000000000000000e+00,4.506516382835890067e-01,5.090069735324581623e-02,3.051574546848146996e-01,1.000000000000000000e+00
8.579030628146070425e-01,-1.372587874873139324e-01,-4.951192855989729469e-01,0.000000000000000000e+00,6.693613844348815511e-02,-9.255753233547241443e-01,3.725729741517497806e-01,0.000000000000000000e+00,-5.094189154427464228e-01,-3.527796607952882191e-01,-7.848814429697632544e-01,0.000000000000000000e+00,4.397076387478455195e-01,4.022104581038555421e-02,3.189379202679475944e-01,1.000000000000000000e+00
8.465937487098067482e-01,-1.298983416120124690e-01,-5.161261400017772560e-01,0.000000000000000000e+00,7.827267927012164506e-02,-9.288159568690107504e-01,3.621533554263846599e-01,0.000000000000000000e+00,-5.264394504607203817e-01,-3.470020234617816057e-01,-7.761772353734965879e-01,0.000000000000000000e+00,4.340679768266295091e-01,3.481674298812943019e-02,3.258575737207187739e-01,1.000000000000000000e+00
8.342109523696876749e-01,-1.220296061489265366e-01,-5.377560869676928368e-01,0.000000000000000000e+00,9.052823911778380694e-02,-9.316581465583013699e-01,3.518500856543771982e-01,0.000000000000000000e+00,-5.439514394114359774e-01,-3.422058951970565754e-01,-7.661670554484889539e-01,0.000000000000000000e+00,4.283783363244138553e-01,2.900545331753456857e-02,3.325990147024196486e-01,1.000000000000000000e+00
7.964084977087404482e-01,-7.996873724982055121e-02,-5.994324421827572635e-01,0.000000000000000000e+00,1.367533974324887380e-01,-9.417174107239933978e-01,3.073232394908942955e-01,0.000000000000000000e+00,-5.890835604299025086e-01,-3.267355531455559681e-01,-7.390699812209240438e-01,0.000000000000000000e+00,4.130778384937223713e-01,1.219527070300213678e-02,3.508553970972447811e-01,1.000000000000000000e+00
7.834182839459102876e-01,-5.682849336454855182e-02,-6.188756430999434732e-01,0.000000000000000000e+00,1.563908863957354789e-01,-9.457294352759723077e-01,2.848130488691742457e-01,0.000000000000000000e+00,-6.014859893819379799e-01,-3.199204198430710133e-01,-7.320283666256822697e-01,0.000000000000000000e+00,4.088311357905903276e-01,6.978300856077841209e-03,3.560690009706095616e-01,1.000000000000000000e+00
7.706406833966898962e-01,-3.181543512985221533e-02,-6.364601025065033113e-01,0.000000000000000000e+00,1.763782532793357338e-01,-9.490772400353594263e-01,2.610054618551182481e-01,0.000000000000000000e+00,-6.123655897548789806e-01,-3.134051826773250893e-01,-7.257999558798220452e-01,0.000000000000000000e+00,4.049081334594647474e-01,1.905664563871657105e-03,3.613649769154232971e-01,1.000000000000000000e+00
7.443563795027320351e-01,2.049624828628905313e-02,-6.674535422042344734e-01,0.000000000000000000e+00,2.156067589737899748e-01,-9.533627858470004046e-01,2.111726093698540196e-01,0.000000000000000000e+00,-6.320092903236731452e-01,-3.011009710876625389e-01,-7.140745494376854463e-01,0.000000000000000000e+00,3.981098754110151683e-01,-8.995679188917610203e-03,3.715216625283730423e-01,1.000000000000000000e+00
7.307234543822475059e-01,4.564764763158446481e-02,-6.811316116453458580e-01,0.000000000000000000e+00,2.326161949815140906e-01,-9.546903171500148444e-01,1.855716871549497604e-01,0.000000000000000000e+00,-6.418112002113914860e-01,-2.940494894198429354e-01,-7.082466244572879210e-01,0.000000000000000000e+00,3.948669516842697180e-01,-1.473579693133538968e-02,3.763298610713559644e-01,1.000000000000000000e+00
6.974508057297016395e-01,1.010245958887136114e-01,-7.094625793611111231e-01,0.000000000000000000e+00,2.666510521366117215e-01,-9.555012139616757549e-01,1.260769345019549514e-01,0.000000000000000000e+00,-6.651682910317959774e-01,-2.771167381464502699e-01,-6.933667557973282047e-01,0.000000000000000000e+00,3.875243599019924656e-01,-2.626279545890676179e-02,3.853403405008969940e-01,1.000000000000000000e+00
6.786084618673072777e-01,1.321925822837145548e-01,-7.224931996721206673e-01,0.000000000000000000e+00,2.838482267222008359e-01,-9.544376866694457284e-01,9.197626516089549287e-02,0.000000000000000000e+00,-6.774292007403605043e-01,-2.674994355679750635e-01,-6.852253132766558119e-01,0.000000000000000000e+00,3.838963680210341622e-01,-3.179892497315593702e-02,3.891306421027693752e-01,1.000000000000000000e+00
6.380550320041451506e-01,1.957816196420415766e-01,-7.446717937761146988e-01,0.000000000000000000e+00,3.139620145553821962e-01,-9.492261534221245745e-01,1.945019220911485894e-02,0.000000000000000000e+00,-7.030674884628179688e-01,-2.462136899454891725e-01,-6.671393599166606236e-01,0.000000000000000000e+00,3.767479975526677460e-01,-4.231795863147883724e-02,3.961422787093214493e-01,1.000000000000000000e+00
6.175359332455786499e-01,2.262952513690171252e-01,-7.532732420971515186e-01,0.000000000000000000e+00,3.256967830171690337e-01,-9.453116180963853088e-01,-1.697931463485340131e-02,0.000000000000000000e+00,-7.159340695783061870e-01,-2.348578565165644061e-01,-6.574801862029682198e-01,0.000000000000000000e+00,3.733993539306867393e-01,-4.720318023660664136e-02,3.993873525299480032e-01,1.000000000000000000e+00
5.976346619069915489e-01,2.562267923555869298e-01,-7.597113851112743399e-01,0.000000000000000000e+00,3.353169947742633550e-01,-9.405778507073548900e-01,-5.344685842495976169e-02,0.000000000000000000e+00,-7.282762404359853781e-01,-2.228067331065577972e-01,-6.480516007995118510e-01,0.000000000000000000e+00,3.702840902256325228e-01,-5.209247174863389923e-02,4.024998245711609024e-01,1.000000000000000000e+00
5.596566550358335057e-01,3.174774971444234151e-01,-7.654888726704152102e-01,0.000000000000000000e+00,3.527954135860937868e-01,-9.270904983470217298e-01,-1.265675745540547070e-01,0.000000000000000000e+00,-7.498742546352824556e-01,-1.992304138212306341e-01,-6.308691183152023152e-01,0.000000000000000000e+00,3.650881504026618485e-01,-6.090444615335430245e-02,4.085332311223460189e-01,1.000000000000000000e+00
5.220720164429991650e-01,3.864437165146959452e-01,-7.603175721464410231e-01,0.000000000000000000e+00,3.728158964924104257e-01,-9.051751619143486582e-01,-2.040759184154303796e-01,0.000000000000000000e+00,-7.670992068744009185e-01,-1.769195572938223326e-01,-6.166508550708600378e-01,0.000000000000000000e+00,3.614637975566780681e-01,-6.872889564941148111e-02,4.146610208585910784e-01,1.000000000000000000e+00
5.043954455213505161e-01,4.176747385119476963e-01,-7.557207118026492143e-01,0.000000000000000000e+00,3.800247412423176652e-01,-8.932723702812270794e-01,-2.400550258525660507e-01,0.000000000000000000e+00,-7.753442794340273947e-01,-1.661131044317277761e-01,-6.093009805383401423e-01,0.000000000000000000e+00,3.597471280155046802e-01,-7.241011484762072126e-02,4.180132624540283115e-01,1.000000000000000000e+00
4.888353531447475753e-01,4.449731712992037180e-01,-7.503463341957419264e-01,0.000000000000000000e+00,3.856624943779866088e-01,-8.817355268893910525e-01,-2.716388189350815163e-01,0.000000000000000000e+00,-7.824940724768003619e-01,-1.565967958849370789e-01,-6.026445636170989495e-01,0.000000000000000000e+00,3.583027129235658581e-01,-7.554542112667765597e-02,4.212567479059630693e-01,1.000000000000000000e+00
4.524589361273330668e-01,5.045850712910664448e-01,-7.352928422403687270e-01,0.000000000000000000e+00,3.940137056730175780e-01,-8.527889492567838348e-01,-3.427607834460293379e-01,0.000000000000000000e+00,-8.000169874871897457e-01,-1.346328702017620949e-01,-5.846766713262616655e-01,0.000000000000000000e+00,3.547762070962327541e-01,-8.240488649878284499e-02,4.287381476139913161e-01,1.000000000000000000e+00
4.174643802382543289e-01,5.612405984465775877e-01,-7.146420284232000153e-01,0.000000000000000000e+00,3.994235658807631650e-01,-8.197387050213399418e-01,-4.104509927022232385e-01,0.000000000000000000e+00,-8.161972060360863646e-01,-1.140983947821132133e-01,-5.663953364629965570e-01,0.000000000000000000e+00,3.518711152481127646e-01,-8.799537511744300045e-02,4.354310729155765336e-01,1.000000000000000000e+00
4.005166472557973312e-01,5.864137696109805731e-01,-7.040497517809540806e-01,0.000000000000000000e+00,4.007584291209396743e-01,-8.030924275734505624e-01,-4.409262763364266147e-01,0.000000000000000000e+00,-8.239981286346035327e-01,-1.055575909722011596e-01,-5.566728653300937468e-01,0.000000000000000000e+00,3.507161538312714155e-01,-9.068723567214431736e-02,4.386987939034303619e-01,1.000000000000000000e+00
3.836374620993180939e-01,6.097759546660951324e-01,-6.935245703551207175e-01,0.000000000000000000e+00,4.009784906373188851e-01,-7.864930012230928469e-01,-4.697081604299821467e-01,0.000000000000000000e+00,-8.318849790648878972e-01,-9.789267358350919879e-02,-5.462457378001986941e-01,0.000000000000000000e+00,3.496933330225442949e-01,-9.311550618906973276e-02,4.416817879532882740e-01,1.000000000000000000e+00
3.675599254453438824e-01,6.316182934622320833e-01,-6.825970842830193508e-01,0.000000000000000000e+00,4.004789024646080442e-01,-7.699352591700314719e-01,-4.967867674050185922e-01,0.000000000000000000e+00,-8.393513333532729437e-01,-9.076857152585782185e-02,-5.359574662426472846e-01,0.000000000000000000e+00,3.489573882549081851e-01,-9.538038367720169663e-02,4.444078553740119508e-01,1.000000000000000000e+00
3.343354745227689051e-01,6.731842822071267829e-01,-6.595630823250482333e-01,0.000000000000000000e+00,4.013895625749817064e-01,-7.349022037598882395e-01,-5.466131327236223303e-01,0.000000000000000000e+00,-8.527021492756032828e-01,-8.199115457932741602e-02,-5.159229547049785092e-01,0.000000000000000000e+00,3.483142696333655919e-01,-1.002265822290262787e-01,4.492967267382301788e-01,1.000000000000000000e+00
2.949239613734634946e-01,7.207191266858242740e-01,-6.273472278875668051e-01,0.000000000000000000e+00,4.092667587188138500e-01,-6.885583708315471396e-01,-5.986391543048367181e-01,0.000000000000000000e+00,-8.634324974216456283e-01,-8.020087984339777099e-02,-4.980483322616037767e-01,0.000000000000000000e+00,3.489699986110852969e-01,-1.055659807388965865e-01,4.533015747598193590e-01,1.000000000000000000e+00
2.746776242264091228e-01,7.424666601027950508e-01,-6.109633444703082006e-01,0.000000000000000000e+00,4.148536480535866544e-01,-6.647310495024737476e-01,-6.212968931398087369e-01,0.000000000000000000e+00,-8.674352351753245038e-01,-8.280561199826394492e-02,-4.906111937144547741e-01,0.000000000000000000e+00,3.497953082315211626e-01,-1.087496964160695884e-01,4.551017798388451441e-01,1.000000000000000000e+00
2.539957242131979376e-01,7.619211559649710086e-01,-5.957709887831261764e-01,0.000000000000000000e+00,4.198986927779058131e-01,-6.417619202803901413e-01,-6.417222704430947111e-01,0.000000000000000000e+00,-8.713016831706577037e-01,-8.717042486090513520e-02,-4.829437792678855090e-01,0.000000000000000000e+00,3.507737599616030377e-01,-1.122285288685702653e-01,4.564683533135920346e-01,1.000000000000000000e+00
2.136677529170393497e-01,7.948988642053723686e-01,-5.678579346540826300e-01,0.000000000000000000e+00,4.303883029911108049e-01,-5.984258589060357236e-01,-6.757463628775320919e-01,0.000000000000000000e+00,-8.769877733564781508e-01,-1.000161315583648070e-01,-4.699885305104224420e-01,0.000000000000000000e+00,3.532515334272287588e-01,-1.201806502455715631e-01,4.587394230641667625e-01,1.000000000000000000e+00
1.745227064802684913e-01,8.252367120964670955e-01,-5.371284211733939884e-01,0.000000000000000000e+00,4.432543006139060826e-01,-5.529467386950044361e-01,-7.055184448723108570e-01,0.000000000000000000e+00,-8.792400586137733010e-01,-1.149577074882977279e-01,-4.623003837526888926e-01,0.000000000000000000e+00,3.567967549810412975e-01,-1.287554222649840152e-01,4.590587004676828231e-01,1.000000000000000000e+00
1.550975057574673910e-01,8.399019987912142993e-01,-5.200866687731418025e-01,0.000000000000000000e+00,4.485746866097953811e-01,-5.289304306199829053e-01,-7.204124492249504019e-01,0.000000000000000000e+00,-8.801824679720107181e-01,-1.215658809833429360e-01,-4.588033997862744351e-01,0.000000000000000000e+00,3.585887028527494080e-01,-1.329593127836854738e-01,4.587276498108393552e-01,1.000000000000000000e+00
1.350090351424303170e-01,8.546051001063336150e-01,-5.014014660961432224e-01,0.000000000000000000e+00,4.518813658548630485e-01,-5.034515071524657825e-01,-7.364241699185752887e-01,0.000000000000000000e+00,-8.818001526340001339e-01,-1.271525107847357727e-01,-4.541593660993814008e-01,0.000000000000000000e+00,3.602802602866820858e-01,-1.370138765078027232e-01,4.578332870906585139e-01,1.000000000000000000e+00
1.145002830414131589e-01,8.694443814178630658e-01,-4.805589450895217940e-01,0.000000000000000000e+00,4.532584963912441034e-01,-4.761767977323324019e-01,-7.535204971676207064e-01,0.000000000000000000e+00,-8.839922017291298451e-01,-1.315416472597701336e-01,-4.486140683463589185e-01,0.000000000000000000e+00,3.617661350058907765e-01,-1.409165654720376526e-01,4.564765579094648973e-01,1.000000000000000000e+00
7.395201529315159616e-02,8.999540735589331986e-01,-4.296446343432815951e-01,0.000000000000000000e+00,4.510135238376178912e-01,-4.144292121014229169e-01,-7.904530197132378921e-01,0.000000000000000000e+00,-8.894458269307539133e-01,-1.353225521092015771e-01,-4.365477383358198349e-01,0.000000000000000000e+00,3.643300808483292963e-01,-1.479795498711770352e-01,4.525356258567928558e-01,1.000000000000000000e+00
3.715303484208954538e-02,9.281611760004043754e-01,-3.702934380579503415e-01,0.000000000000000000e+00,4.428264351417989797e-01,-3.474722386027472854e-01,-8.265280023333811954e-01,0.000000000000000000e+00,-8.958351401073734177e-01,-1.332702653285322558e-01,-4.239321149996366223e-01,0.000000000000000000e+00,3.664159264814454975e-01,-1.543871449530849482e-01,4.473618351594797482e-01,1.000000000000000000e+00
2.043443976920024732e-02,9.393589662482829672e-01,-3.422979887488155071e-01,0.000000000000000000e+00,4.365802249568070392e-01,-3.163860400669776807e-01,-8.421866347363918814e-01,0.000000000000000000e+00,-8.994311886147566826e-01,-1.322334667722736279e-01,-4.165787407110830287e-01,0.000000000000000000e+00,3.672270712525584901e-01,-1.579291306010850160e-01,4.445640140754771874e-01,1.000000000000000000e+00
-6.365520391421542259e-03,9.548155369342244958e-01,-2.970984979436338547e-01,0.000000000000000000e+00,4.216369210332177597e-01,-2.668393423837378542e-01,-8.666024573465337388e-01,0.000000000000000000e+00,-9.067405159990572505e-01,-1.307865895771727072e-01,-4.008946303363707941e-01,0.000000000000000000e+00,3.681745654970429715e-01,-1.659228490000468903e-01,4.393059889060553780e-01,1.000000000000000000e+00
-2.594135654116550005e-02,9.646807583927390350e-01,-2.621046113841236647e-01,0.000000000000000000e+00,4.042730695267428564e-01,-2.296714116128708016e-01,-8.853220175983342877e-01,0.000000000000000000e+00,-9.142686539501018173e-01,-1.289307722105307030e-01,-3.840438573671826616e-01,0.000000000000000000e+00,3.684711508955252346e-01,-1.743182784055247736e-01,4.337537975357810827e-01,1.000000000000000000e+00
-3.489138789658106921e-02,9.691390411192505328e-01,-2.439935591984311869e-01,0.000000000000000000e+00,3.962937309740179881e-01,-2.107098115169875052e-01,-8.936069611537147406e-01,0.000000000000000000e+00,-9.174588942667872837e-01,-1.278747670025976446e-01,-3.767190216790164414e-01,0.000000000000000000e+00,3.687102847555162044e-01,-1.780062261421677949e-01,4.305330745790666991e-01,1.000000000000000000e+00
-4.633216958125699336e-02,9.762710405482667442e-01,-2.114921567101408773e-01,0.000000000000000000e+00,3.841637708097515591e-01,-1.780219859492609136e-01,-9.059288695130108815e-01,0.000000000000000000e+00,-9.221001271372573083e-01,-1.232236468663344964e-01,-3.668068815963174134e-01,0.000000000000000000e+00,3.698414706994128665e-01,-1.836855964423546872e-01,4.226716588962589061e-01,1.000000000000000000e+00
-4.882286454767383044e-02,9.784474311579620665e-01,-2.005933679336208697e-01,0.000000000000000000e+00,3.810523962180096813e-01,-1.673957862043322919e-01,-9.092625962826991204e-01,0.000000000000000000e+00,-9.232619117662471675e-01,-1.208317144780595986e-01,-3.646740175252781713e-01,0.000000000000000000e+00,3.708844351475248380e-01,-1.859446813660322328e-01,4.181152553471041422e-01,1.000000000000000000e+00
-5.059444516903249117e-02,9.798808907246501221e-01,-1.930139606658350937e-01,0.000000000000000000e+00,3.796391764595518081e-01,-1.598840991601207240e-01,-9.112035543357356326e-01,0.000000000000000000e+00,-9.237485987033813295e-01,-1.193797977710811947e-01,-3.639189336619833015e-01,0.000000000000000000e+00,3.721907156800420835e-01,-1.880075027971183366e-01,4.133556970361826344e-01,1.000000000000000000e+00
-5.504124783154255157e-02,9.822991253543094103e-01,-1.789961906480522225e-01,0.000000000000000000e+00,3.776759813461180726e-01,-1.454665032193507013e-01,-9.144293829796751316e-01,0.000000000000000000e+00,-9.242989286609586408e-01,-1.179361668899212151e-01,-3.629911169925741365e-01,0.000000000000000000e+00,3.748813950305195930e-01,-1.912182972025546490e-01,4.045850276647976473e-01,1.000000000000000000e+00
-6.387837479373290051e-02,9.856969213249745509e-01,-1.558906008243818586e-01,0.000000000000000000e+00,3.740248311878396903e-01,-1.211759127597604319e-01,-9.194577590748558293e-01,0.000000000000000000e+00,-9.252146815036738081e-01,-1.170426764325119134e-01,-3.609415534730932573e-01,0.000000000000000000e+00,3.771139482551397748e-01,-1.933235411738662146e-01,3.971540341968092802e-01,1.000000000000000000e+00
-6.811857275783388121e-02,9.871550215588849042e-01,-1.444491964592446442e-01,0.000000000000000000e+00,3.714119848673635982e-01,-1.092863851064051484e-01,-9.220034546727405855e-01,0.000000000000000000e+00,-9.259644983733560375e-01,-1.164579643562158595e-01,-3.592036891377725083e-01,0.000000000000000000e+00,3.779329612200381661e-01,-1.940377137832453303e-01,3.941758145214752096e-01,1.000000000000000000e+00
-7.046851252346431060e-02,9.880379694426106862e-01,-1.370981640419054459e-01,0.000000000000000000e+00,3.689679379830677619e-01,-1.018736356157353140e-01,-9.238317866409250234e-01,0.000000000000000000e+00,-9.267654140925045692e-01,-1.156881060688218082e-01,-3.573823293843131355e-01,0.000000000000000000e+00,3.786915328009239357e-01,-1.947255003596654876e-01,3.914267617885028860e-01,1.000000000000000000e+00
-7.285889357757480145e-02,9.889446766254285093e-01,-1.290765474518383860e-01,0.000000000000000000e+00,3.681050184395951441e-01,-9.361734767710513938e-02,-9.250487741274497910e-01,0.000000000000000000e+00,-9.269237109657584295e-01,-1.149139675180652909e-01,-3.572215196747305366e-01,0.000000000000000000e+00,3.805645372803952431e-01,-1.963519107956403220e-01,3.861430756004542997e-01,1.000000000000000000e+00
-7.476998920566840789e-02,9.894486099560444448e-01,-1.240227554581980890e-01,0.000000000000000000e+00,3.696234230845756863e-01,-8.801216442231589443e-02,-9.249935842599926739e-01,0.000000000000000000e+00,-9.261669588937616604e-01,-1.150056899391827397e-01,-3.591496283376796606e-01,0.000000000000000000e+00,3.825634217877512122e-01,-1.977113289014065245e-01,3.817913960176967381e-01,1.000000000000000000e+00
-7.587690558965931586e-02,9.896060371757041674e-01,-1.220792090601219987e-01,0.000000000000000000e+00,3.701028886139825502e-01,-8.573405453475994864e-02,-9.250158218289161738e-01,0.000000000000000000e+00,-9.258854134953977688e-01,-1.153714273522037648e-01,-3.597577446382101973e-01,0.000000000000000000e+00,3.834397330633987355e-01,-1.981150876601689703e-01,3.799095532983449708e-01,1.000000000000000000e+00
-7.710040903578044280e-02,9.897356321996191308e-01,-1.202482938845454430e-01,0.000000000000000000e+00,3.705276701669030226e-01,-8.352492489829041467e-02,-9.250478795514479602e-01,0.000000000000000000e+00,-9.256143985440816735e-01,-1.158791210978501462e-01,-3.602915687349172447e-01,0.000000000000000000e+00,3.842115396022833251e-01,-1.984200610740733950e-01,3.781675076176749251e-01,1.000000000000000000e+00
-7.768143257985489492e-02,9.898345713260575662e-01,-1.190540353843986127e-01,0.000000000000000000e+00,3.699423647749594535e-01,-8.227061010831185350e-02,-9.253944782406718916e-01,0.000000000000000000e+00,-9.257999193210952882e-01,-1.159313321947207515e-01,-3.597977704219566530e-01,0.000000000000000000e+00,3.846246304878166988e-01,-1.986286969602391872e-01,3.768155107922255276e-01,1.000000000000000000e+00
-7.806892856547208159e-02,9.900340440660321262e-01,-1.171263458155560738e-01,0.000000000000000000e+00,3.671271200511854738e-01,-8.067852608486993093e-02,-9.266549519928676260e-01,0.000000000000000000e+00,-9.268873759756379727e-01,-1.153454380304700239e-01,-3.571767380199268316e-01,0.000000000000000000e+00,3.847825894867051844e-01,-1.987396145108709100e-01,3.752543062262412854e-01,1.000000000000000000e+00
-7.838608475860646407e-02,9.901203767704923608e-01,-1.161809283887978994e-01,0.000000000000000000e+00,3.655449133122705141e-01,-7.987586069668034527e-02,-9.273497237454150222e-01,0.000000000000000000e+00,-9.274857664995074247e-01,-1.151628786850810576e-01,-3.556791592345364683e-01,0.000000000000000000e+00,3.848736787072118415e-01,-1.987176675537138670e-01,3.744364776350315172e-01,1.000000000000000000e+00
-7.855629030253739875e-02,9.901137910260976449e-01,-1.161220778966728373e-01,0.000000000000000000e+00,3.651834212223990517e-01,-7.980453651189323150e-02,-9.274982758569603192e-01,0.000000000000000000e+00,-9.276137621236488773e-01,-1.152689007826175477e-01,-3.553108341032927275e-01,0.000000000000000000e+00,3.849210478943319580e-01,-1.986431461377785868e-01,3.742574180552611374e-01,1.000000000000000000e+00
-7.867200810081383111e-02,9.900764556683164797e-01,-1.163618235241177246e-01,0.000000000000000000e+00,3.650044801027608199e-01,-8.000987432569879598e-02,-9.275510209236511594e-01,0.000000000000000000e+00,-9.276743827306279666e-01,-1.154471110458876043e-01,-3.550946411543081660e-01,0.000000000000000000e+00,3.849549826957821552e-01,-1.985390000789748755e-01,3.742143545487472966e-01,1.000000000000000000e+00
-7.872357122752958458e-02,9.900642332918917488e-01,-1.164309245455467240e-01,0.000000000000000000e+00,3.650844309562062961e-01,-8.004616458523523825e-02,-9.275164239568939317e-01,0.000000000000000000e+00,-9.276385460160728735e-01,-1.155267473473698542e-01,-3.551623552581595344e-01,0.000000000000000000e+00,3.849643525490515361e-01,-1.984929259332546825e-01,3.743025806381513609e-01,1.000000000000000000e+00
-7.872122733525269145e-02,9.900620678310123601e-01,-1.164509214657394320e-01,0.000000000000000000e+00,3.651111015019136707e-01,-8.006241719109530308e-02,-9.275045228001783659e-01,0.000000000000000000e+00,-9.276282477411342819e-01,-1.155340429894403387e-01,-3.551868788444011438e-01,0.000000000000000000e+00,3.849649413523355546e-01,-1.984910878595882167e-01,3.743207554994574249e-01,1.000000000000000000e+00
-7.871127664384582057e-02,9.900607780816665926e-01,-1.164686118000427262e-01,0.000000000000000000e+00,3.651513628474198359e-01,-8.007754464619333545e-02,-9.274873670057814934e-01,0.000000000000000000e+00,-9.276132441293881703e-01,-1.155346114550850900e-01,-3.552258758475720923e-01,0.000000000000000000e+00,3.849665174448239635e-01,-1.984923322269464552e-01,3.743387638660309880e-01,1.000000000000000000e+00
