9.996097771624203876e-01,2.087454227638667684e-02,1.803590272915197093e-02,0.000000000000000000e+00,2.436057527094552880e-02,-9.747323352157875043e-01,-2.220004143204562796e-01,0.000000000000000000e+00,1.294626980661502114e-02,2.223574307244301496e-01,-9.748792577030883644e-01,0.000000000000000000e+00,6.232927503267111646e-01,2.964279060857789028e-01,2.997263356173354709e-02,1.000000000000000000e+00
9.996097165196822232e-01,2.086967646482115399e-02,1.804489248797778306e-02,0.000000000000000000e+00,2.435786202968821118e-02,-9.747318536823794677e-01,-2.220028262780980588e-01,0.000000000000000000e+00,1.295605378978966979e-02,2.223599983629964139e-01,-9.748785420749623842e-01,0.000000000000000000e+00,6.232974124426121643e-01,2.964274573638930321e-01,2.997824743851547347e-02,1.000000000000000000e+00
9.996098204585256441e-01,2.086469790819282105e-02,1.804489194432400134e-02,0.000000000000000000e+00,2.435301627130649627e-02,-9.747318202793389119e-01,-2.220035045548248431e-01,0.000000000000000000e+00,1.295714377970756150e-02,2.223606120071764669e-01,-9.748783876222026912e-01,0.000000000000000000e+00,6.232978999456605385e-01,2.964275111862167966e-01,2.997861458017529387e-02,1.000000000000000000e+00
9.996098812253018107e-01,2.086059641576155574e-02,1.804626762310904478e-02,0.000000000000000000e+00,2.434928147442015633e-02,-9.747326220596816970e-01,-2.220003938860141690e-01,0.000000000000000000e+00,1.295947464771327398e-02,2.223574820848564226e-01,-9.748790705404122292e-01,0.000000000000000000e+00,6.232991006711394721e-01,2.964231616049486373e-01,2.998040687043154046e-02,1.000000000000000000e+00
9.996104715864408963e-01,2.089074161650927852e-02,1.797856809243247520e-02,0.000000000000000000e+00,2.436372488542271411e-02,-9.747304434258288186e-01,-2.220083747740231039e-01,0.000000000000000000e+00,1.288658616150925758e-02,2.223642022907927618e-01,-9.748785039360964300e-01,0.000000000000000000e+00,6.232690708027194271e-01,2.964391105663667925e-01,2.994196459083859133e-02,1.000000000000000000e+00
9.996102843293950269e-01,2.088752636553913022e-02,1.799270981379751805e-02,0.000000000000000000e+00,2.436365725840849636e-02,-9.747317835221538385e-01,-2.220024984046893302e-01,0.000000000000000000e+00,1.290123147724011807e-02,2.223586298598687894e-01,-9.748795812577123465e-01,0.000000000000000000e+00,6.232735572836393123e-01,2.964379323157757540e-01,2.995057430113007985e-02,1.000000000000000000e+00
9.996103267813047921e-01,2.088107579754869617e-02,1.799783784010175122e-02,0.000000000000000000e+00,2.435848684306510942e-02,-9.747322726543770077e-01,-2.220009181646730168e-01,0.000000000000000000e+00,1.290770389472368704e-02,2.223570915116201696e-01,-9.748798464604031544e-01,0.000000000000000000e+00,6.232783618120570912e-01,2.964313027698987635e-01,2.995347097672236905e-02,1.000000000000000000e+00
9.996106551117788230e-01,2.085735692165578345e-02,1.800710277783380137e-02,0.000000000000000000e+00,2.433725624081028646e-02,-9.747355976074463246e-01,-2.219886474951638655e-01,0.000000000000000000e+00,1.292231642860302426e-02,2.223447416497539852e-01,-9.748824696335569584e-01,0.000000000000000000e+00,6.232881552868754227e-01,2.964161258240191055e-01,2.995772433119213776e-02,1.000000000000000000e+00
9.996201059452710647e-01,2.056966817425342348e-02,1.781233960977484515e-02,0.000000000000000000e+00,2.401141931831414847e-02,-9.747782480508675462e-01,-2.218367998561322496e-01,0.000000000000000000e+00,1.280021828049168926e-02,2.221845026703373749e-01,-9.749206127603962102e-01,0.000000000000000000e+00,6.233161037485737133e-01,2.961905146407793898e-01,2.984473990066685914e-02,1.000000000000000000e+00
9.996339871281245681e-01,2.050213710472946135e-02,1.709681413819212278e-02,0.000000000000000000e+00,2.377712754771678719e-02,-9.749562503266355762e-01,-2.210785042825615387e-01,0.000000000000000000e+00,1.213629766033145867e-02,2.214083626318015252e-01,-9.751056595240357172e-01,0.000000000000000000e+00,6.232644027754293825e-01,2.958573153803992217e-01,2.983816551673818332e-02,1.000000000000000000e+00
9.996500744477198053e-01,2.113655814534777175e-02,1.528795171516042668e-02,0.000000000000000000e+00,2.397123488832336377e-02,-9.754682954121753902e-01,-2.187869544666736499e-01,0.000000000000000000e+00,1.028870710489710252e-02,2.190810843920867890e-01,-9.756524078623991514e-01,0.000000000000000000e+00,6.229285273997555716e-01,2.953261369604379682e-01,3.007455930473441549e-02,1.000000000000000000e+00
9.996622531331840200e-01,2.309035657359832447e-02,1.108882298526798343e-02,0.000000000000000000e+00,2.492838091108367723e-02,-9.765387559232536763e-01,-2.138489675126453160e-01,0.000000000000000000e+00,5.890929908579579238e-03,2.140572883632483603e-01,-9.768033447134512048e-01,0.000000000000000000e+00,6.218331579911017259e-01,2.944740114739526904e-01,3.043385722672622279e-02,1.000000000000000000e+00
9.994519837181136124e-01,2.871025803051498182e-02,-1.588081317051446770e-02,0.000000000000000000e+00,2.536441101900641093e-02,-9.831336254779524664e-01,-1.810681308498106601e-01,0.000000000000000000e+00,-2.081187487875004252e-02,1.805695716172023013e-01,-9.833420034098060425e-01,0.000000000000000000e+00,6.158093578710021054e-01,2.876966159804431600e-01,3.387028808141694103e-02,1.000000000000000000e+00
9.992842569356263915e-01,2.351565531185076385e-02,-2.930417542050038973e-02,0.000000000000000000e+00,1.839930196934532608e-02,-9.862740724032392770e-01,-1.640294689785315452e-01,0.000000000000000000e+00,-3.275983961230936881e-02,1.633760351461777394e-01,-9.860198091562313305e-01,0.000000000000000000e+00,6.134596969458498972e-01,2.836333454492311335e-01,3.635304381067861607e-02,1.000000000000000000e+00
9.982754944640767070e-01,3.546389455928634308e-03,-5.843121747438115299e-02,0.000000000000000000e+00,-3.623889383531327720e-03,-9.924952486439132526e-01,-1.221507091514455051e-01,0.000000000000000000e+00,-5.842702460404822912e-02,1.221541596920734246e-01,-9.907899091461526142e-01,0.000000000000000000e+00,6.084146417865519130e-01,2.734533660784726483e-01,4.367884327891234653e-02,1.000000000000000000e+00
9.971626258722063874e-01,-4.974955074488367386e-03,-7.498462700354854849e-02,0.000000000000000000e+00,-1.199408081635298939e-02,-9.955421085804869730e-01,-9.344944606415198085e-02,0.000000000000000000e+00,-7.418687520956650239e-02,9.408547813690304462e-02,-9.927961675743870451e-01,0.000000000000000000e+00,6.050692162272615082e-01,2.665066677843535570e-01,4.946578833293317767e-02,1.000000000000000000e+00
9.943803821387828812e-01,-9.542522390217125436e-03,-1.053439261902122948e-01,0.000000000000000000e+00,-1.316723479492195106e-02,-9.993333803712826091e-01,-3.376633981895314079e-02,0.000000000000000000e+00,-1.049535064877186591e-01,3.496434727499627554e-02,-9.938622922193828257e-01,0.000000000000000000e+00,5.975536447122973271e-01,2.520445570952100645e-01,6.269848364189364864e-02,1.000000000000000000e+00
9.912009682640705588e-01,-8.184816540904521834e-03,-1.320393736419916975e-01,0.000000000000000000e+00,-4.398553534209813029e-03,-9.995618069349042623e-01,2.894121187933243466e-02,0.000000000000000000e+00,-1.322209390766481696e-01,-2.810631611762291412e-02,-9.908217086156245745e-01,0.000000000000000000e+00,5.890200969866089542e-01,2.365882857412765494e-01,7.938230172546015262e-02,1.000000000000000000e+00
9.896048452303364273e-01,-8.971293556738995159e-03,-1.434660694720854557e-01,0.000000000000000000e+00,-3.864543980448324431e-04,-9.982033867238302438e-01,5.975446667222544112e-02,0.000000000000000000e+00,-1.437471588670855838e-01,-5.907900410337363351e-02,-9.878493941850623461e-01,0.000000000000000000e+00,5.844321118499760104e-01,2.288726845705351953e-01,8.863752954786421889e-02,1.000000000000000000e+00
9.881076271713330472e-01,-1.089552341113092515e-02,-1.533145511575580988e-01,0.000000000000000000e+00,2.870429816337316618e-03,-9.959926302569197532e-01,8.928150988743462080e-02,0.000000000000000000e+00,-1.536758905823383259e-01,-8.866152655319764486e-02,-9.841355873877246641e-01,0.000000000000000000e+00,5.796642530312617891e-01,2.213780771558699623e-01,9.835621591077040038e-02,1.000000000000000000e+00
9.856082467052295071e-01,-1.600250825134998112e-02,-1.682291611389568620e-01,0.000000000000000000e+00,8.809213092813532667e-03,-9.892777914728407840e-01,1.457140897940638613e-01,0.000000000000000000e+00,-1.687604130780482881e-01,-1.451017687497626885e-01,-9.749181502482231476e-01,0.000000000000000000e+00,5.696956922888831709e-01,2.065312905647525843e-01,1.184006714298006663e-01,1.000000000000000000e+00
9.844903457527683921e-01,-1.862102879011393736e-02,-1.743925551954574604e-01,0.000000000000000000e+00,1.180872389946487598e-02,-9.850438337710244463e-01,1.718427958651654597e-01,0.000000000000000000e+00,-1.749875698530070911e-01,-1.712402239557934691e-01,-9.695649210323713518e-01,0.000000000000000000e+00,5.644857737404708198e-01,1.990819520675618237e-01,1.286933325487946145e-01,1.000000000000000000e+00
9.814416242261622125e-01,-2.584098893436412303e-02,-1.899613866774379489e-01,0.000000000000000000e+00,1.651584885730525420e-02,-9.757838787578391182e-01,2.180683278104317280e-01,0.000000000000000000e+00,-1.910000372947999181e-01,-2.171628884481871247e-01,-9.572665593418717700e-01,0.000000000000000000e+00,5.520894478036916242e-01,1.841560773538981344e-01,1.488667047144209832e-01,1.000000000000000000e+00
9.791500466571019246e-01,-2.793236356425336450e-02,-2.011609209024414480e-01,0.000000000000000000e+00,2.092026339286288603e-02,-9.713460715202359985e-01,2.367063556877726793e-01,0.000000000000000000e+00,-2.020125276141708781e-01,-2.359839220871102761e-01,-9.505274994461331284e-01,0.000000000000000000e+00,5.448247774607613003e-01,1.766344932521793643e-01,1.585809881443340230e-01,1.000000000000000000e+00
9.762072017617987596e-01,-3.055599015397837681e-02,-2.146312595949545765e-01,0.000000000000000000e+00,2.507703637693873763e-02,-9.674473682020343634e-01,2.517885599202543956e-01,0.000000000000000000e+00,-2.153422419922930986e-01,-2.511849575086772535e-01,-9.436810032712837915e-01,0.000000000000000000e+00,5.369097048892030877e-01,1.692746332646467566e-01,1.680614516138952130e-01,1.000000000000000000e+00
9.676897007454460242e-01,-3.526250166093007621e-02,-2.496276145561827364e-01,0.000000000000000000e+00,3.472814479558146428e-02,-9.620755207279692023e-01,2.705279935168861116e-01,0.000000000000000000e+00,-2.497049186764057072e-01,-2.704614642541948721e-01,-9.297838727049886343e-01,0.000000000000000000e+00,5.192886905603087966e-01,1.544993044266865234e-01,1.859279105503682805e-01,1.000000000000000000e+00
9.552395546387741909e-01,-3.539003017297941145e-02,-2.936761582408080606e-01,0.000000000000000000e+00,4.944413544578325770e-02,-9.597363579571664971e-01,2.764817310173328657e-01,0.000000000000000000e+00,-2.916419983440726726e-01,-2.786322138815506277e-01,-9.150459191698204764e-01,0.000000000000000000e+00,4.998961874513356829e-01,1.396263069042588123e-01,2.026746381565077137e-01,1.000000000000000000e+00
9.474342812333720332e-01,-3.226751066126151701e-02,-3.182889212660998113e-01,0.000000000000000000e+00,5.983294926615467801e-02,-9.594644148376820780e-01,2.753702993125918819e-01,0.000000000000000000e+00,-3.142784584949688265e-01,-2.799448162855417976e-01,-9.071162827118034455e-01,0.000000000000000000e+00,4.898686738137856822e-01,1.320576130127464609e-01,2.107031252576070657e-01,1.000000000000000000e+00
9.387666681532922386e-01,-2.837859895520697048e-02,-3.433548380129724520e-01,0.000000000000000000e+00,7.038367323587940705e-02,-9.597770678352776086e-01,2.717625167320722457e-01,0.000000000000000000e+00,-3.372628324831771773e-01,-2.792935443503854476e-01,-8.990266391546045677e-01,0.000000000000000000e+00,4.799638842051168752e-01,1.242684839089230747e-01,2.187201935574354106e-01,1.000000000000000000e+00
9.292410105258580577e-01,-2.359169843156045873e-02,-3.686940778249698791e-01,0.000000000000000000e+00,8.130694259117153544e-02,-9.604233534016886065e-01,2.663773831021308824e-01,0.000000000000000000e+00,-3.603936361894158891e-01,-2.775115198311845499e-01,-8.905637446893721609e-01,0.000000000000000000e+00,4.701495754197591026e-01,1.164577480640752727e-01,2.266297710436800950e-01,1.000000000000000000e+00
9.076809537802584815e-01,-8.949498790916695160e-03,-4.195425360045867413e-01,0.000000000000000000e+00,1.064753698042993357e-01,-9.621336893908721821e-01,2.508834515574010493e-01,0.000000000000000000e+00,-4.059091041769529729e-01,-2.723983217788268907e-01,-8.723743195660575989e-01,0.000000000000000000e+00,4.517638357529972781e-01,1.000323079843669222e-01,2.430831560388443668e-01,1.000000000000000000e+00
8.812635031343715175e-01,1.004438939401435318e-02,-4.724981430505786895e-01,0.000000000000000000e+00,1.341041552932452363e-01,-9.639855529819060243e-01,2.296272546464428466e-01,0.000000000000000000e+00,-4.531836433398446218e-01,-2.657311993453104759e-01,-8.508886619903496262e-01,0.000000000000000000e+00,4.346058516182686460e-01,8.279507782838885221e-02,2.608019388345927392e-01,1.000000000000000000e+00
8.661173126524562838e-01,1.903196756265202252e-02,-4.994590391969991328e-01,0.000000000000000000e+00,1.466121705460085023e-01,-9.649829108462795180e-01,2.174709178801565446e-01,0.000000000000000000e+00,-4.778397379335720396e-01,-2.615871371729148187e-01,-8.385948691217075535e-01,0.000000000000000000e+00,4.264556457019586522e-01,7.384214445442530139e-02,2.700897426008539437e-01,1.000000000000000000e+00
8.492695793783107128e-01,2.952724807345991770e-02,-5.271148547185935396e-01,0.000000000000000000e+00,1.604587111639743935e-01,-9.656295327769479631e-01,2.044342298681360304e-01,0.000000000000000000e+00,-5.029709744115409276e-01,-2.582049138788872766e-01,-8.248335719090861273e-01,0.000000000000000000e+00,4.185493378007011378e-01,6.462744199906951537e-02,2.797030833412453843e-01,1.000000000000000000e+00
7.855523423985111275e-01,8.971716616318459181e-02,-6.122410426858593269e-01,0.000000000000000000e+00,2.205800494626500019e-01,-9.650246189945085318e-01,1.416074624261258463e-01,0.000000000000000000e+00,-5.781341895889574589e-01,-2.462929751916466958e-01,-7.778821435150483632e-01,0.000000000000000000e+00,3.962692191819210952e-01,3.598286586461690167e-02,3.091742089627382284e-01,1.000000000000000000e+00
7.618443127791031388e-01,1.197371541236378067e-01,-6.365822836913677119e-01,0.000000000000000000e+00,2.446145309388873257e-01,-9.631686977513531644e-01,1.115819780552354396e-01,0.000000000000000000e+00,-5.997871684523851110e-01,-2.407300069177987778e-01,-7.630887342434213849e-01,0.000000000000000000e+00,3.899032608893384655e-01,2.639259877222313935e-02,3.187403189331799447e-01,1.000000000000000000e+00
7.377098212042020320e-01,1.525617129243022896e-01,-6.576396356285677536e-01,0.000000000000000000e+00,2.680757136000683216e-01,-9.602285027355096370e-01,7.795756033473601188e-02,0.000000000000000000e+00,-6.196029129951742265e-01,-2.338117741100567415e-01,-7.492825131386708915e-01,0.000000000000000000e+00,3.841938034647558453e-01,1.688179188246446277e-02,3.280079646583919373e-01,1.000000000000000000e+00
6.911881087210475227e-01,2.241083971000722430e-01,-6.870336029722752258e-01,0.000000000000000000e+00,3.087176608866871175e-01,-9.511435473509082250e-01,3.241767901930298458e-04,0.000000000000000000e+00,-6.534075076587942954e-01,-2.123275619661852132e-01,-7.266193194270423872e-01,0.000000000000000000e+00,3.748087190884825670e-01,-1.412089445310104382e-03,3.459588876423740911e-01,1.000000000000000000e+00
6.690653827539781995e-01,2.612171953005075764e-01,-6.957713973575065936e-01,0.000000000000000000e+00,3.252665849669094111e-01,-9.446840506593476849e-01,-4.188603627725471373e-02,0.000000000000000000e+00,-6.682383605663760884e-01,-1.982905071489658166e-01,-7.170344261206487158e-01,0.000000000000000000e+00,3.709605495490814198e-01,-1.029543959248321698e-02,3.545425547952744671e-01,1.000000000000000000e+00
6.254562600507312942e-01,3.385375475958620206e-01,-7.029776259116217174e-01,0.000000000000000000e+00,3.540004310006327759e-01,-9.260169026362926603e-01,-1.309852578898154929e-01,0.000000000000000000e+00,-6.953259789262887791e-01,-1.669320469941632523e-01,-6.990389650917442355e-01,0.000000000000000000e+00,3.644438518377343117e-01,-2.713183016391223709e-02,3.703787105646699773e-01,1.000000000000000000e+00
5.795597469800628510e-01,4.218762351826699786e-01,-6.972171030387236401e-01,0.000000000000000000e+00,3.801703172649024687e-01,-8.967235432070761458e-01,-2.265792661080409942e-01,0.000000000000000000e+00,-7.208132766667959546e-01,-1.337476001840026685e-01,-6.801027860742058229e-01,0.000000000000000000e+00,3.590394966777803454e-01,-4.295881952305507373e-02,3.843478620592289952e-01,1.000000000000000000e+00
5.563262028520843394e-01,4.654061520240470595e-01,-6.883887103806681784e-01,0.000000000000000000e+00,3.936587554551826407e-01,-8.771778313413263195e-01,-2.749046804949177858e-01,0.000000000000000000e+00,-7.317957349496868602e-01,-1.180558388925780633e-01,-6.712211418100724192e-01,0.000000000000000000e+00,3.569550266430059904e-01,-5.061375636355600754e-02,3.905146624496242946e-01,1.000000000000000000e+00
5.323644892902990033e-01,5.093049417156575442e-01,-6.761488547560351448e-01,0.000000000000000000e+00,4.081722827172739598e-01,-8.542018640440365296e-01,-3.220486143213028285e-01,0.000000000000000000e+00,-7.416028410031272333e-01,-1.045399881313517493e-01,-6.626436577056986632e-01,0.000000000000000000e+00,3.553627646025045439e-01,-5.805418286567968350e-02,3.961232842941890819e-01,1.000000000000000000e+00
5.080396917785778843e-01,5.512107058495558931e-01,-6.618483030389744615e-01,0.000000000000000000e+00,4.226094631458628403e-01,-8.290743465203177509e-01,-3.660843024532487999e-01,0.000000000000000000e+00,-7.505254860346449730e-01,-9.371980424462694748e-02,-6.541621305951674792e-01,0.000000000000000000e+00,3.542099057236001158e-01,-6.567516057856172262e-02,4.012959251958877482e-01,1.000000000000000000e+00
4.565189029190721004e-01,6.248873462845615512e-01,-6.333143316175731119e-01,0.000000000000000000e+00,4.492137482795424686e-01,-7.763171931087156086e-01,-4.421757240528444988e-01,0.000000000000000000e+00,-7.679776050204125681e-01,-8.263351925434200829e-02,-6.351236884912682124e-01,0.000000000000000000e+00,3.525157366740063192e-01,-8.123195034681864046e-02,4.104857916903930648e-01,1.000000000000000000e+00
4.010341497723134419e-01,6.883533002255016742e-01,-6.044188048747872744e-01,0.000000000000000000e+00,4.725631098397929941e-01,-7.206881298879698194e-01,-5.072213260090044917e-01,0.000000000000000000e+00,-7.847600409199813054e-01,-8.221453973952964900e-02,-6.143227552603652830e-01,0.000000000000000000e+00,3.520244497500311653e-01,-9.669435324097472306e-02,4.179712195358501470e-01,1.000000000000000000e+00
3.712246662334438008e-01,7.188076532474123592e-01,-5.877827419327861236e-01,0.000000000000000000e+00,4.841556368139930400e-01,-6.899978085585519727e-01,-5.380307523058890373e-01,0.000000000000000000e+00,-7.923246809874533447e-01,-8.484967489983397115e-02,-6.041706154452753941e-01,0.000000000000000000e+00,3.523047676471896539e-01,-1.042000019408124978e-01,4.212746607197871973e-01,1.000000000000000000e+00
3.397328392275134057e-01,7.487481387547612055e-01,-5.691560151337258233e-01,0.000000000000000000e+00,4.956459664172732094e-01,-6.568306528992372550e-01,-5.682335050729210302e-01,0.000000000000000000e+00,-7.993182856771769984e-01,-8.905401570629677133e-02,-5.942723790221799973e-01,0.000000000000000000e+00,3.530300815510779011e-01,-1.114099709918836140e-01,4.239331141532587943e-01,1.000000000000000000e+00
3.088706634153199349e-01,7.761446976645678397e-01,-5.497081666391403498e-01,0.000000000000000000e+00,5.066731807264308607e-01,-6.234045258591753846e-01,-5.955080452622503184e-01,0.000000000000000000e+00,-8.049064676752173408e-01,-9.458924138904567513e-02,-5.858143508894684270e-01,0.000000000000000000e+00,3.542301818496703669e-01,-1.184217015886563362e-01,4.261414714047936370e-01,1.000000000000000000e+00
2.536838064692417127e-01,8.172264168613623259e-01,-5.174613578040621054e-01,0.000000000000000000e+00,5.248888890679824781e-01,-5.656529870382721592e-01,-6.360102980996990008e-01,0.000000000000000000e+00,-8.124836225491433028e-01,-1.102663268262990132e-01,-5.724610906058659188e-01,0.000000000000000000e+00,3.580748335507170643e-01,-1.325609182105695338e-01,4.283789195442187503e-01,1.000000000000000000e+00
2.019569568197203124e-01,8.508055365308170304e-01,-4.851021268782840790e-01,0.000000000000000000e+00,5.407605183770052282e-01,-5.098326961844256155e-01,-6.690511419668605519e-01,0.000000000000000000e+00,-8.165690625636569111e-01,-1.272069941369280421e-01,-5.630571433758371214e-01,0.000000000000000000e+00,3.628856078942555019e-01,-1.452802529952733901e-01,4.277895465484555793e-01,1.000000000000000000e+00
1.737502975769594227e-01,8.693289106339877614e-01,-4.626649177634398202e-01,0.000000000000000000e+00,5.462707965148161371e-01,-4.759845056990730794e-01,-6.892080339858825955e-01,0.000000000000000000e+00,-8.193855772825409112e-01,-1.329927926719938480e-01,-5.576021815225091771e-01,0.000000000000000000e+00,3.648804411304084061e-01,-1.508050976247698738e-01,4.264398141219193361e-01,1.000000000000000000e+00
1.436522993481932076e-01,8.890466543758218654e-01,-4.346732222444159022e-01,0.000000000000000000e+00,5.501318185117151094e-01,-4.368489395929519570e-01,-7.116872439061382449e-01,0.000000000000000000e+00,-8.226255374543673948e-01,-1.368946968548948318e-01,-5.518578323272395059e-01,0.000000000000000000e+00,3.664630580394715453e-01,-1.559860950172968497e-01,4.247671205466919675e-01,1.000000000000000000e+00
1.148673169408713640e-01,9.077698135456935269e-01,-4.034107237236393972e-01,0.000000000000000000e+00,5.506845461741217695e-01,-3.961773704803039364e-01,-7.346909340842047165e-01,0.000000000000000000e+00,-8.267683698488204058e-01,-1.377627272958898141e-01,-5.454131402758115588e-01,0.000000000000000000e+00,3.674916164476565994e-01,-1.607036533515318055e-01,4.223469534908768086e-01,1.000000000000000000e+00
6.592265965788442206e-02,9.357880427808504820e-01,-3.463173238999522341e-01,0.000000000000000000e+00,5.431182181858734692e-01,-3.248056869914859313e-01,-7.742768327115302496e-01,0.000000000000000000e+00,-8.370609541773011975e-01,-1.370514984256538393e-01,-5.296657868609875308e-01,0.000000000000000000e+00,3.681275973275074942e-01,-1.696993063299890581e-01,4.163222675703662778e-01,1.000000000000000000e+00
2.802379168461141198e-02,9.536522454240889957e-01,-2.995710413214517920e-01,0.000000000000000000e+00,5.291047531234904788e-01,-2.684147114155867042e-01,-8.049735708823152480e-01,0.000000000000000000e+00,-8.480904563530717866e-01,-1.359486676324384302e-01,-5.121137936160314874e-01,0.000000000000000000e+00,3.675242491672233713e-01,-1.780627880714611699e-01,4.099933859962885396e-01,1.000000000000000000e+00
1.191621595699561033e-02,9.614709010354847152e-01,-2.746132865694730363e-01,0.000000000000000000e+00,5.220421183204153603e-01,-2.402146899174200934e-01,-8.183823533951715135e-01,0.000000000000000000e+00,-8.528333838762783836e-01,-1.336102533926159242e-01,-5.048004749745164110e-01,0.000000000000000000e+00,3.671714284167830189e-01,-1.815746642976544811e-01,4.067877007029093162e-01,1.000000000000000000e+00
-2.071351671890173454e-02,9.793066792407740806e-01,-2.012712724676615217e-01,0.000000000000000000e+00,5.041472147295766870e-01,-1.636142995710957726e-01,-8.479662102687099967e-01,0.000000000000000000e+00,-8.633664542348506998e-01,-1.190370055243412384e-01,-4.903351476467288084e-01,0.000000000000000000e+00,3.668419033972486476e-01,-1.880622613604292503e-01,3.974527165251360294e-01,1.000000000000000000e+00
-2.605983535613884058e-02,9.821933980610717541e-01,-1.860047329711374819e-01,0.000000000000000000e+00,5.004314765639966689e-01,-1.482564693045226589e-01,-8.529766136738705651e-01,0.000000000000000000e+00,-8.653810649023314649e-01,-1.153132734214613458e-01,-4.876663423708203493e-01,0.000000000000000000e+00,3.672758155501507638e-01,-1.898369021560261660e-01,3.943611767318905281e-01,1.000000000000000000e+00
-3.026294038511271114e-02,9.843645804566195645e-01,-1.734683662311910235e-01,0.000000000000000000e+00,4.975110607370389904e-01,-1.356876271174202453e-01,-8.567685563749165567e-01,0.000000000000000000e+00,-8.669268225660242688e-01,-1.122329274650542968e-01,-4.856353099890913239e-01,0.000000000000000000e+00,3.679678236730654639e-01,-1.913741658851678962e-01,3.915339993556102294e-01,1.000000000000000000e+00
-3.276837387013738223e-02,9.858657607702276948e-01,-1.642427542269538632e-01,0.000000000000000000e+00,4.949731064843595485e-01,-1.267555110404332552e-01,-8.596018910980302019e-01,0.000000000000000000e+00,-8.682874637979318688e-01,-1.094656099764430568e-01,-4.838327814894733958e-01,0.000000000000000000e+00,3.687973846134348088e-01,-1.926732406572915224e-01,3.891697699361629237e-01,1.000000000000000000e+00
-3.882690113504980167e-02,9.890950238928160054e-01,-1.420008885885116756e-01,0.000000000000000000e+00,4.888077359549900525e-01,-1.051434671816235678e-01,-8.660211287727291873e-01,0.000000000000000000e+00,-8.715244343702478469e-01,-1.030380334037066803e-01,-4.794041342832955910e-01,0.000000000000000000e+00,3.719522496886399354e-01,-1.955046720788350956e-01,3.832622228049279989e-01,1.000000000000000000e+00
-4.007740175698552149e-02,9.898937731974409848e-01,-1.359590620538056738e-01,0.000000000000000000e+00,4.868137635234913718e-01,-9.948196633409449319e-02,-8.678112956856490756e-01,0.000000000000000000e+00,-8.725832726756318491e-01,-1.009683085828010085e-01,-4.779161358529468995e-01,0.000000000000000000e+00,3.727574070423794184e-01,-1.963055803124769683e-01,3.816632164487856471e-01,1.000000000000000000e+00
-4.059115975798776449e-02,9.905958319569695414e-01,-1.305871446972829697e-01,0.000000000000000000e+00,4.843668569814785774e-01,-9.480245821443837595e-02,-8.697022413881614344e-01,0.000000000000000000e+00,-8.739202233636503836e-01,-9.855620497362627130e-02,-4.759728118886875081e-01,0.000000000000000000e+00,3.731711409861221407e-01,-1.971841747394019739e-01,3.800530255429948601e-01,1.000000000000000000e+00
-4.067318283661889439e-02,9.912709887610829940e-01,-1.253326212116067373e-01,0.000000000000000000e+00,4.813607351161912074e-01,-9.047995283292423196e-02,-8.718290931856770287e-01,0.000000000000000000e+00,-8.755758344365374146e-01,-9.579211108486102022e-02,-4.734879402948576899e-01,0.000000000000000000e+00,3.731200481005006453e-01,-1.981336722586816146e-01,3.784276055596397237e-01,1.000000000000000000e+00
-4.019853827248640737e-02,9.918321144566727421e-01,-1.209705797058480831e-01,0.000000000000000000e+00,4.782772880147911909e-01,-8.719730684856512315e-02,-8.738582335532358858e-01,0.000000000000000000e+00,-8.772858587500457217e-01,-9.298709472722840874e-02,-4.708746353875773449e-01,0.000000000000000000e+00,3.728363120264551744e-01,-1.990579628401719370e-01,3.768828693105451544e-01,1.000000000000000000e+00
-3.717057101508809691e-02,9.927451889630387605e-01,-1.142632283036016938e-01,0.000000000000000000e+00,4.704968758497712344e-01,-8.348954949918513391e-02,-8.784320872106371469e-01,0.000000000000000000e+00,-8.816159877042183401e-01,-8.641397795780349222e-02,-4.639890889210907532e-01,0.000000000000000000e+00,3.722601212514754510e-01,-2.011517049095759846e-01,3.727035471029802038e-01,1.000000000000000000e+00
-3.650998192270905190e-02,9.929390029429421283e-01,-1.127825543064523012e-01,0.000000000000000000e+00,4.684702154218516323e-01,-8.268248113810471034e-02,-8.795908204822623366e-01,0.000000000000000000e+00,-8.827221688436946989e-01,-8.495074803210289627e-02,-4.621525105857049454e-01,0.000000000000000000e+00,3.722167627499610720e-01,-2.016195021549665733e-01,3.714093609061647205e-01,1.000000000000000000e+00
-3.594507258205702910e-02,9.931278794642267593e-01,-1.112911213402350691e-01,0.000000000000000000e+00,4.664512062715885365e-01,-8.181462966558131211e-02,-8.807442224855477342e-01,0.000000000000000000e+00,-8.838139000612912355e-01,-8.357190181802265361e-02,-4.603137270220915567e-01,0.000000000000000000e+00,3.721976260944345749e-01,-2.020545758082018528e-01,3.700920057626115867e-01,1.000000000000000000e+00
-3.541924439336265051e-02,9.935228299465976853e-01,-1.078823915322403154e-01,0.000000000000000000e+00,4.613980664984508873e-01,-7.949887504794264648e-02,-8.836133204059404278e-01,0.000000000000000000e+00,-8.864836029888999436e-01,-8.107520395580451733e-02,-4.556024944349441053e-01,0.000000000000000000e+00,3.721797615935191206e-01,-2.026105497837115410e-01,3.673102828571794265e-01,1.000000000000000000e+00
-3.690822944469826505e-02,9.938779132232880009e-01,-1.040443324135835595e-01,0.000000000000000000e+00,4.560993547232196077e-01,-7.588444307834679714e-02,-8.866767600546210382e-01,0.000000000000000000e+00,-8.891609133102416074e-01,-8.018176592728193386e-02,-4.505149882679592155e-01,0.000000000000000000e+00,3.725002244301262033e-01,-2.023979407325816327e-01,3.644654312161673682e-01,1.000000000000000000e+00
-3.726129828206270478e-02,9.940371961153798841e-01,-1.023835694367853794e-01,0.000000000000000000e+00,4.526927347063316454e-01,-7.454787667118843719e-02,-8.885339886178402757e-01,0.000000000000000000e+00,-8.908854647122868009e-01,-7.945775782903538587e-02,-4.472242764935232540e-01,0.000000000000000000e+00,3.724315875736518566e-01,-2.022128254617902021e-01,3.633906491372426162e-01,1.000000000000000000e+00
-3.738676306004207889e-02,9.941837982689025743e-01,-1.009036773795614766e-01,0.000000000000000000e+00,4.495581107851822078e-01,-7.344568960621460085e-02,-8.902156944284536078e-01,0.000000000000000000e+00,-8.924661432732382549e-01,-7.864586399054951382e-02,-4.442060458708005366e-01,0.000000000000000000e+00,3.722985232367196917e-01,-2.021385293240622050e-01,3.623265731756589725e-01,1.000000000000000000e+00
-3.732118798040820473e-02,9.941511985197656331e-01,-1.012485570793609374e-01,0.000000000000000000e+00,4.501496461362409773e-01,-7.373151247356118931e-02,-8.898930874284767256e-01,0.000000000000000000e+00,-8.921706657206679436e-01,-7.879038629855450449e-02,-4.447736258530452513e-01,0.000000000000000000e+00,3.723242235833277847e-01,-2.021396364565368475e-01,3.626142889086635401e-01,1.000000000000000000e+00
-3.732890756060135845e-02,9.941317682101530329e-01,-1.014363199100548618e-01,0.000000000000000000e+00,4.504391265442830861e-01,-7.387053948824387484e-02,-8.897350636987100270e-01,0.000000000000000000e+00,-8.920242220193004279e-01,-7.890524445685324906e-02,-4.450469073345705850e-01,0.000000000000000000e+00,3.723271637496813891e-01,-2.021187598716846778e-01,3.627643555119313135e-01,1.000000000000000000e+00
-3.729596144315764500e-02,9.941400965846873827e-01,-1.013667920170469028e-01,0.000000000000000000e+00,4.503047940363315571e-01,-7.383489656043819294e-02,-8.898060167356784955e-01,0.000000000000000000e+00,-8.920934215852628357e-01,-7.883364108530349634e-02,-4.449208740860919886e-01,0.000000000000000000e+00,3.723105762504654304e-01,-2.021363076994431573e-01,3.627040920065648932e-01,1.000000000000000000e+00
-3.737101453740489937e-02,9.941382194181628273e-01,-1.013575594898489113e-01,0.000000000000000000e+00,4.503038921128472150e-01,-7.379320935321510844e-02,-8.898099313351038875e-01,0.000000000000000000e+00,-8.920907358761120953e-01,-7.889632241147949421e-02,-4.449151483979396082e-01,0.000000000000000000e+00,3.723231838952096306e-01,-2.021079285875229115e-01,3.627006484647442575e-01,1.000000000000000000e+00
-3.728985740905586127e-02,9.941337450176164214e-01,-1.014313090365555614e-01,0.000000000000000000e+00,4.504049885272252141e-01,-7.388650994208828537e-02,-8.897510195889501983e-01,0.000000000000000000e+00,-8.920430932545750924e-01,-7.886537463579439133e-02,-4.450161485388653415e-01,0.000000000000000000e+00,3.723079758563037078e-01,-2.021330612646450864e-01,3.627573092962718682e-01,1.000000000000000000e+00
-3.725140143204036525e-02,9.941310223357588960e-01,-1.014721164764798983e-01,0.000000000000000000e+00,4.504576590048184892e-01,-7.393554702158951220e-02,-8.897202814546409932e-01,0.000000000000000000e+00,-8.920181035471597131e-01,-7.885373758775411634e-02,-4.450682992671690652e-01,0.000000000000000000e+00,3.723007968827916070e-01,-2.021434155122068810e-01,3.627893848503553897e-01,1.000000000000000000e+00
-3.731620920231183691e-02,9.941323790912055536e-01,-1.014350051729535768e-01,0.000000000000000000e+00,4.504171615933789674e-01,-7.387697556568761925e-02,-8.897456490057363832e-01,0.000000000000000000e+00,-8.920358446850326084e-01,-7.889152079760000658e-02,-4.450260438932784335e-01,0.000000000000000000e+00,3.723135970643289272e-01,-2.021218110982198335e-01,3.627623845795052149e-01,1.000000000000000000e+00
-3.729393521723131655e-02,9.941299075588327927e-01,-1.014674144456611110e-01,0.000000000000000000e+00,4.504602341473470384e-01,-7.391211794365407095e-02,-8.897209243207720997e-01,0.000000000000000000e+00,-8.920150258055292714e-01,-7.888974865467697495e-02,-4.450680861333047855e-01,0.000000000000000000e+00,3.723103089257774889e-01,-2.021276796563584166e-01,3.627855797112797820e-01,1.000000000000000000e+00
-3.729876293759498002e-02,9.941311161758892290e-01,-1.014537975406245296e-01,0.000000000000000000e+00,4.504399482787412312e-01,-7.389956937595071329e-02,-8.897322369915020568e-01,0.000000000000000000e+00,-8.920250680545996902e-01,-7.888627390758774782e-02,-4.450485745973847829e-01,0.000000000000000000e+00,3.723103129779850029e-01,-2.021275894529979689e-01,3.627763942335773817e-01,1.000000000000000000e+00
-3.730325817693554841e-02,9.941314287574644082e-01,-1.014490817466380534e-01,0.000000000000000000e+00,4.504366822722120078e-01,-7.389363040870995658e-02,-8.897343837066384875e-01,0.000000000000000000e+00,-8.920265293157051412e-01,-7.888789806231831514e-02,-4.450453578415203282e-01,0.000000000000000000e+00,3.723121809749211919e-01,-2.021258660946074481e-01,3.627727523320761205e-01,1.000000000000000000e+00
-3.730623830515536477e-02,9.941322703131214578e-01,-1.014397387950406459e-01,0.000000000000000000e+00,4.504260923478521916e-01,-7.388487440902599679e-02,-8.897404720293523583e-01,0.000000000000000000e+00,-8.920317521844146613e-01,-7.888549402371512753e-02,-4.450353153710810972e-01,0.000000000000000000e+00,3.723119591819259999e-01,-2.021258066571378076e-01,3.627679457493962478e-01,1.000000000000000000e+00
-3.730915044182974566e-02,9.941305801511446383e-01,-1.014552305347811295e-01,0.000000000000000000e+00,4.504481480821987405e-01,-7.389548835704150276e-02,-8.897284246279872910e-01,0.000000000000000000e+00,-8.920204929178033870e-01,-7.889685136333601800e-02,-4.450558695935048492e-01,0.000000000000000000e+00,3.723129772144998517e-01,-2.021227449457915770e-01,3.627796156933097427e-01,1.000000000000000000e+00
