9.996755171391451533e-01,1.931713624105133378e-02,1.601423058518177539e-02,0.000000000000000000e+00,2.237834467011893050e-02,-9.750540290774779573e-01,-2.207931089749189946e-01,0.000000000000000000e+00,1.134986800763353003e-02,2.210840939208252864e-01,-9.751887016938910469e-01,0.000000000000000000e+00,6.231948725469376171e-01,2.948962529074233285e-01,2.873010028745369079e-02,1.000000000000000000e+00
9.996753376876491570e-01,1.931143512581252192e-02,1.603229845262714795e-02,0.000000000000000000e+00,2.237676129098651462e-02,-9.750544139881792693e-01,-2.207915696250719040e-01,0.000000000000000000e+00,1.136878018371718056e-02,2.210828943697567273e-01,-9.751887533468713842e-01,0.000000000000000000e+00,6.232023895438175698e-01,2.948924175883907983e-01,2.873910979794913265e-02,1.000000000000000000e+00
9.996757027272518137e-01,1.932695912981472960e-02,1.599077636570575556e-02,0.000000000000000000e+00,2.238278354778257956e-02,-9.750530645812992558e-01,-2.207969183491423348e-01,0.000000000000000000e+00,1.132474051984075532e-02,2.210874892161166505e-01,-9.751882240697288262e-01,0.000000000000000000e+00,6.231833239313406825e-01,2.949037972695952026e-01,2.871892262517235228e-02,1.000000000000000000e+00
9.996754444853018784e-01,1.930722862453598809e-02,1.603070544804397271e-02,0.000000000000000000e+00,2.237232481038115700e-02,-9.750541531147243202e-01,-2.207931712655869516e-01,0.000000000000000000e+00,1.136812055966129019e-02,2.210844123335002354e-01,-9.751884169011093562e-01,0.000000000000000000e+00,6.232024349100341309e-01,2.948944979227001717e-01,2.874103830511727520e-02,1.000000000000000000e+00
9.996755995196395794e-01,1.931511544829527666e-02,1.601152527015278076e-02,0.000000000000000000e+00,2.237581064600283054e-02,-9.750534020253469603e-01,-2.207961349252735295e-01,0.000000000000000000e+00,1.134760782627288085e-02,2.210870360211866781e-01,-9.751880609913082809e-01,0.000000000000000000e+00,6.231943388128288186e-01,2.948965091998861920e-01,2.872848219263623992e-02,1.000000000000000000e+00
9.996756234654773365e-01,1.931966178901776618e-02,1.600454368220614182e-02,0.000000000000000000e+00,2.237870674107327040e-02,-9.750532273356269375e-01,-2.207966128548707330e-01,0.000000000000000000e+00,1.133978441084180881e-02,2.210874092220787013e-01,-9.751880673864836702e-01,0.000000000000000000e+00,6.231899326899833502e-01,2.949007515924783607e-01,2.872646259002509250e-02,1.000000000000000000e+00
9.996756674176218160e-01,1.930920445371246685e-02,1.601441530950495004e-02,0.000000000000000000e+00,2.237065141042410971e-02,-9.750541603914076871e-01,-2.207933086850428217e-01,0.000000000000000000e+00,1.135179769163984290e-02,2.210842076795876132e-01,-9.751886534429412556e-01,0.000000000000000000e+00,6.231963799051042363e-01,2.948941595703050145e-01,2.872977034533098772e-02,1.000000000000000000e+00
9.996776320525595505e-01,1.924652952638713013e-02,1.596715303946482159e-02,0.000000000000000000e+00,2.229847056381898188e-02,-9.750674920193321826e-01,-2.207417294460938262e-01,0.000000000000000000e+00,1.132075761505467633e-02,2.210308680090342648e-01,-9.752011053286362419e-01,0.000000000000000000e+00,6.232003650554811536e-01,2.948387527447152712e-01,2.869041084369496064e-02,1.000000000000000000e+00
9.996804992838965731e-01,1.916054167616342008e-02,1.589087459466385216e-02,0.000000000000000000e+00,2.219687319125691546e-02,-9.750867282561127558e-01,-2.206669846182912897e-01,0.000000000000000000e+00,1.126709888887485883e-02,2.209534631258152360e-01,-9.752192674549335916e-01,0.000000000000000000e+00,6.232026092006587303e-01,2.947575540295354624e-01,2.863825637612715802e-02,1.000000000000000000e+00
9.996826002277318102e-01,1.910115191292590872e-02,1.583008839925232128e-02,0.000000000000000000e+00,2.212459174864242831e-02,-9.751064504677949829e-01,-2.205870793978231548e-01,0.000000000000000000e+00,1.122277006908073242e-02,2.208715518140427214e-01,-9.752383334504610701e-01,0.000000000000000000e+00,6.232005036385240837e-01,2.946929069330565532e-01,2.860295311356008882e-02,1.000000000000000000e+00
9.996845536005851685e-01,1.912231089642254730e-02,1.568047893361818046e-02,0.000000000000000000e+00,2.211022773042065070e-02,-9.751456607235609031e-01,-2.204151199508040393e-01,0.000000000000000000e+00,1.107611778980345171e-02,2.206965388472487966e-01,-9.752796303397047728e-01,0.000000000000000000e+00,6.231527290210709946e-01,2.946332980403554846e-01,2.851437273554912125e-02,1.000000000000000000e+00
9.997822343647001508e-01,1.884448135733866880e-02,7.817689704065341680e-03,0.000000000000000000e+00,2.005881192730693194e-02,-9.779079400202577155e-01,-2.080251230275070584e-01,0.000000000000000000e+00,3.724926997857615912e-03,2.081406432242791926e-01,-9.780918144821805216e-01,0.000000000000000000e+00,6.222015108659236793e-01,2.903398989583804157e-01,2.693216730596726532e-02,1.000000000000000000e+00
9.998170722030803592e-01,1.823198547091306812e-02,3.763474226948402505e-03,0.000000000000000000e+00,1.861619837569180452e-02,-9.800191169287653103e-01,-1.979816014517722100e-01,0.000000000000000000e+00,7.868052214509629677e-05,1.980192591807383717e-01,-9.801981263004367895e-01,0.000000000000000000e+00,6.218009525737452359e-01,2.869731875993761783e-01,2.633910098832158847e-02,1.000000000000000000e+00
9.998414347343704822e-01,1.723957667191839543e-02,-8.057826613934038077e-04,0.000000000000000000e+00,1.680082307666636021e-02,-9.829507752757631334e-01,-1.830471322636095799e-01,0.000000000000000000e+00,-3.947775769870751073e-03,1.830080930074214074e-01,-9.831034802909903725e-01,0.000000000000000000e+00,6.214320156982392485e-01,2.823281788976459983e-01,2.579444270841740536e-02,1.000000000000000000e+00
9.998789510686580950e-01,1.413147132980511686e-02,-4.809535227416773980e-03,0.000000000000000000e+00,1.315840773184076551e-02,-9.865209078921033381e-01,-1.630463170357155378e-01,0.000000000000000000e+00,-7.048927127401151231e-03,1.629664322365756701e-01,-9.866064334831972094e-01,0.000000000000000000e+00,6.213317022619659902e-01,2.763680697181998824e-01,2.541697695712880067e-02,1.000000000000000000e+00
9.999348703798894844e-01,7.818340482466162519e-03,-7.062255423147726849e-03,0.000000000000000000e+00,6.763267310469724472e-03,-9.902989898548107961e-01,-1.387188372537661307e-01,0.000000000000000000e+00,-8.078451047837649154e-03,1.386647083526809654e-01,-9.903064360520602571e-01,0.000000000000000000e+00,6.217205439536201972e-01,2.694529514273991122e-01,2.569132233197122736e-02,1.000000000000000000e+00
9.997986990386092954e-01,-1.932797107800709666e-02,-3.120550579651246419e-03,0.000000000000000000e+00,-1.945502297787748622e-02,-9.986596515194373636e-01,-4.776137989227553782e-02,0.000000000000000000e+00,-2.193279612648856361e-03,4.781339641986132039e-02,-9.988538775253054114e-01,0.000000000000000000e+00,6.242024609707007565e-01,2.461782416043032939e-01,3.123530080015330182e-02,1.000000000000000000e+00
9.995833456847788012e-01,-2.850766091491303486e-02,1.093252026150808151e-03,0.000000000000000000e+00,-2.848770619682675434e-02,-9.994682649829729204e-01,-1.524417228902021255e-02,0.000000000000000000e+00,1.527275805101925262e-03,1.520696927761569159e-02,-9.998832009359917006e-01,0.000000000000000000e+00,6.251537179578884329e-01,2.383071037190169217e-01,3.462354536279445283e-02,1.000000000000000000e+00
9.992978624392382381e-01,-3.680305405964817700e-02,5.483086490326510160e-03,0.000000000000000000e+00,-3.688950493577461409e-02,-9.991718012945208782e-01,1.660189220132145954e-02,0.000000000000000000e+00,4.867638786145860735e-03,-1.679282704933349191e-02,-9.998471418433613200e-01,0.000000000000000000e+00,6.258364330596183356e-01,2.308191798262405614e-01,3.878301192979023010e-02,1.000000000000000000e+00
9.989754140039949215e-01,-4.420809729543010574e-02,8.632105784402332310e-03,0.000000000000000000e+00,-4.456189403834859980e-02,-9.979215778597424480e-01,4.634122293213043670e-02,0.000000000000000000e+00,6.565633741245299922e-03,-4.667930406862147441e-02,-9.988883496293491371e-01,0.000000000000000000e+00,6.259073945284546747e-01,2.239027794246385150e-01,4.336732461725995719e-02,1.000000000000000000e+00
9.976190909979999466e-01,-6.786302694581380912e-02,1.146759570637556104e-02,0.000000000000000000e+00,-6.871895060946794920e-02,-9.914071824337096217e-01,1.112216316513797709e-01,0.000000000000000000e+00,3.821293734577662499e-03,-1.117470156866522402e-01,-9.937293405144690395e-01,0.000000000000000000e+00,6.237823196376890422e-01,2.082485983215216219e-01,6.059519937503977244e-02,1.000000000000000000e+00
9.973335526339330848e-01,-7.207153151537365465e-02,1.059367909719685120e-02,0.000000000000000000e+00,-7.283531032389806148e-02,-9.890718274476968386e-01,1.281120002985796369e-01,0.000000000000000000e+00,1.244705441479250106e-03,-1.285444651766252389e-01,-9.917029651971496218e-01,0.000000000000000000e+00,6.222967296500956369e-01,2.039785830033171155e-01,6.688505326163551867e-02,1.000000000000000000e+00
9.973477506101708912e-01,-7.209814922147993188e-02,8.948079843043375836e-03,0.000000000000000000e+00,-7.259346267873537095e-02,-9.840527697642086347e-01,1.623301647781720813e-01,0.000000000000000000e+00,-2.898377492454192600e-03,-1.625523264338203377e-01,-9.866956676599243359e-01,0.000000000000000000e+00,6.186286683281105869e-01,1.956590626466578609e-01,8.010214740560092639e-02,1.000000000000000000e+00
9.973885634202473982e-01,-7.173601245168072238e-02,7.123550886738483183e-03,0.000000000000000000e+00,-7.183727741863563110e-02,-9.807956402669210094e-01,1.812734522970401996e-01,0.000000000000000000e+00,-6.017202828007387622e-03,-1.813152955553277712e-01,-9.834066081066420439e-01,0.000000000000000000e+00,6.160714810753392667e-01,1.912272973376849816e-01,8.691269465639211989e-02,1.000000000000000000e+00
9.974176235378631183e-01,-7.152686935320506922e-02,4.768450253423609821e-03,0.000000000000000000e+00,-7.102253276424545791e-02,-9.769759777015342150e-01,2.011330050864132413e-01,0.000000000000000000e+00,-9.727940121965879261e-03,-2.009561403911012678e-01,-9.795519367650168396e-01,0.000000000000000000e+00,6.131093885974552293e-01,1.866248316990359035e-01,9.379903502726325004e-02,1.000000000000000000e+00
9.974330504963516697e-01,-7.146679381139381393e-02,-7.443527860688634208e-04,0.000000000000000000e+00,-6.917151084712491738e-02,-9.679143640507736901e-01,2.415322604798801343e-01,0.000000000000000000e+00,-1.798235222807672076e-02,-2.408654087624209905e-01,-9.703919259093499727e-01,0.000000000000000000e+00,6.062309266889411852e-01,1.774429023361947244e-01,1.073502957015224357e-01,1.000000000000000000e+00
9.973495862537452572e-01,-7.248274402283391704e-02,-4.560868295804475572e-03,0.000000000000000000e+00,-6.819957365446206732e-02,-9.563019385534232697e-01,2.842818449594040620e-01,0.000000000000000000e+00,-2.496757609450517626e-02,-2.832227840926871409e-01,-9.587290934955255972e-01,0.000000000000000000e+00,5.985507126927738231e-01,1.676474187011953720e-01,1.226711383328886878e-01,1.000000000000000000e+00
9.972475905886345471e-01,-7.376824866933169578e-02,-6.019589241078589920e-03,0.000000000000000000e+00,-6.842745585582635237e-02,-9.499245322830652816e-01,3.048635976188477925e-01,0.000000000000000000e+00,-2.820795226423374047e-02,-3.036184286021156864e-01,-9.523760608300907426e-01,0.000000000000000000e+00,5.947692888899521746e-01,1.627198074996388799e-01,1.301342220027640606e-01,1.000000000000000000e+00
9.970738162188056419e-01,-7.593626229668988536e-02,-7.631250256937226716e-03,0.000000000000000000e+00,-6.932496651108294161e-02,-9.429785695479062646e-01,3.255245202635745350e-01,0.000000000000000000e+00,-3.191583528461740260e-02,-3.240491784743449455e-01,-9.455017236304686934e-01,0.000000000000000000e+00,5.908893145089628707e-01,1.575379266208990492e-01,1.376340760090409010e-01,1.000000000000000000e+00
9.968140290257311298e-01,-7.911458492909036189e-02,-9.133503719552252265e-03,0.000000000000000000e+00,-7.111183622368105750e-02,-9.358312983480114866e-01,3.451718915010021371e-01,0.000000000000000000e+00,-3.585623991335504940e-02,-3.434292957310519645e-01,-9.384938193152629893e-01,0.000000000000000000e+00,5.869093619987408861e-01,1.522317403483351983e-01,1.449609821509160457e-01,1.000000000000000000e+00
9.961889143379691891e-01,-8.661000182195813246e-02,-9.332814995862373508e-03,0.000000000000000000e+00,-7.657374398187118125e-02,-9.217204438140841338e-01,3.801955182389385457e-01,0.000000000000000000e+00,-4.153178052286920358e-02,-3.780391903903660422e-01,-9.248575467257629246e-01,0.000000000000000000e+00,5.792898689039502891e-01,1.418402396755160666e-01,1.593960650960201397e-01,1.000000000000000000e+00
9.954802275763913189e-01,-9.440414264249340215e-02,-9.365962716121433232e-03,0.000000000000000000e+00,-8.209993364804947513e-02,-9.067625112390459430e-01,4.135481785809883015e-01,0.000000000000000000e+00,-4.753428029513903641e-02,-4.109180014549380089e-01,-9.104322535351559997e-01,0.000000000000000000e+00,5.708798343013413712e-01,1.313607139873249063e-01,1.729464120591011622e-01,1.000000000000000000e+00
9.949433058890977399e-01,-9.986880731902916808e-02,-9.735825201614381474e-03,0.000000000000000000e+00,-8.615396636909694594e-02,-8.999683942477041398e-01,4.273349158859944819e-01,0.000000000000000000e+00,-5.144035373489734553e-02,-4.243434039019324810e-01,-9.040390287883317555e-01,0.000000000000000000e+00,5.662639781701822583e-01,1.265046571969744293e-01,1.791330380807884259e-01,1.000000000000000000e+00
9.942619938271654023e-01,-1.063361349734333605e-01,-1.079170658190443770e-02,0.000000000000000000e+00,-9.077771031920885136e-02,-8.934326555571684425e-01,4.399070858652723848e-01,0.000000000000000000e+00,-5.642076860243583347e-02,-4.364116521538146665e-01,-8.979763731494768697e-01,0.000000000000000000e+00,5.611979017720420959e-01,1.217351872801391843e-01,1.847899051213569566e-01,1.000000000000000000e+00
9.934310244032839021e-01,-1.136941729106294846e-01,-1.221399608720251731e-02,0.000000000000000000e+00,-9.600954640075114177e-02,-8.873534074896641810e-01,4.509621315782650353e-01,0.000000000000000000e+00,-6.211109344186797887e-02,-4.468357150889776808e-01,-8.924573131485772359e-01,0.000000000000000000e+00,5.558403752123312058e-01,1.171101360626063265e-01,1.899999554610369568e-01,1.000000000000000000e+00
9.898058228338819653e-01,-1.412712670361376543e-01,-1.753878830919479090e-02,0.000000000000000000e+00,-1.159846628053218115e-01,-8.717362100787405810e-01,4.760297101365608130e-01,0.000000000000000000e+00,-8.254010630068894794e-02,-4.691517811126271753e-01,-8.792518053042147619e-01,0.000000000000000000e+00,5.384580897431612279e-01,1.030710144123844485e-01,2.028681777439848288e-01,1.000000000000000000e+00
9.882072273839159759e-01,-1.519886384889252984e-01,-1.807419203406654060e-02,0.000000000000000000e+00,-1.245789809908360163e-01,-8.673027369893762106e-01,4.819198966708370668e-01,0.000000000000000000e+00,-8.892385723554979693e-02,-4.739941863412907574e-01,-8.760262889485732618e-01,0.000000000000000000e+00,5.327010017621718330e-01,9.810330759332477890e-02,2.066735274340352480e-01,1.000000000000000000e+00
9.865637821225727855e-01,-1.623645357153290225e-01,-1.761840648749143923e-02,0.000000000000000000e+00,-1.332063324277484861e-01,-8.623877455826208793e-01,4.883893899044909892e-01,0.000000000000000000e+00,-9.449283367150329571e-02,-4.794896320025450187e-01,-8.724452975326264514e-01,0.000000000000000000e+00,5.269733092785569006e-01,9.259538038731765508e-02,2.102706607619476142e-01,1.000000000000000000e+00
9.831706269191975434e-01,-1.820411088977193781e-01,-1.474109683195303291e-02,0.000000000000000000e+00,-1.501360949607213335e-01,-8.515340810506668578e-01,5.023242067632713859e-01,0.000000000000000000e+00,-1.039982042575300081e-01,-4.916667006739075529e-01,-8.645508828054270234e-01,0.000000000000000000e+00,5.153549818288164497e-01,8.028346409181633114e-02,2.166761735305837711e-01,1.000000000000000000e+00
9.795370276887305216e-01,-2.006746490109105885e-01,-1.475274660133493038e-02,0.000000000000000000e+00,-1.642193624680574615e-01,-8.396490811427781420e-01,5.176892585594966567e-01,0.000000000000000000e+00,-1.162764790688273348e-01,-5.046828276625675569e-01,-8.554384980101559233e-01,0.000000000000000000e+00,5.023978478608083220e-01,6.630789764735356417e-02,2.221025430411209256e-01,1.000000000000000000e+00
9.776702612102762258e-01,-2.094970863156819518e-01,-1.589270497676088800e-02,0.000000000000000000e+00,-1.700311642271782053e-01,-8.333857895420631046e-01,5.258690672421328927e-01,0.000000000000000000e+00,-1.234151679802108076e-01,-5.114341398951234297e-01,-8.504139091419846697e-01,0.000000000000000000e+00,4.954751946433572085e-01,5.864998338095015612e-02,2.245218815193148476e-01,1.000000000000000000e+00
9.745079916896904892e-01,-2.233886254399680971e-01,-2.030869415241026710e-02,0.000000000000000000e+00,-1.768417532492848054e-01,-8.208262545498433704e-01,5.430948361479817077e-01,0.000000000000000000e+00,-1.379937750943482366e-01,-5.256689537477938767e-01,-8.394223425075785228e-01,0.000000000000000000e+00,4.815500603047727091e-01,4.222883007943894346e-02,2.292278234355588362e-01,1.000000000000000000e+00
9.730526417521370153e-01,-2.293058019312242679e-01,-2.383594934282374025e-02,0.000000000000000000e+00,-1.786158649245876973e-01,-8.152171480592361741e-01,5.509066356549128241e-01,0.000000000000000000e+00,-1.457603688614054760e-01,-5.318139175405209862e-01,-8.342229150410523930e-01,0.000000000000000000e+00,4.746792049951548687e-01,3.380830599866687519e-02,2.316568615501178874e-01,1.000000000000000000e+00
9.724034964498244893e-01,-2.312339223425347590e-01,-3.070928445032388571e-02,0.000000000000000000e+00,-1.753584352932197887e-01,-8.114647376143786506e-01,5.574541646459818534e-01,0.000000000000000000e+00,-1.538247760696892230e-01,-5.366955797951046270e-01,-8.296359399733754802e-01,0.000000000000000000e+00,4.679304802274321662e-01,2.550301801389703166e-02,2.341278979490534484e-01,1.000000000000000000e+00
9.719072457696905643e-01,-2.291492737784113221e-01,-5.355056347424349411e-02,0.000000000000000000e+00,-1.601663782636067179e-01,-8.108645958331397452e-01,5.628730633095585523e-01,0.000000000000000000e+00,-1.724075290741841349e-01,-5.384937765473752913e-01,-8.248030653060642869e-01,0.000000000000000000e+00,4.550887748192228854e-01,9.606364684166840417e-03,2.397402616174174605e-01,1.000000000000000000e+00
9.708999279773047331e-01,-2.245173778391095221e-01,-8.322273609491333268e-02,0.000000000000000000e+00,-1.415560015437920260e-01,-8.185165076275472407e-01,5.567525231818402087e-01,0.000000000000000000e+00,-1.931235181398860412e-01,-5.287804875622671430e-01,-8.264953131837373679e-01,0.000000000000000000e+00,4.431175782008697772e-01,-5.445101675548401007e-03,2.464267743820908463e-01,1.000000000000000000e+00
9.706665190386455366e-01,-2.180993704981175341e-01,-1.010936214947890793e-01,0.000000000000000000e+00,-1.283632386682440341e-01,-8.258169887039519264e-01,5.491174073253775045e-01,0.000000000000000000e+00,-2.032509041569643404e-01,-5.200431900911923755e-01,-8.296048158003619388e-01,0.000000000000000000e+00,4.374021280581382176e-01,-1.224251217408243129e-02,2.500116904725126488e-01,1.000000000000000000e+00
9.705603229267066867e-01,-2.092124474296181980e-01,-1.192625603537192103e-01,0.000000000000000000e+00,-1.136359085798729074e-01,-8.345064369666037596e-01,5.391350794037972349e-01,0.000000000000000000e+00,-2.123232316416815146e-01,-5.097204210595311924e-01,-8.337289353621640808e-01,0.000000000000000000e+00,4.321880650673455837e-01,-1.892951961796908097e-02,2.538753269631178755e-01,1.000000000000000000e+00
9.706972137351537189e-01,-1.969918833678335757e-01,-1.375567665918752402e-01,0.000000000000000000e+00,-9.672520951494492647e-02,-8.444677921804174536e-01,5.267818606552712168e-01,0.000000000000000000e+00,-2.199382443305574752e-01,-4.980500663226242741e-01,-8.387927635100470569e-01,0.000000000000000000e+00,4.273565600796183084e-01,-2.496759108857849602e-02,2.578920337221996539e-01,1.000000000000000000e+00
9.713879199836235045e-01,-1.591942345605692199e-01,-1.761915193582599404e-01,0.000000000000000000e+00,-5.251377572504358632e-02,-8.676308542026966997e-01,4.944084860677526727e-01,0.000000000000000000e+00,-2.315806375887774493e-01,-4.710190175470498342e-01,-8.511824090070160276e-01,0.000000000000000000e+00,4.188367548471675361e-01,-3.562706432476778901e-02,2.660431618263440212e-01,1.000000000000000000e+00
9.704680364866224984e-01,-1.132435195036165243e-01,-2.129517371364730571e-01,0.000000000000000000e+00,-4.889652871355038011e-03,-8.919692357835313778e-01,4.520483609214268617e-01,0.000000000000000000e+00,-2.411425883510552037e-01,-4.376656515674912096e-01,-8.661980313538912846e-01,0.000000000000000000e+00,4.110775123172743517e-01,-4.395399964450050906e-02,2.737236559597179819e-01,1.000000000000000000e+00
9.687408924081064576e-01,-9.046147374535049024e-02,-2.309514062424669889e-01,0.000000000000000000e+00,1.777620587251188544e-02,-9.033964284666888833e-01,4.284152733500722343e-01,0.000000000000000000e+00,-2.474005157776401620e-01,-4.191369036545374294e-01,-8.735658193793096604e-01,0.000000000000000000e+00,4.070917936434331197e-01,-4.731962036603613864e-02,2.774712057967068657e-01,1.000000000000000000e+00
9.653419510622396338e-01,-6.948725037147805705e-02,-2.515296929914403457e-01,0.000000000000000000e+00,3.938830055246689277e-02,-9.140416042918773076e-01,4.036796431631498594e-01,0.000000000000000000e+00,-2.579641591527270794e-01,-3.996039150942952700e-01,-8.796426567839564781e-01,0.000000000000000000e+00,4.024305932647955220e-01,-5.058666715250555862e-02,2.810462042619949474e-01,1.000000000000000000e+00
9.604109684414385839e-01,-4.866749045974087806e-02,-2.742681060038469898e-01,0.000000000000000000e+00,6.125523219903405286e-02,-9.236074929344210149e-01,3.783883486906600702e-01,0.000000000000000000e+00,-2.717365208981471492e-01,-3.802159972671660948e-01,-8.840786495738403028e-01,0.000000000000000000e+00,3.973047448208610333e-01,-5.350033762334076987e-02,2.847957877368297863e-01,1.000000000000000000e+00
9.376112844528234902e-01,2.147924157539966850e-02,-3.469934701824803347e-01,0.000000000000000000e+00,1.329249967294758583e-01,-9.443942563937428591e-01,3.007177757236618176e-01,0.000000000000000000e+00,-3.212456354696386351e-01,-3.280868025308358860e-01,-8.883469433148292183e-01,0.000000000000000000e+00,3.820874444739940090e-01,-6.193191076546519791e-02,2.959922037991085664e-01,1.000000000000000000e+00
9.286969668204847483e-01,5.014795825961382292e-02,-3.674069582928877753e-01,0.000000000000000000e+00,1.602920719105327130e-01,-9.477418683039008362e-01,2.758125262704150260e-01,0.000000000000000000e+00,-3.343819599143758037e-01,-3.150447447251373823e-01,-8.882204195496147259e-01,0.000000000000000000e+00,3.783950493176543306e-01,-6.472620647979264452e-02,2.997295000462595893e-01,1.000000000000000000e+00
9.103907182398419673e-01,1.078537040884820775e-01,-3.994209127704096973e-01,0.000000000000000000e+00,2.134375053825949275e-01,-9.494614533827254732e-01,2.301045995577347958e-01,0.000000000000000000e+00,-3.544239507196867978e-01,-2.947421695811217601e-01,-8.874180055795926059e-01,0.000000000000000000e+00,3.734334462221374773e-01,-7.066732438553324780e-02,3.072072690191188227e-01,1.000000000000000000e+00
8.993058843848619199e-01,1.390854093940227243e-01,-4.145900651314100571e-01,0.000000000000000000e+00,2.415029595183801059e-01,-9.483355934560646627e-01,2.057101592761167996e-01,0.000000000000000000e+00,-3.645662527680367249e-01,-2.851265740010098804e-01,-8.864503844779575426e-01,0.000000000000000000e+00,3.715019835853793362e-01,-7.321116533579830055e-02,3.108152720821065751e-01,1.000000000000000000e+00
8.719423562247953230e-01,2.016783127289321631e-01,-4.461200875293240276e-01,0.000000000000000000e+00,2.951616198265297197e-01,-9.435335578448356131e-01,1.503488952511916055e-01,0.000000000000000000e+00,-3.906146824407436546e-01,-2.627781569472433798e-01,-8.822515571497321352e-01,0.000000000000000000e+00,3.672376694676021125e-01,-7.751084982877538831e-02,3.175642684149153072e-01,1.000000000000000000e+00
8.375785574815913792e-01,2.646879339629216732e-01,-4.778945538115129676e-01,0.000000000000000000e+00,3.450515975030991611e-01,-9.345178806451359677e-01,8.715774616344215686e-02,0.000000000000000000e+00,-4.235395562878409015e-01,-2.379043189309711925e-01,-8.740799616130605632e-01,0.000000000000000000e+00,3.625159317674895298e-01,-8.050811167449276051e-02,3.240313214201503422e-01,1.000000000000000000e+00
8.183433285429128068e-01,2.948818815409373073e-01,-4.932946578561249740e-01,0.000000000000000000e+00,3.673552484613645808e-01,-9.284785365283276803e-01,5.439187012148468531e-02,0.000000000000000000e+00,-4.419828345407207926e-01,-2.257299516433493580e-01,-8.681573376424580601e-01,0.000000000000000000e+00,3.600619814179452649e-01,-8.193362155843061934e-02,3.273314295139128083e-01,1.000000000000000000e+00
7.971019799946792439e-01,3.250660049632132509e-01,-5.088627249141232101e-01,0.000000000000000000e+00,3.888215464319398351e-01,-9.210705829977796633e-01,2.067687277161451773e-02,0.000000000000000000e+00,-4.619860329382214914e-01,-2.143424946062561232e-01,-8.605964213125520956e-01,0.000000000000000000e+00,3.573934839158863785e-01,-8.336277501555888758e-02,3.306300938473826778e-01,1.000000000000000000e+00
7.741332414541589602e-01,3.551517113368832801e-01,-5.239902034498051808e-01,0.000000000000000000e+00,4.095131159114940855e-01,-9.121972354853746801e-01,-1.326493009809235832e-02,0.000000000000000000e+00,-4.827027711575729851e-01,-2.043159713029086832e-01,-8.516178829659158955e-01,0.000000000000000000e+00,3.547782440366388235e-01,-8.488338181240015490e-02,3.341974965987069557e-01,1.000000000000000000e+00
7.251956154685016420e-01,4.126964381649536051e-01,-5.511385634597075756e-01,0.000000000000000000e+00,4.454546073173316634e-01,-8.915779266753558474e-01,-8.148460214202511709e-02,0.000000000000000000e+00,-5.250214910801778156e-01,-1.864185252960744998e-01,-8.304219212727851351e-01,0.000000000000000000e+00,3.500654395059175084e-01,-8.859861444450739532e-02,3.411322066740706260e-01,1.000000000000000000e+00
6.753371186876774290e-01,4.654149257981440302e-01,-5.720921865120532912e-01,0.000000000000000000e+00,4.715167792337007779e-01,-8.689431132709977135e-01,-1.503014960045025716e-01,0.000000000000000000e+00,-5.670790432649241986e-01,-1.682501252990849516e-01,-8.062960089362840588e-01,0.000000000000000000e+00,3.459569855572892649e-01,-9.234468471834274272e-02,3.479477353192408917e-01,1.000000000000000000e+00
6.494213776710299202e-01,4.909415487636303865e-01,-5.806970094831189755e-01,0.000000000000000000e+00,4.809617632789812136e-01,-8.566882343224273555e-01,-1.863915189548690232e-01,0.000000000000000000e+00,-5.889949767009903248e-01,-1.582494673785944383e-01,-7.924910242364837654e-01,0.000000000000000000e+00,3.438079130554212437e-01,-9.423661652180119475e-02,3.512523238684072679e-01,1.000000000000000000e+00
6.227629052363241602e-01,5.165226608097639449e-01,-5.876661055674582412e-01,0.000000000000000000e+00,4.882141408966367280e-01,-8.434775805023180251e-01,-2.239939077736776141e-01,0.000000000000000000e+00,-6.113928853233179250e-01,-1.474146442920260813e-01,-7.774751844427469916e-01,0.000000000000000000e+00,3.414032201741838968e-01,-9.624485088339115868e-02,3.544054611901955032e-01,1.000000000000000000e+00
5.959142130425755246e-01,5.421221185452551605e-01,-5.924277223248931579e-01,0.000000000000000000e+00,4.935491547393982548e-01,-8.291988444677204084e-01,-2.623342430767118816e-01,0.000000000000000000e+00,-6.334697746623110248e-01,-1.360661172748575398e-01,-7.617099555073609807e-01,0.000000000000000000e+00,3.390854818712692453e-01,-9.831661758139977059e-02,3.570878308690297320e-01,1.000000000000000000e+00
5.430114227977460573e-01,5.953236271490207621e-01,-5.922069913218765969e-01,0.000000000000000000e+00,5.027700232762608579e-01,-7.953578292486170875e-01,-3.385394719215528148e-01,0.000000000000000000e+00,-6.725699624970077339e-01,-1.139153157127716365e-01,-7.312133384948834580e-01,0.000000000000000000e+00,3.355485638521338299e-01,-1.024588108329410885e-01,3.610021653634948313e-01,1.000000000000000000e+00
4.933094542404173888e-01,6.471112291612648448e-01,-5.812689449399706110e-01,0.000000000000000000e+00,5.079116389375787355e-01,-7.567797036395865762e-01,-4.114498682611655300e-01,0.000000000000000000e+00,-7.061599656428707572e-01,-9.226292887605488935e-02,-7.020154235331810266e-01,0.000000000000000000e+00,3.329369054424556329e-01,-1.072356769598876713e-01,3.629453511916561070e-01,1.000000000000000000e+00
4.707696769068419052e-01,6.709776339236018794e-01,-5.728400064420438031e-01,0.000000000000000000e+00,5.087874463027188821e-01,-7.369227216092041344e-01,-4.450404293567603586e-01,0.000000000000000000e+00,-7.207648678412541532e-01,-8.194384255181227927e-02,-6.883191207235369591e-01,0.000000000000000000e+00,3.319831110447232225e-01,-1.096702023498399847e-01,3.633848913346947596e-01,1.000000000000000000e+00
4.490724055709167106e-01,6.942277913670258371e-01,-5.624611054549636391e-01,0.000000000000000000e+00,5.087387290338851731e-01,-7.161723634270296124e-01,-4.777685614871892694e-01,0.000000000000000000e+00,-7.345134541154095809e-01,-7.159444912194555533e-02,-6.748068024096789408e-01,0.000000000000000000e+00,3.311509470094876062e-01,-1.120984746471168914e-01,3.633153462541127143e-01,1.000000000000000000e+00
4.092270689928276250e-01,7.373111583189937424e-01,-5.374813566283499489e-01,0.000000000000000000e+00,5.084725361988148284e-01,-6.734018166486109847e-01,-5.366250275258354074e-01,0.000000000000000000e+00,-7.576151290352517442e-01,-5.369405517875263517e-02,-6.504892502534992405e-01,0.000000000000000000e+00,3.303837430327298263e-01,-1.175968133663192888e-01,3.626239946540149028e-01,1.000000000000000000e+00
3.700527503692476738e-01,7.803924027130146879e-01,-5.040133000558335574e-01,0.000000000000000000e+00,5.119684525016081622e-01,-6.240199197477253046e-01,-5.903119432150762957e-01,0.000000000000000000e+00,-7.752042198518579452e-01,-3.959311339738331298e-02,-6.304687168253270135e-01,0.000000000000000000e+00,3.312207855256164013e-01,-1.229698736878042931e-01,3.618320575360390867e-01,1.000000000000000000e+00
3.477340062243701735e-01,8.031542678992700246e-01,-4.837406637564651835e-01,0.000000000000000000e+00,5.161771514122081017e-01,-5.947037476840544290e-01,-6.163354182194358266e-01,0.000000000000000000e+00,-7.827098768341472779e-01,-3.537577477793256431e-02,-6.213805623489803143e-01,0.000000000000000000e+00,3.321069220276359757e-01,-1.259893949805157842e-01,3.617360315077330912e-01,1.000000000000000000e+00
3.223014073240854094e-01,8.267257207681381059e-01,-4.611150966499845127e-01,0.000000000000000000e+00,5.215066718752540131e-01,-5.615932449093147261e-01,-6.423585956169893807e-01,0.000000000000000000e+00,-7.900287068581430816e-01,-3.344216389657603955e-02,-6.121570582897535306e-01,0.000000000000000000e+00,3.331116870759165960e-01,-1.293654814693820931e-01,3.623314595628434609e-01,1.000000000000000000e+00
2.947753827809717064e-01,8.491210604688174124e-01,-4.382712006005537453e-01,0.000000000000000000e+00,5.261933666646685381e-01,-5.270900881245293990e-01,-6.672910360406364427e-01,0.000000000000000000e+00,-7.976346348495747529e-01,-3.391508095138591472e-02,-6.021866459599104493e-01,0.000000000000000000e+00,3.340977216833776464e-01,-1.331336320711023480e-01,3.634424702666057549e-01,1.000000000000000000e+00
2.087343293375012176e-01,9.058285975631987785e-01,-3.686262042963311392e-01,0.000000000000000000e+00,5.309857750547156696e-01,-4.215049027882464272e-01,-7.350975925115128540e-01,0.000000000000000000e+00,-8.212659856190681618e-01,-4.229598215198585032e-02,-5.689755976831866180e-01,0.000000000000000000e+00,3.373511561551189031e-01,-1.452933267187314637e-01,3.695129999141462118e-01,1.000000000000000000e+00
1.847106844360396904e-01,9.190116702449321329e-01,-3.482531549175085228e-01,0.000000000000000000e+00,5.277376389351522423e-01,-3.916781431065540220e-01,-7.536988546926157717e-01,0.000000000000000000e+00,-8.290771546662069058e-01,-4.457092454736497761e-02,-5.573549177100526331e-01,0.000000000000000000e+00,3.384913066458113406e-01,-1.493357643310460059e-01,3.723855827309006106e-01,1.000000000000000000e+00
1.451707742743584273e-01,9.395264840940275031e-01,-3.101550884375537387e-01,0.000000000000000000e+00,5.154646517243605119e-01,-3.393917240671344704e-01,-7.868228500486180721e-01,0.000000000000000000e+00,-8.445212357548198545e-01,-4.565118121038840016e-02,-5.335727242028477368e-01,0.000000000000000000e+00,3.407462637279774498e-01,-1.568697582360354392e-01,3.782553278116528306e-01,1.000000000000000000e+00
1.293054450657153964e-01,9.482295490357751655e-01,-2.900371891895521803e-01,0.000000000000000000e+00,5.087263802181548611e-01,-3.145032082684413033e-01,-8.014149667682772815e-01,0.000000000000000000e+00,-8.511593665018500898e-01,-4.392309608045954356e-02,-5.230664340663393475e-01,0.000000000000000000e+00,3.420981201820851303e-01,-1.602961241408698834e-01,3.809162635613185799e-01,1.000000000000000000e+00
1.078608181818612177e-01,9.616216330243944066e-01,-2.522511163540102075e-01,0.000000000000000000e+00,4.988498520416309034e-01,-2.718275794675112378e-01,-8.229455261802477439e-01,0.000000000000000000e+00,-8.599475878079214652e-01,-3.707256805944565692e-02,-5.090341549648852437e-01,0.000000000000000000e+00,3.457807277517908062e-01,-1.664084503248738911e-01,3.848188655172057882e-01,1.000000000000000000e+00
8.842003762059617855e-02,9.749939680382171403e-01,-2.038367144002097009e-01,0.000000000000000000e+00,4.951226177284859253e-01,-2.205874319849490395e-01,-8.403425046760312211e-01,0.000000000000000000e+00,-8.643093311519887134e-01,-2.662156429297218505e-02,-5.022555847356973135e-01,0.000000000000000000e+00,3.502976873460960094e-01,-1.717852796233513835e-01,3.874003034660539191e-01,1.000000000000000000e+00
7.838366670761227895e-02,9.810206314161888930e-01,-1.772999391721855611e-01,0.000000000000000000e+00,4.962676869811131763e-01,-1.926426065521251174e-01,-8.465151835025922500e-01,0.000000000000000000e+00,-8.646210288808533484e-01,-2.163568326221938787e-02,-5.019585377566473383e-01,0.000000000000000000e+00,3.528657100305840899e-01,-1.745183896599002693e-01,3.880970708184657836e-01,1.000000000000000000e+00
6.876387601092429080e-02,9.857653057103983318e-01,-1.533591807321852962e-01,0.000000000000000000e+00,4.990418560348903187e-01,-1.670965298262063192e-01,-8.503039001124829133e-01,0.000000000000000000e+00,-8.638425026035074783e-01,-1.806280599862807382e-02,-5.034380455777702768e-01,0.000000000000000000e+00,3.557230318187742935e-01,-1.774593248876538965e-01,3.883402121733163237e-01,1.000000000000000000e+00
5.478264061224931425e-02,9.911317737258195093e-01,-1.209851904154738006e-01,0.000000000000000000e+00,5.041234090629060915e-01,-1.320449802211292323e-01,-8.534661437540470574e-01,0.000000000000000000e+00,-8.618894939929201415e-01,-1.423661170926495724e-02,-5.068962606211134814e-01,0.000000000000000000e+00,3.609746913299121118e-01,-1.840497473409629381e-01,3.879147128907027842e-01,1.000000000000000000e+00
5.243812829801533515e-02,9.924175714408677296e-01,-1.110781414015344082e-01,0.000000000000000000e+00,5.048141952919279474e-01,-1.223160104437588241e-01,-8.545069740628765675e-01,0.000000000000000000e+00,-8.616309601485058201e-01,-1.126529312048197423e-02,-5.074102695890906345e-01,0.000000000000000000e+00,3.630523236892121419e-01,-1.872140973909628969e-01,3.871274492667370337e-01,1.000000000000000000e+00
5.165815796435036661e-02,9.944622608411134435e-01,-9.141659247488793938e-02,0.000000000000000000e+00,5.003775238319171370e-01,-1.049940140572847569e-01,-8.594063867328346484e-01,0.000000000000000000e+00,-8.642620530496936126e-01,-1.347483241547417065e-03,-5.030400460671520246e-01,0.000000000000000000e+00,3.652587983780953285e-01,-1.922561889146280623e-01,3.852134370018609477e-01,1.000000000000000000e+00
4.961660138029890671e-02,9.957295967603015940e-01,-7.772715036744939909e-02,0.000000000000000000e+00,4.938411861919905776e-01,-9.210277674833383665e-02,-8.646494713101621210e-01,0.000000000000000000e+00,-8.681326700283134024e-01,4.516186965492006815e-03,-4.963116674880861390e-01,0.000000000000000000e+00,3.651534974761979080e-01,-1.940803846098467789e-01,3.840901230997594284e-01,1.000000000000000000e+00
4.666621165939992960e-02,9.969905379228787279e-01,-6.174851320329537152e-02,0.000000000000000000e+00,4.857263800387878194e-01,-7.666409978669143366e-02,-8.707314433506577744e-01,0.000000000000000000e+00,-8.728617095631597822e-01,1.064106091627967619e-02,-4.878516206809752620e-01,0.000000000000000000e+00,3.645636733277819452e-01,-1.956007447735263749e-01,3.828512909935651853e-01,1.000000000000000000e+00
4.394290495649284811e-02,9.982910464186520727e-01,-3.827211315756672699e-02,0.000000000000000000e+00,4.705543768795574233e-01,-5.447598677405503936e-02,-8.806768375321861742e-01,0.000000000000000000e+00,-8.812736800760873068e-01,2.069078657209670602e-02,-4.721531448123352237e-01,0.000000000000000000e+00,3.634508040268439877e-01,-1.981789488298905666e-01,3.792016945697327945e-01,1.000000000000000000e+00
4.072924476310881697e-02,9.989380892982190341e-01,-2.108481139252793221e-02,0.000000000000000000e+00,4.592154830760302731e-01,-3.745655198141709108e-02,-8.875240243047621824e-01,0.000000000000000000e+00,-8.873884023557847556e-01,2.646622092662738804e-02,-4.602622757888275018e-01,0.000000000000000000e+00,3.629499882220557638e-01,-1.999355720027072292e-01,3.744534344035863604e-01,1.000000000000000000e+00
3.889485921436132421e-02,9.991223581095813877e-01,-1.491476964129935176e-02,0.000000000000000000e+00,4.544589134485625403e-01,-3.098070141293624707e-02,-8.902179727619089489e-01,0.000000000000000000e+00,-8.899158838407370542e-01,2.784728886175171295e-02,-4.552738167202348141e-01,0.000000000000000000e+00,3.628728353548970054e-01,-2.005673902718619339e-01,3.722894412281996801e-01,1.000000000000000000e+00
3.689744465297099818e-02,9.992490116311034676e-01,-1.098809508295604462e-02,0.000000000000000000e+00,4.496644148601822710e-01,-2.642143659502378672e-02,-8.927959277449206699e-01,0.000000000000000000e+00,-8.924329517447050497e-01,2.800147209956918223e-02,-4.503102754773533611e-01,0.000000000000000000e+00,3.627830059572607069e-01,-2.012867877117185678e-01,3.703835506872724115e-01,1.000000000000000000e+00
3.395771549856597959e-02,9.993717946133400254e-01,-9.145304294500656433e-03,0.000000000000000000e+00,4.446048340115974495e-01,-2.330122626596772828e-02,-8.954129445843579393e-01,0.000000000000000000e+00,-8.950807712324373444e-01,2.634063866700548512e-02,-4.451253573147226361e-01,0.000000000000000000e+00,3.626294039297618399e-01,-2.021645624911819483e-01,3.689236701309961952e-01,1.000000000000000000e+00
2.306228235212796907e-02,9.996859997890712446e-01,-8.762411748149590354e-03,0.000000000000000000e+00,4.361049697556641513e-01,-1.794680678307186347e-02,-8.997061266779894373e-01,0.000000000000000000e+00,-8.995981961279793104e-01,1.692827133865421399e-02,-4.363903288946381354e-01,0.000000000000000000e+00,3.623368863463155010e-01,-2.049294293369408049e-01,3.674467602021590507e-01,1.000000000000000000e+00
1.144885601356398705e-02,9.998754317467783981e-01,-9.939395674917117160e-03,0.000000000000000000e+00,4.307878034161801151e-01,-1.390242880871180378e-02,-9.023354907141187820e-01,0.000000000000000000e+00,-9.023786436841670922e-01,6.049055142088904241e-03,-4.309016040288210503e-01,0.000000000000000000e+00,3.621091789800417460e-01,-2.079816976988466126e-01,3.675682380338520239e-01,1.000000000000000000e+00
5.214991012590854125e-03,9.999457230298413046e-01,-7.880467262486963095e-03,0.000000000000000000e+00,4.291465983219119873e-01,-9.355950286420623360e-03,-9.031757360802924461e-01,0.000000000000000000e+00,-9.032178334399362241e-01,1.328203199592728435e-03,-4.291803597933255277e-01,0.000000000000000000e+00,3.619810244888858608e-01,-2.093743693182772980e-01,3.679633480629292963e-01,1.000000000000000000e+00
