9.996736496254164939e-01,1.955815206794483951e-02,1.583729249257913307e-02,0.000000000000000000e+00,2.257735362549058780e-02,-9.749887459832763392e-01,-2.210609762270047962e-01,0.000000000000000000e+00,1.111785181087330231e-02,2.213506587337827902e-01,-9.751309036479316461e-01,0.000000000000000000e+00,6.230573230977893839e-01,2.951607473836820317e-01,2.869672813436913855e-02,1.000000000000000000e+00
9.996733698042740146e-01,1.955673837528320788e-02,1.585668910890214792e-02,0.000000000000000000e+00,2.258029881640754091e-02,-9.749880873569496398e-01,-2.210635802627991253e-01,0.000000000000000000e+00,1.113701480464547242e-02,2.213536847449881217e-01,-9.751299980777217158e-01,0.000000000000000000e+00,6.230651863515298539e-01,2.951588942912046765e-01,2.870631923875535674e-02,1.000000000000000000e+00
9.996736262589123179e-01,1.950855990447354638e-02,1.589980987366457210e-02,0.000000000000000000e+00,2.254281192321919147e-02,-9.749898396123879429e-01,-2.210596778800078821e-01,0.000000000000000000e+00,1.118981254877238207e-02,2.213502179071443476e-01,-9.751301806054324395e-01,0.000000000000000000e+00,6.230928127703388997e-01,2.951352537178906221e-01,2.872569202281615233e-02,1.000000000000000000e+00
9.996738486961138648e-01,1.957310921224924422e-02,1.580621808253684230e-02,0.000000000000000000e+00,2.258511852214857216e-02,-9.749874358803225505e-01,-2.210659611927234536e-01,0.000000000000000000e+00,1.108412924155703812e-02,2.213551073217660536e-01,-9.751302777278151313e-01,0.000000000000000000e+00,6.230410623745640253e-01,2.951684429751321725e-01,2.868265965826750918e-02,1.000000000000000000e+00
9.996732285267263540e-01,1.963105233278316514e-02,1.577354913985493795e-02,0.000000000000000000e+00,2.263452714739139573e-02,-9.749837038553105240e-01,-2.210773672237900944e-01,0.000000000000000000e+00,1.103918453626570248e-02,2.213664142624544584e-01,-9.751282208209121061e-01,0.000000000000000000e+00,6.230124196260863334e-01,2.952039731454038640e-01,2.867030701525721814e-02,1.000000000000000000e+00
9.996735677857289115e-01,1.960001373804879168e-02,1.579063751810513491e-02,0.000000000000000000e+00,2.260791222432572203e-02,-9.749868470773667140e-01,-2.210662281584431788e-01,0.000000000000000000e+00,1.106297577476028811e-02,2.213553201429070416e-01,-9.751304696354420321e-01,0.000000000000000000e+00,6.230268718186646737e-01,2.951825226158993343e-01,2.867677335296812957e-02,1.000000000000000000e+00
9.996732957202812964e-01,1.956904289550030762e-02,1.584617572518657105e-02,0.000000000000000000e+00,2.258997846491184527e-02,-9.749877326312071935e-01,-2.210641558299777931e-01,0.000000000000000000e+00,1.112402716507485817e-02,2.213541597460642329e-01,-9.751300384988377257e-01,0.000000000000000000e+00,6.230555393086728566e-01,2.951668913879544887e-01,2.870398725974008039e-02,1.000000000000000000e+00
9.996734447065891427e-01,1.955765780916045998e-02,1.585083186113693879e-02,0.000000000000000000e+00,2.257987249489600348e-02,-9.749886194944373807e-01,-2.210612768343960532e-01,0.000000000000000000e+00,1.113115417615626740e-02,2.213512595643081504e-01,-9.751306155054311198e-01,0.000000000000000000e+00,6.230631049857037196e-01,2.951570096111061359e-01,2.870249230987606190e-02,1.000000000000000000e+00
9.996740910169706895e-01,1.956033216452980616e-02,1.580670921523449901e-02,0.000000000000000000e+00,2.257269482900762375e-02,-9.749891374358777840e-01,-2.210597254847837811e-01,0.000000000000000000e+00,1.108758159508277212e-02,2.213487418070220480e-01,-9.751316834329714078e-01,0.000000000000000000e+00,6.230451131239410634e-01,2.951592452256712740e-01,2.868100646138945983e-02,1.000000000000000000e+00
9.996732113032177347e-01,1.957401623518076686e-02,1.584535870042955499e-02,0.000000000000000000e+00,2.259466880464017224e-02,-9.749872125599604589e-01,-2.210659702156241024e-01,0.000000000000000000e+00,1.112208735594463933e-02,2.213560107763849483e-01,-9.751296404407013840e-01,0.000000000000000000e+00,6.230553131707482484e-01,2.951676530439005242e-01,2.870308483745307934e-02,1.000000000000000000e+00
9.996721169437268184e-01,1.961597864803196062e-02,1.586249942903286692e-02,0.000000000000000000e+00,2.263980879457447998e-02,-9.749778425223482037e-01,-2.211026742249418697e-01,0.000000000000000000e+00,1.112865439479370465e-02,2.213935648706204795e-01,-9.751210399151685193e-01,0.000000000000000000e+00,6.230458689577139664e-01,2.952137520438056772e-01,2.872316197477290875e-02,1.000000000000000000e+00
9.996713397770757847e-01,1.961881356770170740e-02,1.590790632705308891e-02,0.000000000000000000e+00,2.265281080918396181e-02,-9.749739285154025437e-01,-2.211186011598623158e-01,0.000000000000000000e+00,1.117192440780004348e-02,2.214105499027003154e-01,-9.751166886567014247e-01,0.000000000000000000e+00,6.230600914360884257e-01,2.952209131033445288e-01,2.875258021340356546e-02,1.000000000000000000e+00
9.996713163103249089e-01,1.964367020436393746e-02,1.587867968354323561e-02,0.000000000000000000e+00,2.267090278935583736e-02,-9.749671197589826477e-01,-2.211467667789816238e-01,0.000000000000000000e+00,1.113727087024839191e-02,2.214383268212285205e-01,-9.751107776105119029e-01,0.000000000000000000e+00,6.230424026119736336e-01,2.952462414431883397e-01,2.874253325232084544e-02,1.000000000000000000e+00
9.996701676897750133e-01,1.973509413569513385e-02,1.583757531192382662e-02,0.000000000000000000e+00,2.275178576271998793e-02,-9.749488162743603636e-01,-2.212191420086413729e-01,0.000000000000000000e+00,1.107525794389334350e-02,2.215107746772928266e-01,-9.750950288886423012e-01,0.000000000000000000e+00,6.229994008940853423e-01,2.953209193354598416e-01,2.874768320318724091e-02,1.000000000000000000e+00
9.996742714848915190e-01,1.963362660460807665e-02,1.570409305596803112e-02,0.000000000000000000e+00,2.262224920830154667e-02,-9.749721100303353483e-01,-2.211297478969339592e-01,0.000000000000000000e+00,1.096968504194012484e-02,2.214172445072902784e-01,-9.751174646394553669e-01,0.000000000000000000e+00,6.229885970855705279e-01,2.952218209273540506e-01,2.865547495045858012e-02,1.000000000000000000e+00
9.996968671159996989e-01,1.897492016537383197e-02,1.506231006124294711e-02,0.000000000000000000e+00,2.182877572708221553e-02,-9.751778724059253500e-01,-2.203006323670396172e-01,0.000000000000000000e+00,1.050844688766133100e-02,2.205668903853925666e-01,-9.753152410424678065e-01,0.000000000000000000e+00,6.229994427919467448e-01,2.945100023720980675e-01,2.820907243446443835e-02,1.000000000000000000e+00
9.997337600869804497e-01,1.815484810205826929e-02,1.354833325348117797e-02,0.000000000000000000e+00,2.067044782771645592e-02,-9.757820644686542311e-01,-2.177219376845177246e-01,0.000000000000000000e+00,9.267690316800194020e-03,2.179482177090016903e-01,-9.759163305907230246e-01,0.000000000000000000e+00,6.229892810283215177e-01,2.931201658626952367e-01,2.751376833887793014e-02,1.000000000000000000e+00
9.998489816098937721e-01,1.356880116749670240e-02,9.932195615458404292e-03,0.000000000000000000e+00,1.534812808903431199e-02,-9.777060143162134009e-01,-2.093707989077640552e-01,0.000000000000000000e+00,6.869988916514632900e-03,2.094956541178143172e-01,-9.777854438260143999e-01,0.000000000000000000e+00,6.233718998513230192e-01,2.883415158494169739e-01,2.545819366215319735e-02,1.000000000000000000e+00
9.998965207500433161e-01,1.040708262466741481e-02,8.909956476286465255e-03,0.000000000000000000e+00,1.200411186886259952e-02,-9.789530486834578937e-01,-2.036849937349610729e-01,0.000000000000000000e+00,6.602789621053785189e-03,2.037747959751481652e-01,-9.789955238378297286e-01,0.000000000000000000e+00,6.239788235527808924e-01,2.849092136763413663e-01,2.451988947040746603e-02,1.000000000000000000e+00
9.999310967942791617e-01,6.660756360238016816e-03,8.612948955384813407e-03,0.000000000000000000e+00,8.228203347391455785e-03,-9.803328296850928325e-01,-1.971308870078485320e-01,0.000000000000000000e+00,7.130653099097455754e-03,1.971919697096864710e-01,-9.803389622311227125e-01,0.000000000000000000e+00,6.249652904095398531e-01,2.807924763593502293e-01,2.373977610172808492e-02,1.000000000000000000e+00
9.999303938062110708e-01,-2.375943888375963656e-03,1.069155434926119530e-02,0.000000000000000000e+00,-3.833086364856079357e-04,-9.831705030398124601e-01,-1.826372413505520653e-01,0.000000000000000000e+00,1.094576744515912345e-02,1.826239465791031358e-01,-9.831219071462650172e-01,0.000000000000000000e+00,6.278472688640482913e-01,2.714736885236128661e-01,2.309238315791227458e-02,1.000000000000000000e+00
9.998788850168244258e-01,-7.345476675554778005e-03,1.300023734894551614e-02,0.000000000000000000e+00,-5.123242338093542819e-03,-9.865400713109104824e-01,-1.633804975724361952e-01,0.000000000000000000e+00,1.402563275233946645e-02,1.632972503579236956e-01,-9.864772119270865947e-01,0.000000000000000000e+00,6.307059540352114579e-01,2.608630246429549104e-01,2.338196043815260125e-02,1.000000000000000000e+00
9.998764098417634028e-01,-8.985262665066804516e-03,1.213165273135563722e-02,0.000000000000000000e+00,-7.059205066791698728e-03,-9.885924254907650921e-01,-1.503859394601738675e-01,0.000000000000000000e+00,1.334477409433899864e-02,1.502846068580724059e-01,-9.885527067111222754e-01,0.000000000000000000e+00,6.317162308321337960e-01,2.547463842742792028e-01,2.378196244045917285e-02,1.000000000000000000e+00
9.998891777750253951e-01,-9.381708645647470271e-03,1.069404565541389081e-02,0.000000000000000000e+00,-7.846735520160737914e-03,-9.907377833842109238e-01,-1.354910337174575763e-01,0.000000000000000000e+00,1.186636095470885825e-02,1.353947117194989891e-01,-9.907206778482451348e-01,0.000000000000000000e+00,6.324717689770469331e-01,2.484086872528421530e-01,2.455817109648405355e-02,1.000000000000000000e+00
9.999095065704695084e-01,-9.315719708743334937e-03,8.656958906977950396e-03,0.000000000000000000e+00,-8.214707789739641650e-03,-9.927894459099589897e-01,-1.195089183573106867e-01,0.000000000000000000e+00,9.708035932410763458e-03,1.194292885815520927e-01,-9.927952452883924694e-01,0.000000000000000000e+00,6.330048077372184556e-01,2.418129561172815689e-01,2.551188547665349943e-02,1.000000000000000000e+00
9.999421680211739716e-01,-7.400034736943291759e-03,6.453448707052289630e-03,0.000000000000000000e+00,-6.816639176122281027e-03,-9.962483524003390434e-01,-8.615973927050171732e-02,0.000000000000000000e+00,7.066958766083808290e-03,8.611242358200539571e-02,-9.962603618525790461e-01,0.000000000000000000e+00,6.340538892748713851e-01,2.288474599075689675e-01,2.955190538226194069e-02,1.000000000000000000e+00
9.999451483669156149e-01,-9.026588176503140548e-03,2.994639305080639465e-03,0.000000000000000000e+00,-8.843438342985831049e-03,-9.983605947389958546e-01,-5.637963614533909179e-02,0.000000000000000000e+00,3.498712995741123412e-03,5.635114565634431055e-02,-9.984048814937710459e-01,0.000000000000000000e+00,6.345042610312335851e-01,2.171915990984973344e-01,3.608970907503592646e-02,1.000000000000000000e+00
9.999350715161301473e-01,-1.043996836713804652e-02,1.267562121924201927e-03,0.000000000000000000e+00,-1.037656197888892420e-02,-9.990301417098960135e-01,-4.256582922735005492e-02,0.000000000000000000e+00,1.710751614216376917e-03,4.255073178911616960e-02,-9.990928428094784097e-01,0.000000000000000000e+00,6.344499671901722149e-01,2.117882350036587591e-01,4.020050715810193770e-02,1.000000000000000000e+00
9.999256534048271972e-01,-1.137520947898136570e-02,-1.979228308782835541e-04,0.000000000000000000e+00,-1.137616315958945266e-02,-9.995046880271933887e-01,-2.901221164677547301e-02,0.000000000000000000e+00,1.321977328159793072e-04,2.901286487759186655e-02,-9.995790294895915418e-01,0.000000000000000000e+00,6.341617889335771086e-01,2.067834726068213669e-01,4.490750907136962372e-02,1.000000000000000000e+00
9.998695913896108456e-01,-1.307461501395761408e-02,-8.402473315503387885e-03,0.000000000000000000e+00,-1.294316968538543854e-02,-9.997862772353047767e-01,1.551196672488526149e-02,0.000000000000000000e+00,-8.603656155755362925e-03,-1.540148571928696627e-02,-9.998443735594015891e-01,0.000000000000000000e+00,6.311315711536165107e-01,1.919650658626225193e-01,6.136045474014405893e-02,1.000000000000000000e+00
9.998144469781937715e-01,-1.401496149312552418e-02,-1.246592833459186922e-02,0.000000000000000000e+00,-1.360423126842940159e-02,-9.993713337510430339e-01,3.244393732987040785e-02,0.000000000000000000e+00,-1.291304057459544997e-02,-3.226894916448626305e-02,-9.993958016236302866e-01,0.000000000000000000e+00,6.295259581674220728e-01,1.865912095097344570e-01,6.747803782573320863e-02,1.000000000000000000e+00
9.997296472776568965e-01,-1.535868840841811932e-02,-1.689644772350419252e-02,0.000000000000000000e+00,-1.449727640195643159e-02,-9.986356744902601390e-01,4.997364819098953914e-02,0.000000000000000000e+00,-1.764126480906256719e-02,-4.971614239609786073e-02,-9.986075760583772443e-01,0.000000000000000000e+00,6.277607522962207476e-01,1.810551879589679669e-01,7.389893719310082487e-02,1.000000000000000000e+00
9.996218499775891830e-01,-1.717212239791676698e-02,-2.102432307926845739e-02,0.000000000000000000e+00,-1.571418531161224846e-02,-9.975758473749035682e-01,6.764791212922709185e-02,0.000000000000000000e+00,-2.213544131417001515e-02,-6.729324656434473861e-02,-9.974876646879685671e-01,0.000000000000000000e+00,6.259237088760839507e-01,1.754066170796590440e-01,8.081632129013376076e-02,1.000000000000000000e+00
9.993884857759302021e-01,-2.188033727053636732e-02,-2.691936553169967453e-02,0.000000000000000000e+00,-1.902340753545238641e-02,-9.945770570465525262e-01,1.021534848332009277e-01,0.000000000000000000e+00,-2.900909456455271970e-02,-1.015808742096882267e-01,-9.944042429652744097e-01,0.000000000000000000e+00,6.223303605728075505e-01,1.642650333711574151e-01,9.603978086386907864e-02,1.000000000000000000e+00
9.991046617334986557e-01,-2.864661514109264479e-02,-3.082196042689817894e-02,0.000000000000000000e+00,-2.424243170740744691e-02,-9.905631754263670707e-01,1.348245040612135737e-01,0.000000000000000000e+00,-3.439402686436131285e-02,-1.339591703818695523e-01,-9.903898179942354218e-01,0.000000000000000000e+00,6.184176011965166753e-01,1.531224964196654381e-01,1.119582392925813630e-01,1.000000000000000000e+00
9.988564370237658085e-01,-3.486403175723683245e-02,-3.242012348876240763e-02,0.000000000000000000e+00,-2.902508187082483704e-02,-9.857263075084568005e-01,1.657767722250125808e-01,0.000000000000000000e+00,-3.773774183548274375e-02,-1.646493693180263451e-01,-9.856299752058755859e-01,0.000000000000000000e+00,6.140548303040397338e-01,1.428180135303196152e-01,1.282351882456775061e-01,1.000000000000000000e+00
9.987311154565162719e-01,-3.794077779346795298e-02,-3.282382215126777858e-02,0.000000000000000000e+00,-3.139826346295265108e-02,-9.829942282651582541e-01,1.808790843356561096e-01,0.000000000000000000e+00,-3.912907422649501699e-02,-1.796224169336748944e-01,-9.829571215902972448e-01,0.000000000000000000e+00,6.116096582293244488e-01,1.379422205890364628e-01,1.362813188340143977e-01,1.000000000000000000e+00
9.986130264607155915e-01,-4.093042431074015580e-02,-3.282484805633648084e-02,0.000000000000000000e+00,-3.373939554339153157e-02,-9.800812211231898496e-01,1.956609314381690112e-01,0.000000000000000000e+00,-4.018027570585396696e-02,-1.942858049751650107e-01,-9.801217125588811419e-01,0.000000000000000000e+00,6.090691997492536647e-01,1.332769529433741329e-01,1.442742138341604474e-01,1.000000000000000000e+00
9.985004185802702770e-01,-4.310471792390010298e-02,-3.346108618879486268e-02,0.000000000000000000e+00,-3.511636900385408516e-02,-9.769328254377407372e-01,2.105940220220552939e-01,0.000000000000000000e+00,-4.176763354473049528e-02,-2.091072132514841531e-01,-9.770003265886206822e-01,0.000000000000000000e+00,6.062518898405783174e-01,1.288687087360085859e-01,1.520761880020870815e-01,1.000000000000000000e+00
9.981004403640669764e-01,-4.672568205517371731e-02,-3.991200925464313126e-02,0.000000000000000000e+00,-3.564986697178628566e-02,-9.692964838855041565e-01,2.432573949817372350e-01,0.000000000000000000e+00,-5.005390162353064859e-02,-2.413771024897832518e-01,-9.691396707007192690e-01,0.000000000000000000e+00,5.993414011456901225e-01,1.201331579231387087e-01,1.669605261801573592e-01,1.000000000000000000e+00
9.973393269959884844e-01,-5.346475888325282616e-02,-4.936125288070099260e-02,0.000000000000000000e+00,-3.760352139801702298e-02,-9.594254990222934598e-01,2.794090798551473465e-01,0.000000000000000000e+00,-6.229818319475469157e-02,-2.768148362737584689e-01,-9.589017065316782773e-01,0.000000000000000000e+00,5.907230227206778927e-01,1.112682121574805200e-01,1.822576441830232041e-01,1.000000000000000000e+00
9.970623846351883701e-01,-5.648796887274656897e-02,-5.154083254499736144e-02,0.000000000000000000e+00,-3.886683416855989809e-02,-9.548232254704162036e-01,2.945890768599414566e-01,0.000000000000000000e+00,-6.585439047904632914e-02,-2.917260751009600472e-01,-9.542322025381571038e-01,0.000000000000000000e+00,5.871366526903042393e-01,1.076703981139652683e-01,1.895181146832178587e-01,1.000000000000000000e+00
9.968030850605879012e-01,-6.027955478571186271e-02,-5.225640429401330611e-02,0.000000000000000000e+00,-4.119835882401130106e-02,-9.498814786895758422e-01,3.098525755483103050e-01,0.000000000000000000e+00,-6.831648118901727240e-02,-3.067150303403471945e-01,-9.493464849891585233e-01,0.000000000000000000e+00,5.835508812240487453e-01,1.040236556652610056e-01,1.973691464339046575e-01,1.000000000000000000e+00
9.966311224855878281e-01,-6.393691635532328110e-02,-5.117834816890681759e-02,0.000000000000000000e+00,-4.407415752326376834e-02,-9.454216189663308123e-01,3.228253055925209836e-01,0.000000000000000000e+00,-6.902690032465223779e-02,-3.194882552393911723e-01,-9.450727706349706381e-01,0.000000000000000000e+00,5.805757159625091202e-01,1.008312132228212366e-01,2.048304644872645242e-01,1.000000000000000000e+00
9.962936784705581639e-01,-7.250160124191676325e-02,-4.607787927162544650e-02,0.000000000000000000e+00,-5.224871661011337015e-02,-9.371774955328907586e-01,3.448900699940531389e-01,0.000000000000000000e+00,-6.818954668233336014e-02,-3.412108558126011326e-01,-9.375101799974708827e-01,0.000000000000000000e+00,5.750421255152579070e-01,9.484304017250021202e-02,2.196645089010207386e-01,1.000000000000000000e+00
9.956229049602390857e-01,-8.417749132299698345e-02,-4.037236646902721271e-02,0.000000000000000000e+00,-6.385503336639374028e-02,-9.294831639368935639e-01,3.632689493651320434e-01,0.000000000000000000e+00,-6.810581500233331420e-02,-3.591078217791764393e-01,-9.308078052422439352e-01,0.000000000000000000e+00,5.696250476897166681e-01,8.847300765712284853e-02,2.335821088586807204e-01,1.000000000000000000e+00
9.949864641276553456e-01,-9.223345811277272599e-02,-3.841448045351699564e-02,0.000000000000000000e+00,-7.150443907901393725e-02,-9.258758199921651721e-01,3.709741608886520381e-01,0.000000000000000000e+00,-6.978461188874435228e-02,-3.663745165927459468e-01,-9.278468739694977208e-01,0.000000000000000000e+00,5.665169005016977843e-01,8.507364715951575007e-02,2.402669499853046231e-01,1.000000000000000000e+00
9.940415591502173021e-01,-1.022995773632685290e-01,-3.737542046198092521e-02,0.000000000000000000e+00,-8.079334284233997965e-02,-9.227418994661898966e-01,3.768296294389499312e-01,0.000000000000000000e+00,-7.303878452293141588e-02,-3.715717811304412588e-01,-9.255267405229112843e-01,0.000000000000000000e+00,5.631656263415822927e-01,8.163776642791488458e-02,2.465959011169891468e-01,1.000000000000000000e+00
9.927480504564775154e-01,-1.143952850714886615e-01,-3.668479207361055594e-02,0.000000000000000000e+00,-9.204646674360955627e-02,-9.205396971902188863e-01,3.796246313902272851e-01,0.000000000000000000e+00,-7.719856162650511056e-02,-3.735020982971047343e-01,-9.244114693416880524e-01,0.000000000000000000e+00,5.598481985496619462e-01,7.835748906363382282e-02,2.524308584070971695e-01,1.000000000000000000e+00
9.862788120354493149e-01,-1.583069096499254702e-01,-4.662375133171451497e-02,0.000000000000000000e+00,-1.296783490214708512e-01,-9.181675937159263778e-01,3.743428142040118867e-01,0.000000000000000000e+00,-1.020714368280004614e-01,-3.631672870849116386e-01,-9.261160528655427715e-01,0.000000000000000000e+00,5.476286359948400184e-01,6.882282080741773667e-02,2.667267850394681172e-01,1.000000000000000000e+00
9.834193027403931309e-01,-1.720039020316685430e-01,-5.728769138905585867e-02,0.000000000000000000e+00,-1.392715055507235122e-01,-9.190608638842138189e-01,3.686615292097154550e-01,0.000000000000000000e+00,-1.160643312890274753e-01,-3.545771476822000556e-01,-9.277952992681016697e-01,0.000000000000000000e+00,5.423410687371910122e-01,6.607391329405129521e-02,2.701518694625485995e-01,1.000000000000000000e+00
9.803171727265719282e-01,-1.840058102972353116e-01,-7.142023197558658443e-02,0.000000000000000000e+00,-1.463466906352667851e-01,-9.203976110944160904e-01,3.625350059415032855e-01,0.000000000000000000e+00,-1.324461084215282636e-01,-3.449538188749086132e-01,-9.292281158077436709e-01,0.000000000000000000e+00,5.364736694104642600e-01,6.334441509291038885e-02,2.730293934327416294e-01,1.000000000000000000e+00
9.769205901591995200e-01,-1.937274785902296514e-01,-8.986974720828963537e-02,0.000000000000000000e+00,-1.500951022438248572e-01,-9.222055606583539067e-01,3.563553157656490500e-01,0.000000000000000000e+00,-1.519171222913131836e-01,-3.346482795046766268e-01,-9.300170519830731619e-01,0.000000000000000000e+00,5.300332802072138527e-01,6.045964626433376204e-02,2.752409713037191619e-01,1.000000000000000000e+00
9.643423472202322655e-01,-2.170105161101016922e-01,-1.514299183008714633e-01,0.000000000000000000e+00,-1.546291934371518406e-01,-9.264999367486836945e-01,3.430283175524573291e-01,0.000000000000000000e+00,-2.147446964609102948e-01,-3.073871649378802084e-01,-9.270371331146147753e-01,0.000000000000000000e+00,5.100475091222672619e-01,5.070360688659832776e-02,2.810886259626478867e-01,1.000000000000000000e+00
9.593874329283476055e-01,-2.200317013144719724e-01,-1.764725215352891952e-01,0.000000000000000000e+00,-1.507948224994935804e-01,-9.288547275249902091e-01,3.383349871991233049e-01,0.000000000000000000e+00,-2.383663480447897332e-01,-2.979889294881584716e-01,-9.243289901449004420e-01,0.000000000000000000e+00,5.026774293164941732e-01,4.703771110636172786e-02,2.830303007513758073e-01,1.000000000000000000e+00
9.553302544500985594e-01,-2.185071544818593670e-01,-1.989459104223038899e-01,0.000000000000000000e+00,-1.438553362798797863e-01,-9.319509484592648496e-01,3.327969633138008199e-01,0.000000000000000000e+00,-2.581313172118119281e-01,-2.893171470491002761e-01,-9.217721038835273717e-01,0.000000000000000000e+00,4.964692584373360251e-01,4.388975794993509733e-02,2.847452695055076588e-01,1.000000000000000000e+00
9.472947620978127148e-01,-2.110461094405256810e-01,-2.409832365399595111e-01,0.000000000000000000e+00,-1.282485401222467070e-01,-9.392277929645741485e-01,3.184088751599363776e-01,0.000000000000000000e+00,-2.935427593184694040e-01,-2.707265236887864135e-01,-9.168095755515885958e-01,0.000000000000000000e+00,4.855380156370887601e-01,3.771463364339937285e-02,2.872519164038828676e-01,1.000000000000000000e+00
9.382299900868422693e-01,-2.019585678934664730e-01,-2.809234227636984160e-01,0.000000000000000000e+00,-1.124506908644424125e-01,-9.458644156893157851e-01,3.044274891628989677e-01,0.000000000000000000e+00,-3.272035085460462400e-01,-2.540378581856678752e-01,-9.101662653623215915e-01,0.000000000000000000e+00,4.754276457948953261e-01,3.089600481604879920e-02,2.889681533746870645e-01,1.000000000000000000e+00
9.326369254300248546e-01,-1.978225116699045272e-01,-3.017206756293787095e-01,0.000000000000000000e+00,-1.050728783982690512e-01,-9.489470701367218597e-01,2.973884584264195330e-01,0.000000000000000000e+00,-3.451537282045539223e-01,-2.456575273331841613e-01,-9.058262985644889298e-01,0.000000000000000000e+00,4.702509019781913602e-01,2.725183016746226053e-02,2.894155156273602869e-01,1.000000000000000000e+00
9.206356412844179937e-01,-1.884332046654148551e-01,-3.419118165222705397e-01,0.000000000000000000e+00,-9.121161972190412748e-02,-9.553753292259842267e-01,2.809255553260641136e-01,0.000000000000000000e+00,-3.795971253596756578e-01,-2.274481272750018546e-01,-8.967571420500454193e-01,0.000000000000000000e+00,4.604992847126949673e-01,2.036004544784435558e-02,2.896714827383504720e-01,1.000000000000000000e+00
9.150795811220311382e-01,-1.801315711823509580e-01,-3.607807148090286242e-01,0.000000000000000000e+00,-8.228929606267722241e-02,-9.592637646400926643e-01,2.702262912879389578e-01,0.000000000000000000e+00,-3.947677536242887864e-01,-2.175943597510075489e-01,-8.926427702631001271e-01,0.000000000000000000e+00,4.563222935957323978e-01,1.717922828441685937e-02,2.893023789910030841e-01,1.000000000000000000e+00
9.055650365523676415e-01,-1.526692572911799162e-01,-3.957585240437366814e-01,0.000000000000000000e+00,-5.676903380779937253e-02,-9.682030043391505192e-01,2.436000125007804495e-01,0.000000000000000000e+00,-4.203729184379181305e-01,-1.981326398605518790e-01,-8.854547229903267924e-01,0.000000000000000000e+00,4.494172299680684879e-01,1.137084148570044299e-02,2.875719515221302758e-01,1.000000000000000000e+00
9.015628546925703590e-01,-1.343024997756515349e-01,-4.112517531802178938e-01,0.000000000000000000e+00,-4.044175899013925657e-02,-9.725856607472592730e-01,2.289592617471692959e-01,0.000000000000000000e+00,-4.307356522957502820e-01,-1.897930754475262716e-01,-8.822955209868880155e-01,0.000000000000000000e+00,4.467280817601073095e-01,8.244503348700662343e-03,2.862429740227531161e-01,1.000000000000000000e+00
8.978185637204300074e-01,-1.127304455916157550e-01,-4.256693789514442994e-01,0.000000000000000000e+00,-2.149530514105142676e-02,-9.767335039656620532e-01,2.133315752275350696e-01,0.000000000000000000e+00,-4.398229755234915328e-01,-1.823866667857531321e-01,-8.793695775841036122e-01,0.000000000000000000e+00,4.444553355463310984e-01,4.953312150828102257e-03,2.847732402522563655e-01,1.000000000000000000e+00
8.895950895764812572e-01,-6.836116383376075745e-02,-4.515839620512608898e-01,0.000000000000000000e+00,1.648355995613735858e-02,-9.832760484969399473e-01,1.813208526469698711e-01,0.000000000000000000e+00,-4.564357860879141859e-01,-1.687491004093683300e-01,-8.736075287503746178e-01,0.000000000000000000e+00,4.402042065120263525e-01,-1.883934823649750486e-03,2.817616948898122309e-01,1.000000000000000000e+00
8.780509932948068474e-01,-2.903584401220486028e-02,-4.776652801258540193e-01,0.000000000000000000e+00,4.904880155589914220e-02,-9.874306973816430189e-01,1.501851518477790859e-01,0.000000000000000000e+00,-4.760312783889019128e-01,-1.553021213401945544e-01,-8.656069969117989871e-01,0.000000000000000000e+00,4.349865102848342047e-01,-9.074150502492049283e-03,2.790966198399869591e-01,1.000000000000000000e+00
8.706754133063937529e-01,-1.170562886399529288e-02,-4.916991456346525013e-01,0.000000000000000000e+00,6.278512546105990966e-02,-9.888830594045611155e-01,1.347184833076833788e-01,0.000000000000000000e+00,-4.878193120419314077e-01,-1.481703164194353994e-01,-8.602777900952116585e-01,0.000000000000000000e+00,4.317631173726509397e-01,-1.248768507753791196e-02,2.780915955063092970e-01,1.000000000000000000e+00
8.623000534414569929e-01,4.119464484230896464e-03,-5.063619207132699085e-01,0.000000000000000000e+00,7.422706345578201914e-02,-9.901842337754261925e-01,1.183481015247470902e-01,0.000000000000000000e+00,-5.009137038145403675e-01,-1.396400211929831880e-01,-8.541581386441401413e-01,0.000000000000000000e+00,4.281897699388820810e-01,-1.543486718101188225e-02,2.773057118507928909e-01,1.000000000000000000e+00
8.431923282490541016e-01,3.915483666173093236e-02,-5.361663391608439966e-01,0.000000000000000000e+00,9.702019026352406983e-02,-9.920417742441383080e-01,8.013081640031051445e-02,0.000000000000000000e+00,-5.287720778644361408e-01,-1.195869523027644765e-01,-8.402970013690773676e-01,0.000000000000000000e+00,4.206862713369313722e-01,-1.930630373895219493e-02,2.767272825923617896e-01,1.000000000000000000e+00
8.328908574226661088e-01,5.694489163256971631e-02,-5.504823755942592767e-01,0.000000000000000000e+00,1.082856835314289778e-01,-9.922246971845327668e-01,6.119728703465191627e-02,0.000000000000000000e+00,-5.427277847426975610e-01,-1.105821502325244621e-01,-8.325972253846609661e-01,0.000000000000000000e+00,4.170502215195683871e-01,-2.110656779091556537e-02,2.771370091134700564e-01,1.000000000000000000e+00
8.132559579894451662e-01,9.751597282304604042e-02,-5.736602903637776363e-01,0.000000000000000000e+00,1.358706377062983139e-01,-9.904198433823020453e-01,2.425799960979338823e-02,0.000000000000000000e+00,-5.658098860996827462e-01,-9.767343270632600216e-02,-8.187301590482832792e-01,0.000000000000000000e+00,4.110855636598301222e-01,-2.461568089527692293e-02,2.786168864744117402e-01,1.000000000000000000e+00
7.953244551616271973e-01,1.352248318612535583e-01,-5.908925475677999639e-01,0.000000000000000000e+00,1.627092510917426682e-01,-9.866409442024535181e-01,-6.789236603882461973e-03,0.000000000000000000e+00,-5.839280968580498055e-01,-9.074578512506843719e-02,-8.067175343215062799e-01,0.000000000000000000e+00,4.063545561587389443e-01,-2.881931659012572713e-02,2.806399091178380378e-01,1.000000000000000000e+00
7.845605147897561915e-01,1.558521932945007571e-01,-6.001296854675117753e-01,0.000000000000000000e+00,1.772429582405405379e-01,-9.838696319377576716e-01,-2.379554592799442911e-02,0.000000000000000000e+00,-5.941694003815258807e-01,-8.770140354104288827e-02,-7.995443624134869198e-01,0.000000000000000000e+00,4.036866377271920436e-01,-3.098029597611617197e-02,2.819678308688176593e-01,1.000000000000000000e+00
7.716444646947117070e-01,1.792611704667335937e-01,-6.102548646017634804e-01,0.000000000000000000e+00,1.931635351515743615e-01,-9.801840309712155364e-01,-4.367906841925965622e-02,0.000000000000000000e+00,-6.060037014840156111e-01,-8.417589626802539360e-02,-7.909955323989805720e-01,0.000000000000000000e+00,4.006718283474433040e-01,-3.306790902895065387e-02,2.835002318597080739e-01,1.000000000000000000e+00
7.411904350708524714e-01,2.331327092930330913e-01,-6.294971212947514383e-01,0.000000000000000000e+00,2.282586391047013996e-01,-9.693981462441796371e-01,-9.025505323042203043e-02,0.000000000000000000e+00,-6.312869017652601444e-01,-7.679345256779647466e-02,-7.717380470744825693e-01,0.000000000000000000e+00,3.943567536410816365e-01,-3.722633935358866247e-02,2.874399210988284326e-01,1.000000000000000000e+00
7.073617644824199413e-01,2.904782879449335220e-01,-6.443930828943665867e-01,0.000000000000000000e+00,2.620235504722981390e-01,-9.544548722611890801e-01,-1.426194331638451496e-01,0.000000000000000000e+00,-6.564846057560169701e-01,-6.796393810392635515e-02,-7.512714992083571186e-01,0.000000000000000000e+00,3.881867615267585170e-01,-4.191212396956438269e-02,2.921241684436706731e-01,1.000000000000000000e+00
6.914220787946648850e-01,3.160856057489491167e-01,-6.496200009965769073e-01,0.000000000000000000e+00,2.755214935112908492e-01,-9.466076189036822797e-01,-1.673399813195195207e-01,0.000000000000000000e+00,-6.678418597222779418e-01,-6.328293353255159959e-02,-7.416080640919460176e-01,0.000000000000000000e+00,3.853775469140374166e-01,-4.424213551018683910e-02,2.944878402951273677e-01,1.000000000000000000e+00
6.762899235785971852e-01,3.384922487426881843e-01,-6.542443608533292654e-01,0.000000000000000000e+00,2.859359647034360741e-01,-9.391475199765442206e-01,-1.903242147290509778e-01,0.000000000000000000e+00,-6.788683107065187627e-01,-5.835876742522790039e-02,-7.319372042621453689e-01,0.000000000000000000e+00,3.826317102543421722e-01,-4.659283626485440089e-02,2.968627462642765558e-01,1.000000000000000000e+00
6.618864908953853154e-01,3.583752472006527245e-01,-6.583723887476391479e-01,0.000000000000000000e+00,2.937182527487334216e-01,-9.320609824630802231e-01,-2.120675832686297058e-01,0.000000000000000000e+00,-6.896562660800528155e-01,-5.301233981044378013e-02,-7.221938288882987500e-01,0.000000000000000000e+00,3.798587005099908764e-01,-4.905403678616979818e-02,2.990793475888121056e-01,1.000000000000000000e+00
6.332779172526549205e-01,3.976634413909214683e-01,-6.639304284354478058e-01,0.000000000000000000e+00,3.072709396163834095e-01,-9.165610999187953079e-01,-2.558926858746094490e-01,0.000000000000000000e+00,-7.103056454327779656e-01,-4.195614722025480664e-02,-7.026418517116362894e-01,0.000000000000000000e+00,3.742752162387806281e-01,-5.384385487111460061e-02,3.028657761264321735e-01,1.000000000000000000e+00
6.053881519705494041e-01,4.484398036635304230e-01,-6.575619171189169831e-01,0.000000000000000000e+00,3.301193303941480917e-01,-8.932186490702046511e-01,-3.052251948226520906e-01,0.000000000000000000e+00,-7.242356375086833609e-01,-3.229480491852248364e-02,-6.887958964291712727e-01,0.000000000000000000e+00,3.704698674263432467e-01,-5.878044857873142293e-02,3.048902946311723428e-01,1.000000000000000000e+00
5.920037725671478679e-01,4.789279619457971759e-01,-6.481822949093239972e-01,0.000000000000000000e+00,3.457023740536717127e-01,-8.774218398203895708e-01,-3.325680839784028731e-01,0.000000000000000000e+00,-7.280194730371734035e-01,-2.719712144793397582e-02,-6.850167614472092437e-01,0.000000000000000000e+00,3.694868693523500336e-01,-6.136829828647212548e-02,3.052199952721056930e-01,1.000000000000000000e+00
5.790429469057397638e-01,5.098821020041616192e-01,-6.361684168486697599e-01,0.000000000000000000e+00,3.622685644380702619e-01,-8.599440223307462938e-01,-3.594975835507178141e-01,0.000000000000000000e+00,-7.303846729991497755e-01,-2.229970826639370712e-02,-6.826719215400313123e-01,0.000000000000000000e+00,3.689438676457897359e-01,-6.399010721617462427e-02,3.053600933209453805e-01,1.000000000000000000e+00
5.661931435064475604e-01,5.403513120055969399e-01,-6.224359651894527667e-01,0.000000000000000000e+00,3.792752929217215185e-01,-8.412371417471827817e-01,-3.852934860925900651e-01,0.000000000000000000e+00,-7.318241828772567015e-01,-1.792439805912948367e-02,-6.812577201839649099e-01,0.000000000000000000e+00,3.687145633248011256e-01,-6.684168268748945374e-02,3.054487451375431095e-01,1.000000000000000000e+00
5.378356124355998524e-01,5.926575040420012375e-01,-5.995587409086259312e-01,0.000000000000000000e+00,4.089947870853152811e-01,-8.053138602066858276e-01,-4.291545148279956035e-01,0.000000000000000000e+00,-7.371888008369122947e-01,-1.440209555601403880e-02,-6.755333089968479365e-01,0.000000000000000000e+00,3.678632068201767025e-01,-7.472140142833985643e-02,3.069235962051100608e-01,1.000000000000000000e+00
5.066526281135832477e-01,6.337725562562878112e-01,-5.844794335673222374e-01,0.000000000000000000e+00,4.337015718044178736e-01,-7.732700190375149107e-01,-4.625334270874992271e-01,0.000000000000000000e+00,-7.451157609482217392e-01,-1.914624122571338682e-02,-6.666602764778166712e-01,0.000000000000000000e+00,3.671744231395037139e-01,-8.475119947972359347e-02,3.099672822246833936e-01,1.000000000000000000e+00
4.870556990281182941e-01,6.576575127147926692e-01,-5.746686775136014003e-01,0.000000000000000000e+00,4.477331224377877339e-01,-7.529704917424303590e-01,-4.822356649382952831e-01,0.000000000000000000e+00,-7.498689019421220792e-01,-2.242300417986269057e-02,-6.612063511368188040e-01,0.000000000000000000e+00,3.669454455622892519e-01,-9.011706487750853478e-02,3.121542507842077208e-01,1.000000000000000000e+00
4.636560809595883792e-01,6.852546312885240409e-01,-5.616314412388544453e-01,0.000000000000000000e+00,4.631628980344472679e-01,-7.278379843022613205e-01,-5.056804775669729857e-01,0.000000000000000000e+00,-7.553111273967769712e-01,-2.566551164560664997e-02,-6.548636364485197481e-01,0.000000000000000000e+00,3.666841748851094596e-01,-9.539161559575523586e-02,3.149347079091644463e-01,1.000000000000000000e+00
4.145295403069970686e-01,7.344147451974281093e-01,-5.373834656469015369e-01,0.000000000000000000e+00,4.878832805892348023e-01,-6.778251280825556835e-01,-5.500034065008698736e-01,0.000000000000000000e+00,-7.681974182553977792e-01,-3.418840712291455058e-02,-6.392995224494847362e-01,0.000000000000000000e+00,3.661877580574923741e-01,-1.066653176198110592e-01,3.208156475629654891e-01,1.000000000000000000e+00
3.648834658123632502e-01,7.726443351900093015e-01,-5.194819867683140302e-01,0.000000000000000000e+00,5.000089577108860484e-01,-6.332826864556444502e-01,-5.906985933160867619e-01,0.000000000000000000e+00,-7.853939913444406562e-01,-4.421034796014056828e-02,-6.174153573513473381e-01,0.000000000000000000e+00,3.648257170963178364e-01,-1.188085134411313581e-01,3.280211206137559343e-01,1.000000000000000000e+00
3.401075536399645882e-01,7.891626159667944895e-01,-5.114000043201920587e-01,0.000000000000000000e+00,5.012105892004594665e-01,-6.122623753689803161e-01,-6.114764720592856806e-01,0.000000000000000000e+00,-7.956806730198441313e-01,-4.835226139282664676e-02,-6.037833430965841019e-01,0.000000000000000000e+00,3.637299374829897070e-01,-1.249453232287005555e-01,3.319795442850437817e-01,1.000000000000000000e+00
3.145948262818884511e-01,8.070579759940600395e-01,-4.996681554414370563e-01,0.000000000000000000e+00,5.012772182689201328e-01,-5.882624243750883553e-01,-6.345464659220200199e-01,0.000000000000000000e+00,-8.060673062576977355e-01,-5.084820678827045581e-02,-5.896354447019584999e-01,0.000000000000000000e+00,3.627480482862537325e-01,-1.307945356413191262e-01,3.359769432994381688e-01,1.000000000000000000e+00
2.875306959031335707e-01,8.266622418591647037e-01,-4.836697051698067296e-01,0.000000000000000000e+00,5.010386932133107374e-01,-5.602103193962182370e-01,-6.596251760252129781e-01,0.000000000000000000e+00,-8.162597023438897814e-01,-5.267576529910405342e-02,-5.752785082719656939e-01,0.000000000000000000e+00,3.618399131744909347e-01,-1.363171542886074949e-01,3.399213523759944677e-01,1.000000000000000000e+00
2.071625331434622797e-01,8.865943140586136639e-01,-4.135395435042799051e-01,0.000000000000000000e+00,5.002677669869369792e-01,-4.592669203882213669e-01,-7.340209833868722722e-01,0.000000000000000000e+00,-8.407200493406408182e-01,-5.481991314400722765e-02,-5.386878277440040330e-01,0.000000000000000000e+00,3.612921903721231787e-01,-1.521351361663808577e-01,3.504525350060805899e-01,1.000000000000000000e+00
1.877374211100737711e-01,8.986797495159356552e-01,-3.963711838997916459e-01,0.000000000000000000e+00,5.003720308910022396e-01,-4.347621322635361052e-01,-7.487258950730139029e-01,0.000000000000000000e+00,-8.452082537984162425e-01,-5.777029787252251081e-02,-5.313055621718559829e-01,0.000000000000000000e+00,3.624071572266083785e-01,-1.574767167674897550e-01,3.529707913798842966e-01,1.000000000000000000e+00
1.556012920263214472e-01,9.148882052730766823e-01,-3.724896732436434599e-01,0.000000000000000000e+00,5.022376404072038669e-01,-3.979788451201146660e-01,-7.676919553416410302e-01,0.000000000000000000e+00,-8.506117021129013800e-01,-6.762577644232004026e-02,-5.214273550449443073e-01,0.000000000000000000e+00,3.659411480439702102e-01,-1.679091151977594731e-01,3.568952132271676625e-01,1.000000000000000000e+00
1.386915142787062960e-01,9.219387194848103206e-01,-3.616274440401280321e-01,0.000000000000000000e+00,5.032711181589371030e-01,-3.801039623849374882e-01,-7.760282896309458334e-01,0.000000000000000000e+00,-8.529229734234007321e-01,-7.436954135113016395e-02,-5.167122726680751787e-01,0.000000000000000000e+00,3.678114001866020222e-01,-1.728703281497067090e-01,3.585575020973499338e-01,1.000000000000000000e+00
9.897235398736464740e-02,9.397192425706415442e-01,-3.272811714563915175e-01,0.000000000000000000e+00,5.078445083107117064e-01,-3.305395159053885479e-01,-7.954987936539510418e-01,0.000000000000000000e+00,-8.557413594894283104e-01,-8.747724160355908885e-02,-5.099553488891136466e-01,0.000000000000000000e+00,3.715797639294259880e-01,-1.817631789038618439e-01,3.614081087027479211e-01,1.000000000000000000e+00
