9.996592396610379794e-01,2.030793162671805374e-02,1.580314445192102651e-02,0.000000000000000000e+00,2.330152997747883883e-02,-9.749621410090685281e-01,-2.211031641585670393e-01,0.000000000000000000e+00,1.091752980561723138e-02,2.214003210558415091e-01,-9.751218925751353739e-01,0.000000000000000000e+00,6.228409894381723433e-01,2.956197717578508133e-01,2.868492707574761894e-02,1.000000000000000000e+00
9.996590448590382261e-01,2.030681561426283394e-02,1.581689515461874931e-02,0.000000000000000000e+00,2.330344057907829045e-02,-9.749630240777891199e-01,-2.210990688344886823e-01,0.000000000000000000e+00,1.093128036918218811e-02,2.213965346160420844e-01,-9.751225982252170743e-01,0.000000000000000000e+00,6.228487310643990860e-01,2.956139223835335672e-01,2.869049338876746708e-02,1.000000000000000000e+00
9.996599626529989457e-01,2.022216746438767684e-02,1.586725914753076699e-02,0.000000000000000000e+00,2.323194823654150393e-02,-9.749664944143954237e-01,-2.210912894069947954e-01,0.000000000000000000e+00,1.099931271858144502e-02,2.213889998789572433e-01,-9.751235438919079179e-01,0.000000000000000000e+00,6.228924683141344731e-01,2.955699296219830297e-01,2.870718743008830731e-02,1.000000000000000000e+00
9.996594379483247916e-01,2.021994739818848419e-02,1.590310501953578343e-02,0.000000000000000000e+00,2.323795063970339816e-02,-9.749617358621734953e-01,-2.211116418370865089e-01,0.000000000000000000e+00,1.103426555217689592e-02,2.214101580038007333e-01,-9.751183450825114951e-01,0.000000000000000000e+00,6.229072549373294576e-01,2.955838155558351832e-01,2.872424376207685301e-02,1.000000000000000000e+00
9.996587940049691534e-01,2.029400652358263543e-02,1.584915672707135417e-02,0.000000000000000000e+00,2.329839865387938955e-02,-9.749569560569703031e-01,-2.211263560896798708e-01,0.000000000000000000e+00,1.096491699430555793e-02,2.214244295294946208e-01,-9.751158867554388099e-01,0.000000000000000000e+00,6.228668052318361292e-01,2.956265412782685953e-01,2.870328114050530247e-02,1.000000000000000000e+00
9.996584329877032937e-01,2.028839640010822107e-02,1.587908150018701656e-02,0.000000000000000000e+00,2.329953299587841573e-02,-9.749573600069583179e-01,-2.211244555259427591e-01,0.000000000000000000e+00,1.099537846639702179e-02,2.214231649717509076e-01,-9.751158308971673572e-01,0.000000000000000000e+00,6.228777944215818652e-01,2.956254578522031773e-01,2.872025810368886156e-02,1.000000000000000000e+00
9.996594616733179839e-01,2.022754133489327449e-02,1.589195267313988844e-02,0.000000000000000000e+00,2.324277165557446512e-02,-9.749639406970745936e-01,-2.211014129475572521e-01,0.000000000000000000e+00,1.102195504076512907e-02,2.213997551008655418e-01,-9.751208463305234275e-01,0.000000000000000000e+00,6.229022393503329535e-01,2.955834847509151153e-01,2.871681653284333807e-02,1.000000000000000000e+00
9.996593225813232841e-01,2.021164577881127619e-02,1.592089986054645925e-02,0.000000000000000000e+00,2.323369019810164401e-02,-9.749639299495631573e-01,-2.211024148178623028e-01,0.000000000000000000e+00,1.105367222467660594e-02,2.214012541331723816e-01,-9.751201469555470513e-01,0.000000000000000000e+00,6.229157057803181852e-01,2.955779376035231332e-01,2.873171094078165108e-02,1.000000000000000000e+00
9.996590372866392959e-01,2.021196892818442545e-02,1.593839340723515741e-02,0.000000000000000000e+00,2.323795364920791182e-02,-9.749623404045266728e-01,-2.211089758565524255e-01,0.000000000000000000e+00,1.107049873025642804e-02,2.214082243818534246e-01,-9.751183734470079134e-01,0.000000000000000000e+00,6.229223383640546396e-01,2.955804741047940998e-01,2.874056079771687700e-02,1.000000000000000000e+00
9.996583429733713055e-01,2.019805876992955204e-02,1.599945770543662396e-02,0.000000000000000000e+00,2.323816491111519583e-02,-9.749572670343691350e-01,-2.211313230857305523e-01,0.000000000000000000e+00,1.113257843559909560e-02,2.214318333010001916e-01,-9.751123057875606959e-01,0.000000000000000000e+00,6.229458240213415765e-01,2.955875819250478598e-01,2.877121239613979198e-02,1.000000000000000000e+00
9.996575250943391389e-01,2.024357541343893216e-02,1.599303216871322125e-02,0.000000000000000000e+00,2.328155314217843566e-02,-9.749478872392547402e-01,-2.211681110653373750e-01,0.000000000000000000e+00,1.111535359303808534e-02,2.214689731297244946e-01,-9.751040677052716932e-01,0.000000000000000000e+00,6.229287291585788866e-01,2.956292161576335453e-01,2.877645124088644424e-02,1.000000000000000000e+00
9.996575482322660466e-01,2.025281813930216931e-02,1.597987862530266673e-02,0.000000000000000000e+00,2.328769648982540602e-02,-9.749468892828283551e-01,-2.211718634255777360e-01,0.000000000000000000e+00,1.110039314633307593e-02,2.214725213256776293e-01,-9.751034322417516664e-01,0.000000000000000000e+00,6.229210063239252193e-01,2.956374606905342595e-01,2.877127338594857170e-02,1.000000000000000000e+00
9.996595949604004661e-01,2.020172931482260362e-02,1.591638267656308656e-02,0.000000000000000000e+00,2.322330058946182538e-02,-9.749585308200586775e-01,-2.211273126326382399e-01,0.000000000000000000e+00,1.105087171991796409e-02,2.214259338555992773e-01,-9.751145748323145623e-01,0.000000000000000000e+00,6.229142431853587070e-01,2.955870184552604751e-01,2.872769981054535196e-02,1.000000000000000000e+00
9.996609940087677337e-01,2.015472364012362017e-02,1.588807960709088737e-02,0.000000000000000000e+00,2.317093066093263085e-02,-9.749649397990604038e-01,-2.211045477508976620e-01,0.000000000000000000e+00,1.103423196531429923e-02,2.214019962499390870e-01,-9.751201986327004967e-01,0.000000000000000000e+00,6.229189738974867385e-01,2.955507893423522381e-01,2.870982738275354093e-02,1.000000000000000000e+00
9.996653985170698142e-01,2.008643402575721604e-02,1.569627589733310624e-02,0.000000000000000000e+00,2.306016433254074252e-02,-9.750019758537668002e-01,-2.209527614749712265e-01,0.000000000000000000e+00,1.086595615059685396e-02,2.212450487077055328e-01,-9.751577100240034213e-01,0.000000000000000000e+00,6.228803875870772000e-01,2.954503017096972162e-01,2.860063298851129102e-02,1.000000000000000000e+00
9.997472313804072197e-01,1.815308187400084886e-02,1.251742253398518273e-02,0.000000000000000000e+00,2.042490486113153828e-02,-9.762870812187344205e-01,-2.154694994843265599e-01,0.000000000000000000e+00,8.309322424802799770e-03,2.156748551300336214e-01,-9.764298807520588319e-01,0.000000000000000000e+00,6.228889407564716096e-01,2.923963609417968845e-01,2.683862828157952685e-02,1.000000000000000000e+00
9.998329766548574860e-01,1.265188195830400410e-02,1.243766769167920297e-02,0.000000000000000000e+00,1.495462635546765395e-02,-9.781897330199019747e-01,-2.071278645335519475e-01,0.000000000000000000e+00,9.546025336928680785e-03,2.072832608629070483e-01,-9.782343907092545532e-01,0.000000000000000000e+00,6.245297705036031433e-01,2.863713229939249816e-01,2.473452620531861601e-02,1.000000000000000000e+00
9.998599047205650736e-01,9.547508695182400917e-03,1.302930969414246160e-02,0.000000000000000000e+00,1.198299503856873650e-02,-9.793117480354912585e-01,-2.019545862088411858e-01,0.000000000000000000e+00,1.083180143014859931e-02,2.020863142658470279e-01,-9.793078135419033270e-01,0.000000000000000000e+00,6.256122312335713476e-01,2.826895969825030108e-01,2.387087428889634461e-02,1.000000000000000000e+00
9.998704185455462579e-01,6.564750775591193105e-03,1.402843776109613180e-02,0.000000000000000000e+00,9.193915166111068030e-03,-9.804553151349776341e-01,-1.964779729351320836e-01,0.000000000000000000e+00,1.246466742416770142e-02,1.965852741760242828e-01,-9.804074979533471401e-01,0.000000000000000000e+00,6.267588121074589846e-01,2.789182717107667742e-01,2.331362804222982324e-02,1.000000000000000000e+00
9.998191606895402428e-01,-5.477908593015921607e-04,1.849574936157259708e-02,0.000000000000000000e+00,2.773602847740007111e-03,-9.838226755174300786e-01,-1.790698108732372007e-01,0.000000000000000000e+00,1.829498266328394990e-02,1.790921759545715808e-01,-9.836621808940336775e-01,0.000000000000000000e+00,6.301829026582497217e-01,2.681530570863377982e-01,2.407583487927170487e-02,1.000000000000000000e+00
9.997974290222505500e-01,-1.651062406360563921e-03,1.957349776193665486e-02,0.000000000000000000e+00,1.733315429508383533e-03,-9.851492253246565411e-01,-1.716355043720826368e-01,0.000000000000000000e+00,1.956657380310969710e-02,1.716379676085725559e-01,-9.849657645140800222e-01,0.000000000000000000e+00,6.311045580040192116e-01,2.644940841124235331e-01,2.500780242858199540e-02,1.000000000000000000e+00
9.997918239964447285e-01,-2.329398644783582314e-03,1.978963044181276248e-02,0.000000000000000000e+00,9.360146346654728321e-04,-9.865475516335925343e-01,-1.634129711607245627e-01,0.000000000000000000e+00,1.990444863598178973e-02,1.634006218534826138e-01,-9.863589862227607474e-01,0.000000000000000000e+00,6.316339724490510621e-01,2.608291170820522531e-01,2.624659210005401977e-02,1.000000000000000000e+00
9.998109136387698381e-01,-2.492177383813903337e-03,1.877958790560223593e-02,0.000000000000000000e+00,4.317459761238175522e-04,-9.880444892934454604e-01,-1.541059624851507381e-01,0.000000000000000000e+00,1.893949237966623816e-02,1.540878978304915936e-01,-9.878756072353344075e-01,0.000000000000000000e+00,6.317056023449125757e-01,2.571100686067848695e-01,2.775846278490205765e-02,1.000000000000000000e+00
9.998358337567360143e-01,-4.507036613729296730e-04,1.757410889322365971e-02,0.000000000000000000e+00,1.762437362866705378e-03,-9.920555474885657254e-01,-1.257116995864446529e-01,0.000000000000000000e+00,1.749148770831262731e-02,1.257244558204901885e-01,-9.919109884795065391e-01,0.000000000000000000e+00,6.311787393368337717e-01,2.471505236304648856e-01,3.540947715528634798e-02,1.000000000000000000e+00
9.998116088191402184e-01,7.502763460710215821e-04,1.889261382380279936e-02,0.000000000000000000e+00,2.943978142910567367e-03,-9.931936102508592823e-01,-1.163551995003513639e-01,0.000000000000000000e+00,1.867708436856087978e-02,1.163911395391859643e-01,-9.930278289938603287e-01,0.000000000000000000e+00,6.310063443166239461e-01,2.440668756676880047e-01,3.908473352499775705e-02,1.000000000000000000e+00
9.997743644096780402e-01,1.870331162743638477e-03,2.069949351491731648e-02,0.000000000000000000e+00,4.076599550613940921e-03,-9.942342900736568234e-01,-1.070621533458187280e-01,0.000000000000000000e+00,2.038029694180540710e-02,1.071244423370797255e-01,-9.940367183110155880e-01,0.000000000000000000e+00,6.308263429601713712e-01,2.409363840041828519e-01,4.290560882822514605e-02,1.000000000000000000e+00
9.997185546529963052e-01,3.211029203137294105e-03,2.309215613989052188e-02,0.000000000000000000e+00,5.406887713491636410e-03,-9.953890999009636920e-01,-9.566635910711433766e-02,0.000000000000000000e+00,2.267892968168090662e-02,9.576613474564289741e-02,-9.951454735787993444e-01,0.000000000000000000e+00,6.305939318086196677e-01,2.371239834042215000e-01,4.775099101735717777e-02,1.000000000000000000e+00
9.996086679648451545e-01,5.907995068002570675e-03,2.698802373336254765e-02,0.000000000000000000e+00,7.862895825499658167e-03,-9.972976253574312722e-01,-7.291342967433248057e-02,0.000000000000000000e+00,2.648482971450837400e-02,7.309850770544973342e-02,-9.969729996174568898e-01,0.000000000000000000e+00,6.293848088347363534e-01,2.297587407467693577e-01,5.759862383552293713e-02,1.000000000000000000e+00
9.995354212657673321e-01,7.653165233749143273e-03,2.917391982882356141e-02,0.000000000000000000e+00,8.978707866487228156e-03,-9.989107657116716998e-01,-4.557863371776298134e-02,0.000000000000000000e+00,2.879387615139259587e-02,4.582028513974210210e-02,-9.985346334333583540e-01,0.000000000000000000e+00,6.273550242504024599e-01,2.209750809373483005e-01,6.863222196313960299e-02,1.000000000000000000e+00
9.995195382558068609e-01,8.679524130820659086e-03,2.942966882194858469e-02,0.000000000000000000e+00,9.600976447897929464e-03,-9.994538311437012323e-01,-3.131465415157854565e-02,0.000000000000000000e+00,2.914236003776675410e-02,3.158277028165137196e-02,-9.990761990322688524e-01,0.000000000000000000e+00,6.258792437492128879e-01,2.163866987540245812e-01,7.450885877006017954e-02,1.000000000000000000e+00
9.994886058284712105e-01,1.098405243904475997e-02,2.970899379452969502e-02,0.000000000000000000e+00,1.107652399248088872e-02,-9.999246753746621197e-01,-2.949761741056530339e-03,0.000000000000000000e+00,2.967492697235715737e-02,3.277388732541410346e-03,-9.995542293604091633e-01,0.000000000000000000e+00,6.223733594617048004e-01,2.077470499166900464e-01,8.762611397410517700e-02,1.000000000000000000e+00
9.994706873868071106e-01,1.214727900797367248e-02,2.985859287465141704e-02,0.000000000000000000e+00,1.182349503748091925e-02,-9.998600039983662757e-01,1.099655722004915133e-02,0.000000000000000000e+00,2.998856841258400879e-02,-1.063790849163430245e-02,-9.994936321295334603e-01,0.000000000000000000e+00,6.204168392544910926e-01,2.037027276444600132e-01,9.474019683364028055e-02,1.000000000000000000e+00
9.994918744998753102e-01,1.285346457049367508e-02,2.883622996282474149e-02,0.000000000000000000e+00,1.212260533333226441e-02,-9.995947869002351771e-01,2.537816665983544731e-02,0.000000000000000000e+00,2.915130376365364720e-02,-2.501618277010686162e-02,-9.992619236659083803e-01,0.000000000000000000e+00,6.180533255545894722e-01,1.996869300165198258e-01,1.019295585294226064e-01,1.000000000000000000e+00
9.995522200289600478e-01,1.303229875692767971e-02,2.657565663339646680e-02,0.000000000000000000e+00,1.153346399996238447e-02,-9.983661599858502100e-01,5.579190536697580666e-02,0.000000000000000000e+00,2.725985787788374679e-02,-5.546148129552822686e-02,-9.980886354632956259e-01,0.000000000000000000e+00,6.131044137940733219e-01,1.913703154220737779e-01,1.171387103066369312e-01,1.000000000000000000e+00
9.997170457282822387e-01,1.137707440973251272e-02,2.042394573532176072e-02,0.000000000000000000e+00,9.489391966110554202e-03,-9.958640383135729524e-01,9.025250985487472122e-02,0.000000000000000000e+00,2.136669397362875658e-02,-9.003489514583191966e-02,-9.957093863395667377e-01,0.000000000000000000e+00,6.069475419008784067e-01,1.824086972934978734e-01,1.327370485869753536e-01,1.000000000000000000e+00
9.998281453360845505e-01,8.508040423588854664e-03,1.587576590795611656e-02,0.000000000000000000e+00,6.761976786607715867e-03,-9.942302126597343248e-01,1.069640444529162265e-01,0.000000000000000000e+00,1.669454195054478549e-02,-1.068403676306194094e-01,-9.941360209315501795e-01,0.000000000000000000e+00,6.034371338320845268e-01,1.779579655014938144e-01,1.405884914498927996e-01,1.000000000000000000e+00
9.999198571445434558e-01,4.706897038232954814e-03,1.090281200037497046e-02,0.000000000000000000e+00,3.347373925314124643e-03,-9.925744236704696633e-01,1.215136019721552718e-01,0.000000000000000000e+00,1.139402372115180112e-02,-1.214697064047714076e-01,-9.925297409394745474e-01,0.000000000000000000e+00,5.997511170718609064e-01,1.738461281755098453e-01,1.484657046160816618e-01,1.000000000000000000e+00
9.999799500070770675e-01,3.898453280349951553e-04,4.549121417600184188e-03,0.000000000000000000e+00,-2.225875236314430036e-04,-9.909913737877361628e-01,1.338536306354748961e-01,0.000000000000000000e+00,4.560410097724702447e-03,-1.338545365634151441e-01,-9.909904972809445711e-01,0.000000000000000000e+00,5.956685289230396751e-01,1.700677776450063294e-01,1.560661840543303425e-01,1.000000000000000000e+00
9.998344411372989127e-01,-1.467707485249305881e-02,-9.819403782699605635e-03,0.000000000000000000e+00,-1.299820511868541965e-02,-9.880739187975958737e-01,1.533679384906221910e-01,0.000000000000000000e+00,-1.195351963132180659e-02,-1.532178623632809711e-01,-9.881201344073756720e-01,0.000000000000000000e+00,5.866815110938191635e-01,1.632801150089454034e-01,1.707379264906493388e-01,1.000000000000000000e+00
9.993251262573108473e-01,-2.368180731053619315e-02,-2.773465223370494628e-02,0.000000000000000000e+00,-1.869309512813640411e-02,-9.855952152725860893e-01,1.680279343666507552e-01,0.000000000000000000e+00,-3.131494861304642829e-02,-1.673993131886724328e-01,-9.853917210618948763e-01,0.000000000000000000e+00,5.769093342658139223e-01,1.570316037223978556e-01,1.844771124408651486e-01,1.000000000000000000e+00
9.990037590563731751e-01,-2.230892101933811683e-02,-3.839984811685285410e-02,0.000000000000000000e+00,-1.528459970460782982e-02,-9.845554128695346296e-01,1.743495537773996351e-01,0.000000000000000000e+00,-4.169713154078524830e-02,-1.735922754954693226e-01,-9.839344851714343365e-01,0.000000000000000000e+00,5.717272035879643610e-01,1.537191067926953481e-01,1.915082983266798433e-01,1.000000000000000000e+00
9.985907225516599262e-01,-2.046164011681571304e-02,-4.877127247358047785e-02,0.000000000000000000e+00,-1.142979595243297924e-02,-9.838218663908754325e-01,1.787306405652609176e-01,0.000000000000000000e+00,-5.164036059327440503e-02,-1.779247394140568428e-01,-9.826881805853964202e-01,0.000000000000000000e+00,5.669508277578660937e-01,1.504980149623754704e-01,1.983106903362198692e-01,1.000000000000000000e+00
9.969899384853837532e-01,-2.248610180310938594e-02,-7.406878347738207746e-02,0.000000000000000000e+00,-8.365546129803126327e-03,-9.825634198834537480e-01,1.856876152199987973e-01,0.000000000000000000e+00,-7.695414942539847980e-02,-1.845126106902477969e-01,-9.798128165024595493e-01,0.000000000000000000e+00,5.566218135596896488e-01,1.428584420899288443e-01,2.115796209744952305e-01,1.000000000000000000e+00
9.938530613051170803e-01,-3.153553344940440706e-02,-1.060299465515148476e-01,0.000000000000000000e+00,-1.114624961084337285e-02,-9.821649960932520296e-01,1.876390909964211484e-01,0.000000000000000000e+00,-1.100583198347743208e-01,-1.853074164988115502e-01,-9.764979916137476179e-01,0.000000000000000000e+00,5.449623871299534850e-01,1.344425274266385639e-01,2.248283732281397829e-01,1.000000000000000000e+00
9.915838450129204062e-01,-3.818702732103930464e-02,-1.236283792459617198e-01,0.000000000000000000e+00,-1.458308649645592876e-02,-9.823434775083054182e-01,1.864654731748879579e-01,0.000000000000000000e+00,-1.285685694491226216e-01,-1.830967926855864292e-01,-9.746515723365234418e-01,0.000000000000000000e+00,5.387401415130371740e-01,1.304089674154629563e-01,2.315454257191165988e-01,1.000000000000000000e+00
9.888970781316689385e-01,-4.572919592776044512e-02,-1.413228799722697215e-01,0.000000000000000000e+00,-1.907448096364515802e-02,-9.826395358371377009e-01,1.844897116018943128e-01,0.000000000000000000e+00,-1.473088514994883858e-01,-1.797491368925992483e-01,-9.726203524789449606e-01,0.000000000000000000e+00,5.325869029241141472e-01,1.263168710905657466e-01,2.383670692461486440e-01,1.000000000000000000e+00
9.857993315932515044e-01,-5.168038909303079159e-02,-1.597171315629598298e-01,0.000000000000000000e+00,-2.198730013048200843e-02,-9.829767008331028455e-01,1.823570978970902312e-01,0.000000000000000000e+00,-1.664257090340998668e-01,-1.762591502454147752e-01,-9.701727657109643355e-01,0.000000000000000000e+00,5.264110902222131072e-01,1.222145486184985086e-01,2.452583649709773883e-01,1.000000000000000000e+00
9.779641921141013494e-01,-5.448730553795125969e-02,-2.014892537557153862e-01,0.000000000000000000e+00,-1.797713189269338138e-02,-9.837178416043860230e-01,1.787645874868095397e-01,0.000000000000000000e+00,-2.079529782480445121e-01,-1.712064627453624699e-01,-9.630388911939066210e-01,0.000000000000000000e+00,5.135000522442080273e-01,1.138096264876723857e-01,2.589131258815865477e-01,1.000000000000000000e+00
9.672592166021487525e-01,-5.351465285087514401e-02,-2.480454327933823422e-01,0.000000000000000000e+00,-9.533884548097327355e-03,-9.844737146825546237e-01,1.752180271711901438e-01,0.000000000000000000e+00,-2.535758226497891177e-01,-1.671196327480437560e-01,-9.527698203226431239e-01,0.000000000000000000e+00,5.003371718877921426e-01,1.046396531557133996e-01,2.721399122667991222e-01,1.000000000000000000e+00
9.610419399573851829e-01,-5.427948469680889121e-02,-2.709850071225403112e-01,0.000000000000000000e+00,-6.926206285541965796e-03,-9.849362391868237143e-01,1.727234185170465064e-01,0.000000000000000000e+00,-2.762836112591280924e-01,-1.641207109803361486e-01,-9.469592168498726092e-01,0.000000000000000000e+00,4.940181988928301626e-01,9.969718843278331522e-02,2.785931309193093730e-01,1.000000000000000000e+00
9.544537136591708659e-01,-5.380855043774795260e-02,-2.934339709086427050e-01,0.000000000000000000e+00,-3.861197356796551745e-03,-9.857355204088238398e-01,1.682002433426458277e-01,0.000000000000000000e+00,-2.983046425855566119e-01,-1.594094095490081742e-01,-9.410648119864751804e-01,0.000000000000000000e+00,4.879027572888621767e-01,9.487112522167114037e-02,2.846401481387771382e-01,1.000000000000000000e+00
9.367750098723339747e-01,-4.083290291340093553e-02,-3.475140311117835834e-01,0.000000000000000000e+00,8.806177340882830745e-03,-9.900921282921804067e-01,1.400741790470672876e-01,0.000000000000000000e+00,-3.497972767100895330e-01,-1.342808459684842193e-01,-9.271518320168458116e-01,0.000000000000000000e+00,4.731380555398647103e-01,8.171453276068135763e-02,3.010319263220205821e-01,1.000000000000000000e+00
9.315910190437431959e-01,-3.438380650817823847e-02,-3.618517292873644764e-01,0.000000000000000000e+00,1.353326289770039569e-02,-9.915348615777052066e-01,1.290589631626986589e-01,0.000000000000000000e+00,-3.632331360915860841e-01,-1.251296147247348833e-01,-9.232574225880401109e-01,0.000000000000000000e+00,4.691880004413854222e-01,7.729380701236586437e-02,3.057790539676096264e-01,1.000000000000000000e+00
9.204040206937832425e-01,-1.914843910700887025e-02,-3.904747403759828428e-01,0.000000000000000000e+00,2.478530576772455807e-02,-9.939227641424128734e-01,1.071633073337803499e-01,0.000000000000000000e+00,-3.901612551604647927e-01,-1.083136601492459827e-01,-9.143535125960223775e-01,0.000000000000000000e+00,4.613336372031903165e-01,6.743770346498441370e-02,3.142867249261585005e-01,1.000000000000000000e+00
9.136476548254471863e-01,-1.233629248356805930e-02,-4.062961058402215220e-01,0.000000000000000000e+00,2.996351592776685599e-02,-9.947664954717753139e-01,9.758357495632666301e-02,0.000000000000000000e+00,-4.053813777004733332e-01,-1.013330152216171814e-01,-9.085139286988184182e-01,0.000000000000000000e+00,4.569951153235691232e-01,6.221000556585386948e-02,3.180856149402906397e-01,1.000000000000000000e+00
9.060199898384498907e-01,-4.547779835691169101e-03,-4.231877155741988750e-01,0.000000000000000000e+00,3.612721811238051028e-02,-9.954515815513369503e-01,8.804385157187721855e-02,0.000000000000000000e+00,-4.216714032954541058e-01,-9.505991460744642185e-02,-9.017520946899250101e-01,0.000000000000000000e+00,4.523325956807172643e-01,5.672745552703810368e-02,3.217546771406830097e-01,1.000000000000000000e+00
8.877596905765989810e-01,1.529158736064346706e-02,-4.600322228328590501e-01,0.000000000000000000e+00,5.110738741153616344e-02,-9.965332005721351250e-01,6.550085503741155668e-02,0.000000000000000000e+00,-4.574445785646041318e-01,-8.166163607417095682e-02,-8.854805671134411416e-01,0.000000000000000000e+00,4.422681285543981766e-01,4.613606839080845734e-02,3.282684806289214996e-01,1.000000000000000000e+00
8.676835955747196349e-01,4.568220857851182370e-02,-4.949940006617491450e-01,0.000000000000000000e+00,7.268347732850739817e-02,-9.967161508462103470e-01,3.542278457376023953e-02,0.000000000000000000e+00,-4.917597918980701754e-01,-6.671493877838154118e-02,-8.681713102931724046e-01,0.000000000000000000e+00,4.326608156445780340e-01,3.619286142096518610e-02,3.337599883415780511e-01,1.000000000000000000e+00
8.571803164279536702e-01,6.372437302303823881e-02,-5.110399752587877487e-01,0.000000000000000000e+00,8.449790632003134627e-02,-9.962602843230298211e-01,1.750133164462533072e-02,0.000000000000000000e+00,-5.080233506893913065e-01,-5.818472518852092074e-02,-8.593758275103273725e-01,0.000000000000000000e+00,4.281801692986708097e-01,3.160810219740203125e-02,3.360699809132107752e-01,1.000000000000000000e+00
8.462649949165709229e-01,8.358601344858476723e-02,-5.261460668253993278e-01,0.000000000000000000e+00,9.744753657871735308e-02,-9.952300474463580127e-01,-1.370100677965456959e-03,0.000000000000000000e+00,-5.237609803259486441e-01,-5.011313468257556220e-02,-8.503899747882069926e-01,0.000000000000000000e+00,4.239496119354218551e-01,2.666998912575872793e-02,3.380387576009089012e-01,1.000000000000000000e+00
8.346891640890330422e-01,1.050468551324073851e-01,-5.405921794480110787e-01,0.000000000000000000e+00,1.112624827201969119e-01,-9.935536522904000467e-01,-2.127314881612746636e-02,0.000000000000000000e+00,-5.393523958770579663e-01,-4.239197739856171571e-02,-8.410124335073276836e-01,0.000000000000000000e+00,4.198020708661419076e-01,2.198118155449485175e-02,3.397797189242354188e-01,1.000000000000000000e+00
8.087181845413170533e-01,1.493186914202562776e-01,-5.689108658532958662e-01,0.000000000000000000e+00,1.387566504840362092e-01,-9.883637452902191978e-01,-6.216466716351111421e-02,0.000000000000000000e+00,-5.715842256320600168e-01,-2.866702132768000552e-02,-8.200424835926466427e-01,0.000000000000000000e+00,4.115170748470974860e-01,1.181488094809701218e-02,3.425117193511648117e-01,1.000000000000000000e+00
7.788603130874611757e-01,1.964959295911780368e-01,-5.956061695891078367e-01,0.000000000000000000e+00,1.643489833198738537e-01,-9.804038173295909209e-01,-1.085288604404288371e-01,0.000000000000000000e+00,-6.052716949656692380e-01,-1.335870340579282771e-02,-7.959068540455611629e-01,0.000000000000000000e+00,4.028269115547086221e-01,1.159177003095043052e-03,3.445180630498285157e-01,1.000000000000000000e+00
7.622875987828774402e-01,2.250462672844688872e-01,-6.068381507654002638e-01,0.000000000000000000e+00,1.790436260962773307e-01,-9.743270642888627320e-01,-1.364217675070618085e-01,0.000000000000000000e+00,-6.219720183762642574e-01,-4.657971072299795824e-03,-7.830256136694671021e-01,0.000000000000000000e+00,3.984796851403875073e-01,-4.186606338482615035e-03,3.453599744043001074e-01,1.000000000000000000e+00
7.456076133853339893e-01,2.561557996974184181e-01,-6.151700903363320760e-01,0.000000000000000000e+00,1.945679394309170751e-01,-9.666146955217441716e-01,-1.666736159331202172e-01,0.000000000000000000e+00,-6.373391336956508724e-01,4.580828309066239945e-03,-7.705698181683994230e-01,0.000000000000000000e+00,3.944991997023181707e-01,-9.460148111139071725e-03,3.459399114978478074e-01,1.000000000000000000e+00
7.166107555302759780e-01,3.126961410060047908e-01,-6.234347562973113765e-01,0.000000000000000000e+00,2.188225766388624816e-01,-9.495239585870025589e-01,-2.247257860673886887e-01,0.000000000000000000e+00,-6.622498741702118608e-01,2.461978960892914972e-02,-7.488784748683532388e-01,0.000000000000000000e+00,3.883679020738302068e-01,-2.014196054385885767e-02,3.466802637416044330e-01,1.000000000000000000e+00
6.868002649171119911e-01,3.693231487645819433e-01,-6.260084302927616529e-01,0.000000000000000000e+00,2.413697931008052799e-01,-9.282878210667597774e-01,-2.828481768348706238e-01,0.000000000000000000e+00,-6.855915807793014904e-01,4.316150847517419287e-02,-7.267057647705058576e-01,0.000000000000000000e+00,3.829965028167716112e-01,-3.056173585814082189e-02,3.471464821884127083e-01,1.000000000000000000e+00
6.726229183722447491e-01,3.951035723215466922e-01,-6.256615089010714170e-01,0.000000000000000000e+00,2.508982394013473671e-01,-9.171989827857403021e-01,-3.094783455159919039e-01,0.000000000000000000e+00,-6.961455023599149028e-01,5.118584237559110905e-02,-7.160736338424722458e-01,0.000000000000000000e+00,3.806892475924877339e-01,-3.572450754295907610e-02,3.473466386436452336e-01,1.000000000000000000e+00
6.581093141681999548e-01,4.208696067244056538e-01,-6.242929213453523030e-01,0.000000000000000000e+00,2.601983645901043141e-01,-9.052119493064217925e-01,-3.359596475749902500e-01,0.000000000000000000e+00,-7.065262198384925085e-01,5.865930546793093892e-02,-7.052515767885603193e-01,0.000000000000000000e+00,3.784588188620903182e-01,-4.048144199783541841e-02,3.475207425194437039e-01,1.000000000000000000e+00
6.263138574776597745e-01,4.719098043404748033e-01,-6.204940252734080230e-01,0.000000000000000000e+00,2.789975472132573686e-01,-8.789186264960511252e-01,-3.868373864409816454e-01,0.000000000000000000e+00,-7.279301266998969844e-01,6.916663627874695963e-02,-6.821537268596834513e-01,0.000000000000000000e+00,3.741943486816776687e-01,-4.967588822138780530e-02,3.475627390493391533e-01,1.000000000000000000e+00
5.965212636506657118e-01,5.158947296883686917e-01,-6.148135951600177673e-01,0.000000000000000000e+00,3.000907577592474285e-01,-8.538409579207844047e-01,-4.253021309441163411e-01,0.000000000000000000e+00,-7.443784885060305001e-01,6.920321930826629775e-02,-6.641623147144448680e-01,0.000000000000000000e+00,3.720050828348481775e-01,-5.904834307703324403e-02,3.470909918561584928e-01,1.000000000000000000e+00
5.804856954181776274e-01,5.401480482200621269e-01,-6.093087807673056577e-01,0.000000000000000000e+00,3.151595729032034554e-01,-8.390110262022095755e-01,-4.435264235869088578e-01,0.000000000000000000e+00,-7.508011727092387400e-01,6.543250909795018944e-02,-6.572793818549146350e-01,0.000000000000000000e+00,3.718883054669966937e-01,-6.407466163308569995e-02,3.465817598926988485e-01,1.000000000000000000e+00
5.614846616718002226e-01,5.688425363038016602e-01,-6.009441658756414784e-01,0.000000000000000000e+00,3.341010806442242798e-01,-8.202501385277729540e-01,-4.642703146430311456e-01,0.000000000000000000e+00,-7.570358139043716905e-01,5.990571868642883407e-02,-6.506213040892588895e-01,0.000000000000000000e+00,3.720189899816532808e-01,-6.921837402507680093e-02,3.462568362434931268e-01,1.000000000000000000e+00
5.402160402131888084e-01,5.965494521686104390e-01,-5.935285401014189777e-01,0.000000000000000000e+00,3.518279041826444242e-01,-8.008121974864148562e-01,-4.846624568672880939e-01,0.000000000000000000e+00,-7.644447355304083702e-01,5.300355143498704236e-02,-6.425067080234436734e-01,0.000000000000000000e+00,3.719550676697472302e-01,-7.457119899800772334e-02,3.465647493037444238e-01,1.000000000000000000e+00
4.888735969417790650e-01,6.533540922697764763e-01,-5.780240334352471088e-01,0.000000000000000000e+00,3.783431423064033683e-01,-7.558434600036727513e-01,-5.343574436092392022e-01,0.000000000000000000e+00,-7.860354415318981935e-01,4.254263544891284665e-02,-6.167158250157156463e-01,0.000000000000000000e+00,3.701383988546915749e-01,-8.491570274658970241e-02,3.487252649298299145e-01,1.000000000000000000e+00
4.306758263241362017e-01,7.100105706305093189e-01,-5.571212337670943260e-01,0.000000000000000000e+00,3.940235662104109582e-01,-7.032914154656695338e-01,-5.916987080468684157e-01,0.000000000000000000e+00,-8.119465509108904078e-01,3.531211455018434808e-02,-5.826627266523092263e-01,0.000000000000000000e+00,3.673494511529918349e-01,-9.504261808202277284e-02,3.531394568410839430e-01,1.000000000000000000e+00
4.019780861189181653e-01,7.352734729588518148e-01,-5.456805706128894373e-01,0.000000000000000000e+00,3.989364085238593649e-01,-6.770517797271879967e-01,-6.184103624807236743e-01,0.000000000000000000e+00,-8.241706042690135625e-01,3.089616175140584217e-02,-5.654982247964003284e-01,0.000000000000000000e+00,3.663458349805515657e-01,-1.004604931275708407e-01,3.558704648632726730e-01,1.000000000000000000e+00
3.728786037075313420e-01,7.600570481215109808e-01,-5.322176034284710200e-01,0.000000000000000000e+00,4.037927832325213240e-01,-6.493454780491114686e-01,-6.444242277007541375e-01,0.000000000000000000e+00,-8.354083545682142731e-01,2.538686762250718515e-02,-5.490431568373709270e-01,0.000000000000000000e+00,3.657766673143981739e-01,-1.064200978042685181e-01,3.587207571900109526e-01,1.000000000000000000e+00
3.127160922883426286e-01,8.090261960542742825e-01,-4.976605335196551683e-01,0.000000000000000000e+00,4.137306017147013293e-01,-5.876428398630091365e-01,-6.953298705389674428e-01,0.000000000000000000e+00,-8.550031908311827022e-01,1.154367023498229644e-02,-5.184942500606947169e-01,0.000000000000000000e+00,3.655585921507304992e-01,-1.191049145660209724e-01,3.656061113599837209e-01,1.000000000000000000e+00
2.549107887316839904e-01,8.526034719746448109e-01,-4.561453236263419697e-01,0.000000000000000000e+00,4.240628485097618916e-01,-5.225172097930008697e-01,-7.396804802650480681e-01,0.000000000000000000e+00,-8.690146586122881045e-01,-4.881844628236344658e-03,-4.947622567557011242e-01,0.000000000000000000e+00,3.671823023722784463e-01,-1.320435973270293328e-01,3.730374915828970073e-01,1.000000000000000000e+00
2.271266574482173617e-01,8.722730679783256003e-01,-4.330518713240801287e-01,0.000000000000000000e+00,4.299804653108603159e-01,-4.888046129585688626e-01,-7.590570444325563937e-01,0.000000000000000000e+00,-8.737995926211779008e-01,-1.380202155286173495e-02,-4.860902962784975356e-01,0.000000000000000000e+00,3.687557412330522699e-01,-1.386072112544601276e-01,3.765580617438294975e-01,1.000000000000000000e+00
2.011888634981332802e-01,8.893936269568660791e-01,-4.104665204788926491e-01,0.000000000000000000e+00,4.357484031944509617e-01,-4.565519630324729738e-01,-7.756702785758200491e-01,0.000000000000000000e+00,-8.772923886659664827e-01,-2.280434812187746157e-02,-4.794142535381058501e-01,0.000000000000000000e+00,3.706073183922216630e-01,-1.451444325883120279e-01,3.800493507632179968e-01,1.000000000000000000e+00
1.557654552478690280e-01,9.175289968010779118e-01,-3.658666558759353093e-01,0.000000000000000000e+00,4.438727103472392965e-01,-3.959024726808242911e-01,-8.038774757607115573e-01,0.000000000000000000e+00,-8.824453974268703371e-01,-3.718259907421034294e-02,-4.689430401298427808e-01,0.000000000000000000e+00,3.745847938334380678e-01,-1.574992834400149588e-01,3.858111342732752913e-01,1.000000000000000000e+00
1.215120837680513516e-01,9.392487406083075419e-01,-3.209787589004334807e-01,0.000000000000000000e+00,4.479872449628246045e-01,-3.404610925380434638e-01,-8.266646355806133162e-01,0.000000000000000000e+00,-8.857415500808313302e-01,-4.334548197948150106e-02,-4.621504902652091018e-01,0.000000000000000000e+00,3.786497963011929424e-01,-1.686840986064461756e-01,3.892373734580777955e-01,1.000000000000000000e+00
1.080138292289600926e-01,9.486552905537007918e-01,-2.972657048853412087e-01,0.000000000000000000e+00,4.466564991307476751e-01,-3.134451579902720608e-01,-8.379921548665753006e-01,0.000000000000000000e+00,-8.881592868080397940e-01,-4.226173121404015048e-02,-4.575882727206045941e-01,0.000000000000000000e+00,3.801748288459617098e-01,-1.735378937808361721e-01,3.902315039488414294e-01,1.000000000000000000e+00
9.634347620527487777e-02,9.570639712560309320e-01,-2.733628292535899562e-01,0.000000000000000000e+00,4.439861215981563691e-01,-2.871262147481422056e-01,-8.487730011810220576e-01,0.000000000000000000e+00,-8.908368449914185749e-01,-3.959632325836034972e-02,-4.525945722058041243e-01,0.000000000000000000e+00,3.816393525426879374e-01,-1.780345147155425467e-01,3.906084553931136738e-01,1.000000000000000000e+00
7.884776569913264088e-02,9.703607797160153092e-01,-2.283938132576919799e-01,0.000000000000000000e+00,4.351173124012241988e-01,-2.396308984909432116e-01,-8.678886471422283533e-01,0.000000000000000000e+00,-8.969125873749761446e-01,-3.094761732848013910e-02,-4.411236284648737405e-01,0.000000000000000000e+00,3.842310226815096597e-01,-1.865520594876048099e-01,3.900260906752730516e-01,1.000000000000000000e+00
6.397989963533598501e-02,9.791656791594103293e-01,-1.926704235220109418e-01,0.000000000000000000e+00,4.233215262463492778e-01,-2.014642684406071915e-01,-8.832846544910428754e-01,0.000000000000000000e+00,-9.037156238569967748e-01,-2.504955648568453139e-02,-4.273998021953563375e-01,0.000000000000000000e+00,3.870842932545638937e-01,-1.946809855146309221e-01,3.884379105101514740e-01,1.000000000000000000e+00
5.718945882953363480e-02,9.827658979488923530e-01,-1.757307671658574766e-01,0.000000000000000000e+00,4.170498131916131612e-01,-1.834422287252503447e-01,-8.901680453365878876e-01,0.000000000000000000e+00,-9.070807060995718096e-01,-2.238068573594992686e-02,-4.203613891973085881e-01,0.000000000000000000e+00,3.886370697195699608e-01,-1.983495000333420910e-01,3.874371803656722069e-01,1.000000000000000000e+00
5.001866361157738389e-02,9.861945325258847372e-01,-1.577948801697056092e-01,0.000000000000000000e+00,4.089386961724519320e-01,-1.643646360253696870e-01,-8.976269582060418806e-01,0.000000000000000000e+00,-9.111882396735959677e-01,-1.963070964008829800e-02,-4.115223288225801634e-01,0.000000000000000000e+00,3.900093262424275120e-01,-2.016418319832050110e-01,3.864682652366305815e-01,1.000000000000000000e+00
4.083387936207237556e-02,9.921507824788088348e-01,-1.181108209443124946e-01,0.000000000000000000e+00,3.891886912925353603e-01,-1.246671169039054727e-01,-9.126724601049820418e-01,0.000000000000000000e+00,-9.202509486447255638e-01,-8.699606192168784710e-03,-3.912320390389622538e-01,0.000000000000000000e+00,3.918374076136081352e-01,-2.061719050609734372e-01,3.852404085278113843e-01,1.000000000000000000e+00
4.104805911357328752e-02,9.951968739795630237e-01,-8.876365115024761887e-02,0.000000000000000000e+00,3.703115790535688734e-01,-9.766497484182254385e-02,-9.237486855250224282e-01,0.000000000000000000e+00,-9.279987707857023649e-01,5.047980018766399547e-03,-3.725490562569652719e-01,0.000000000000000000e+00,3.933199722573388346e-01,-2.093355580520950832e-01,3.837408228955360157e-01,1.000000000000000000e+00
4.123945888890025863e-02,9.963000045056320531e-01,-7.527519481101732635e-02,0.000000000000000000e+00,3.610049854314539841e-01,-8.510774967877011987e-02,-9.286618428359485478e-01,0.000000000000000000e+00,-9.316502377927282641e-01,1.112300543554471145e-02,-3.631860586129839197e-01,0.000000000000000000e+00,3.938685166600486287e-01,-2.103748936178710949e-01,3.832890423715411554e-01,1.000000000000000000e+00
4.091263141423196609e-02,9.971899043159445641e-01,-6.260350008049749004e-02,0.000000000000000000e+00,3.522581515947276198e-01,-7.302853217688294596e-02,-9.330389997338610630e-01,0.000000000000000000e+00,-9.350069143681607464e-01,1.612079784481216735e-02,-3.542628825612093024e-01,0.000000000000000000e+00,3.946429848249957684e-01,-2.111865401894048033e-01,3.826827003678472949e-01,1.000000000000000000e+00
4.052068808814210388e-02,9.982357662346175164e-01,-4.317610158476069271e-02,0.000000000000000000e+00,3.369623237259852244e-01,-5.433269734329231743e-02,-9.399388795500454030e-01,0.000000000000000000e+00,-9.406445920244737025e-01,2.353870383372545783e-02,-3.385759603352539449e-01,0.000000000000000000e+00,3.966200365050308041e-01,-2.123339436478409448e-01,3.810199202120569950e-01,1.000000000000000000e+00
3.915424655878945587e-02,9.987460010325907023e-01,-3.088878921275619790e-02,0.000000000000000000e+00,3.287498185428036068e-01,-4.206733346995267242e-02,-9.434694712411259010e-01,0.000000000000000000e+00,-9.436039377945379947e-01,2.678666817533390671e-02,-3.299910347065600491e-01,0.000000000000000000e+00,3.996380909149603866e-01,-2.132453376422060454e-01,3.779842125929021579e-01,1.000000000000000000e+00
3.707555670593809527e-02,9.990000663055534913e-01,-2.459710384684985970e-02,0.000000000000000000e+00,3.268277767959807956e-01,-3.538248118068123421e-02,-9.444111558221363056e-01,0.000000000000000000e+00,-9.443552956157801326e-01,2.697607196849693620e-02,-3.278191074107533187e-01,0.000000000000000000e+00,4.013201265289410569e-01,-2.135652169755224983e-01,3.763232852640703840e-01,1.000000000000000000e+00
3.454991530205203665e-02,9.992431097560143805e-01,-1.732795022382368350e-02,0.000000000000000000e+00,3.250720639979797211e-01,-2.763180978372975494e-02,-9.452752949259690674e-01,0.000000000000000000e+00,-9.450568231742656478e-01,2.702686918368422953e-02,-3.257869692205211387e-01,0.000000000000000000e+00,4.025549515719836213e-01,-2.138685704033614909e-01,3.750042676585057522e-01,1.000000000000000000e+00
