9.996549955878757387e-01,2.047768591890209225e-02,1.585247857021441706e-02,0.000000000000000000e+00,2.347883117386602089e-02,-9.749413671067781451e-01,-2.211759980013287830e-01,0.000000000000000000e+00,1.092627487405449689e-02,2.214761530764549069e-01,-9.751045739487798070e-01,0.000000000000000000e+00,6.228096921042671763e-01,2.957576293375877019e-01,2.871560254948769819e-02,1.000000000000000000e+00
9.996559845913955966e-01,2.041673356721268595e-02,1.586872276716626978e-02,0.000000000000000000e+00,2.342272808993119126e-02,-9.749478839493834759e-01,-2.211532190420316402e-01,0.000000000000000000e+00,1.095616227219028092e-02,2.214530913637743070e-01,-9.751094763326285664e-01,0.000000000000000000e+00,6.228327900795334049e-01,2.957141362115742744e-01,2.871856533002584144e-02,1.000000000000000000e+00
9.996563484240224007e-01,2.039039921335006680e-02,1.587965921164733937e-02,0.000000000000000000e+00,2.339940549760545149e-02,-9.749496831576308642e-01,-2.211477561143279091e-01,0.000000000000000000e+00,1.097278894492846602e-02,2.214475964769244687e-01,-9.751105372814730110e-01,0.000000000000000000e+00,6.228437085706157728e-01,2.956987657127857494e-01,2.872380224054663436e-02,1.000000000000000000e+00
9.996558113681314195e-01,2.044698145133698811e-02,1.584066440083312099e-02,0.000000000000000000e+00,2.344612283329531796e-02,-9.749451100107833224e-01,-2.211629686257538530e-01,0.000000000000000000e+00,1.092187345960933011e-02,2.214625128491039541e-01,-9.751077212711898312e-01,0.000000000000000000e+00,6.228133821463150976e-01,2.957361138500291808e-01,2.870917799531893036e-02,1.000000000000000000e+00
9.996561310657958721e-01,2.044028668198021037e-02,1.582912518526578133e-02,0.000000000000000000e+00,2.343702249825655240e-02,-9.749456349208442951e-01,-2.211616192435212069e-01,0.000000000000000000e+00,1.091213969610555119e-02,2.214608200033659768e-01,-9.751082147180840654e-01,0.000000000000000000e+00,6.228115335236320549e-01,2.957313612876151243e-01,2.870225009885438855e-02,1.000000000000000000e+00
9.996557894099840080e-01,2.044123899813756265e-02,1.584945893496175415e-02,0.000000000000000000e+00,2.344239390383795127e-02,-9.749467462014050900e-01,-2.211561510348707404e-01,0.000000000000000000e+00,1.093188315110815712e-02,2.214558397163134407e-01,-9.751091246554475234e-01,0.000000000000000000e+00,6.228179869810566149e-01,2.957293667375122115e-01,2.871235569057075526e-02,1.000000000000000000e+00
9.996558978056594436e-01,2.043193359000288617e-02,1.585461993686070048e-02,0.000000000000000000e+00,2.343441928516729403e-02,-9.749477943374813549e-01,-2.211523755478453646e-01,0.000000000000000000e+00,1.093906669796819789e-02,2.214520839801936702e-01,-9.751098970478182526e-01,0.000000000000000000e+00,6.228219804016766892e-01,2.957228372659754245e-01,2.871512121801025538e-02,1.000000000000000000e+00
9.996564330288958411e-01,2.043223314248322417e-02,1.582045049814178456e-02,0.000000000000000000e+00,2.342715038528354540e-02,-9.749478235221444855e-01,-2.211530170164247577e-01,0.000000000000000000e+00,1.090567374447396799e-02,2.214519278530454327e-01,-9.751103065450332785e-01,0.000000000000000000e+00,6.228128364631727587e-01,2.957195302574299745e-01,2.869178908366352282e-02,1.000000000000000000e+00
9.996551086713066914e-01,2.043317375148479692e-02,1.590270477019258694e-02,0.000000000000000000e+00,2.344639502137508755e-02,-9.749451745411941150e-01,-2.211626553027215281e-01,0.000000000000000000e+00,1.098542181812362482e-02,2.214635031773323770e-01,-9.751067824950769847e-01,0.000000000000000000e+00,6.228370934393548941e-01,2.957316529759455581e-01,2.874258190619780051e-02,1.000000000000000000e+00
9.996548590089124886e-01,2.041015030302839595e-02,1.594790035356616342e-02,0.000000000000000000e+00,2.343409275338251621e-02,-9.749426418801840910e-01,-2.211751234694376844e-01,0.000000000000000000e+00,1.103428303398719737e-02,2.214767755584668429e-01,-9.751032163243799067e-01,0.000000000000000000e+00,6.228602329362925571e-01,2.957277228626378207e-01,2.876093874811487885e-02,1.000000000000000000e+00
9.996540816319419154e-01,2.039828679133871142e-02,1.601167929311583110e-02,0.000000000000000000e+00,2.343679605120652792e-02,-9.749396792927785826e-01,-2.211878957641146004e-01,0.000000000000000000e+00,1.109878102832768075e-02,2.214909096565727820e-01,-9.750992739199374482e-01,0.000000000000000000e+00,6.228858445553290268e-01,2.957300496018728797e-01,2.879240541418763566e-02,1.000000000000000000e+00
9.996546273825760442e-01,2.041843419001245982e-02,1.595181491365218335e-02,0.000000000000000000e+00,2.344321937095030992e-02,-9.749388068579178945e-01,-2.211910605092196891e-01,0.000000000000000000e+00,1.103588076161043756e-02,2.214928934946464312e-01,-9.750995372100145220e-01,0.000000000000000000e+00,6.228593165910482066e-01,2.957422511148387057e-01,2.876329678069592527e-02,1.000000000000000000e+00
9.996559574359721312e-01,2.042438387279056980e-02,1.586058660311446405e-02,0.000000000000000000e+00,2.342853691909325964e-02,-9.749447190837974286e-01,-2.211665555405117334e-01,0.000000000000000000e+00,1.094621526865930880e-02,2.214663190833762452e-01,-9.751065838578634182e-01,0.000000000000000000e+00,6.228266849687353890e-01,2.957283127391123756e-01,2.871298689214741434e-02,1.000000000000000000e+00
9.996669502052304424e-01,2.010927361555193624e-02,1.556768072760169111e-02,0.000000000000000000e+00,2.305241544342774215e-02,-9.750344447274229553e-01,-2.208102457734194835e-01,0.000000000000000000e+00,1.073889804162096902e-02,2.210998344669609372e-01,-9.751920525042921950e-01,0.000000000000000000e+00,6.228322929173694122e-01,2.954075518332892059e-01,2.849273411801143269e-02,1.000000000000000000e+00
9.996744428856628728e-01,1.998795700321116808e-02,1.523931485617673054e-02,0.000000000000000000e+00,2.285897531768724816e-02,-9.750918277660557409e-01,-2.205768382502716896e-01,0.000000000000000000e+00,1.045105223330217853e-02,2.208576352073466642e-01,-9.752500604859430933e-01,0.000000000000000000e+00,6.227528298015574393e-01,2.952167842124696628e-01,2.832079049201151680e-02,1.000000000000000000e+00
9.996850614041085104e-01,1.976547088985501632e-02,1.482737559971183429e-02,0.000000000000000000e+00,2.254658972893358593e-02,-9.751946256657180179e-01,-2.201541284316600178e-01,0.000000000000000000e+00,1.010832159728286203e-02,2.204233439863932109e-01,-9.753519217494485138e-01,0.000000000000000000e+00,6.226987063795165200e-01,2.949023141895342759e-01,2.807092251978901554e-02,1.000000000000000000e+00
9.996947405043475898e-01,1.935906645636473189e-02,1.471051511985459539e-02,0.000000000000000000e+00,2.212099974407603226e-02,-9.752780798650881877e-01,-2.198273759252872550e-01,0.000000000000000000e+00,1.009138445087392338e-02,2.200899202455609271e-01,-9.754273888743166809e-01,0.000000000000000000e+00,6.228017995076269298e-01,2.945312870422618912e-01,2.796369248481252526e-02,1.000000000000000000e+00
9.997810072770428880e-01,1.725774198642442137e-02,1.099339487328811552e-02,0.000000000000000000e+00,1.916137996705544883e-02,-9.781144846354175026e-01,-2.071367745364349477e-01,0.000000000000000000e+00,7.178223953084749212e-03,2.073060529903678895e-01,-9.782498011727036591e-01,0.000000000000000000e+00,6.233040329874107721e-01,2.886587860674335038e-01,2.737754052068739827e-02,1.000000000000000000e+00
9.997855231444442436e-01,1.548877077320140981e-02,1.302891368968903119e-02,0.000000000000000000e+00,1.780178667363832568e-02,-9.792283918896514949e-01,-2.019296902628273382e-01,0.000000000000000000e+00,9.630824938862863824e-03,2.021222104387950802e-01,-9.793129526654553718e-01,0.000000000000000000e+00,6.244279088009689893e-01,2.856275343920095522e-01,2.806559543628256784e-02,1.000000000000000000e+00
9.997079066625371713e-01,1.132938373489533919e-02,2.089242259298771526e-02,0.000000000000000000e+00,1.508031226945854598e-02,-9.818157910382108167e-01,-1.891853153684932287e-01,0.000000000000000000e+00,1.836951105003288218e-02,1.894487673309294129e-01,-9.817187609598657660e-01,0.000000000000000000e+00,6.278765440047735513e-01,2.781106959543017121e-01,3.092875100993504323e-02,1.000000000000000000e+00
9.996237428734834340e-01,9.778979573589816413e-03,2.524858695679786658e-02,0.000000000000000000e+00,1.418373119823186472e-02,-9.834334783804328239e-01,-1.806603505782813923e-01,0.000000000000000000e+00,2.306407587198317649e-02,1.809539789292608780e-01,-9.832210869961240940e-01,0.000000000000000000e+00,6.296254232228780667e-01,2.736582839208523410e-01,3.308203774429396143e-02,1.000000000000000000e+00
9.995603970708092367e-01,9.007328639515269075e-03,2.790389828741721492e-02,0.000000000000000000e+00,1.363167644439784894e-02,-9.852958373597910935e-01,-1.702557992550966515e-01,0.000000000000000000e+00,2.596054471296138644e-02,1.705646151174090575e-01,-9.850044478011540372e-01,0.000000000000000000e+00,6.307300947949050496e-01,2.688952717078555987e-01,3.539046309133903057e-02,1.000000000000000000e+00
9.995428672696374806e-01,8.211960979402637903e-03,2.876398943945355363e-02,0.000000000000000000e+00,1.225036039209143925e-02,-9.896127726004838587e-01,-1.431685575727280058e-01,0.000000000000000000e+00,2.729004214984147303e-02,1.434582417917520392e-01,-9.892800343995016288e-01,0.000000000000000000e+00,6.317438063102219781e-01,2.577333988892016037e-01,4.101699730806411537e-02,1.000000000000000000e+00
9.996323930247877909e-01,8.638678159912687587e-03,2.532190665004306271e-02,0.000000000000000000e+00,1.137360595562181276e-02,-9.938640632408818343e-01,-1.099345795784890806e-01,0.000000000000000000e+00,2.421730983885294133e-02,1.101842896375152814e-01,-9.936160949890279204e-01,0.000000000000000000e+00,6.310670122919785907e-01,2.454984373846972323e-01,4.839946664305621454e-02,1.000000000000000000e+00
9.996897361788649183e-01,9.013777849402129089e-03,2.280197554426730694e-02,0.000000000000000000e+00,1.107276162493167626e-02,-9.957019088464205137e-01,-9.184688111634617402e-02,0.000000000000000000e+00,2.187650438285325058e-02,9.207263787542388500e-02,-9.955119526709099720e-01,0.000000000000000000e+00,6.302568073153832495e-01,2.391211273862027253e-01,5.290461985429445457e-02,1.000000000000000000e+00
9.997362169010863830e-01,9.122319296106655082e-03,2.061617831151595776e-02,0.000000000000000000e+00,1.061724713441456955e-02,-9.972212221117411346e-01,-7.360608082529898621e-02,0.000000000000000000e+00,1.988781526173198297e-02,7.380697285824058818e-02,-9.970742226943880571e-01,0.000000000000000000e+00,6.293893465870367132e-01,2.326531841431176140e-01,5.800283717006735063e-02,1.000000000000000000e+00
9.997701185012214387e-01,9.322191490687673290e-03,1.880302632750167555e-02,0.000000000000000000e+00,1.035718196547724505e-02,-9.983831378329082185e-01,-5.571880987475251457e-02,0.000000000000000000e+00,1.825355444780739703e-02,5.590182379974015930e-02,-9.982693994337820120e-01,0.000000000000000000e+00,6.282594795940940058e-01,2.264004638824480553e-01,6.345912993395115553e-02,1.000000000000000000e+00
9.997602762185060499e-01,9.429843462294775630e-03,1.926694186893688696e-02,0.000000000000000000e+00,9.846262567847033007e-03,-9.997078496240919820e-01,-2.163361769624080541e-02,0.000000000000000000e+00,1.905767831559216502e-02,2.181855904699318838e-02,-9.995802896107606195e-01,0.000000000000000000e+00,6.263552567844149488e-01,2.146279145441984948e-01,7.660729327683064860e-02,1.000000000000000000e+00
9.996865020935454815e-01,8.502989788558007814e-03,2.313749333518619333e-02,0.000000000000000000e+00,8.268480235750871876e-03,-9.999040399869362217e-01,1.021224527724702742e-02,0.000000000000000000e+00,2.322255478447543195e-02,-1.001792472948018729e-02,-9.996801259069806322e-01,0.000000000000000000e+00,6.245229015174401654e-01,2.033303899549816218e-01,9.190085696201140408e-02,1.000000000000000000e+00
9.996626369766531406e-01,7.550356539341918603e-03,2.446121931182163728e-02,0.000000000000000000e+00,6.900165550935849663e-03,-9.996138699357619561e-01,2.655646152309280861e-02,0.000000000000000000e+00,2.465275949457406204e-02,-2.637922377391601833e-02,-9.993479764338286664e-01,0.000000000000000000e+00,6.232809857990982971e-01,1.975728514067112418e-01,1.000062543717537555e-01,1.000000000000000000e+00
9.996414098385668634e-01,5.988306006020929946e-03,2.572817188120709794e-02,0.000000000000000000e+00,4.868281265818515113e-03,-9.990372871241628427e-01,4.337678727520074412e-02,0.000000000000000000e+00,2.596365639546871149e-02,-4.323681325151315646e-02,-9.987274235377898712e-01,0.000000000000000000e+00,6.219714375162309627e-01,1.915818952960372246e-01,1.085152952611669885e-01,1.000000000000000000e+00
9.996354709428649787e-01,3.987243073653370419e-03,2.633959048118720767e-02,0.000000000000000000e+00,2.374374752471394498e-03,-9.981263457076757772e-01,6.098284389879077283e-02,0.000000000000000000e+00,2.653390347623623899e-02,-6.089924632077974714e-02,-9.977911774333719785e-01,0.000000000000000000e+00,6.203998079134150911e-01,1.853988572920824973e-01,1.172279707554220729e-01,1.000000000000000000e+00
9.996859785814888877e-01,-1.989391132772155759e-03,2.459132879085935627e-02,0.000000000000000000e+00,-4.416746465038093143e-03,-9.950629040768252942e-01,9.905077577720723669e-02,0.000000000000000000e+00,2.427333564364440172e-02,-9.913019394001787443e-02,-9.947783722147085506e-01,0.000000000000000000e+00,6.162656044999208493e-01,1.721240545791205279e-01,1.349694728293938661e-01,1.000000000000000000e+00
9.997413457852966090e-01,-1.009393832301249197e-02,1.990228222449365314e-02,0.000000000000000000e+00,-1.276229917186414049e-02,-9.902189467489550534e-01,1.388679520999942796e-01,0.000000000000000000e+00,1.830624485063872889e-02,-1.390887100875244087e-01,-9.901107070048565939e-01,0.000000000000000000e+00,6.109521001887925351e-01,1.579813568961604131e-01,1.524450828997610530e-01,1.000000000000000000e+00
9.997403959850100774e-01,-1.462095069455299559e-02,1.691494421305989385e-02,0.000000000000000000e+00,-1.712869753963601471e-02,-9.870965623577242498e-01,1.591468856225826956e-01,0.000000000000000000e+00,1.437008118589737718e-02,-1.593983703279983344e-01,-9.871097508906946372e-01,0.000000000000000000e+00,6.080923349131945876e-01,1.503584698485075366e-01,1.609682536935587716e-01,1.000000000000000000e+00
9.994955285910418485e-01,-2.686838722293902540e-02,1.635619135864935236e-02,0.000000000000000000e+00,-2.954788398748749156e-02,-9.802913745956477465e-01,1.952856634431876237e-01,0.000000000000000000e+00,1.078703016939721281e-02,-1.956742055889547360e-01,-9.806096293873806102e-01,0.000000000000000000e+00,6.035823901641114153e-01,1.353762720334763803e-01,1.781515495493938839e-01,1.000000000000000000e+00
9.989823644725467355e-01,-3.746539527733792896e-02,2.472501831669133773e-02,0.000000000000000000e+00,-4.203564431977717397e-02,-9.740211173021201541e-01,2.224783462662352496e-01,0.000000000000000000e+00,1.574775397568906055e-02,-2.232955756045229556e-01,-9.746235653626306172e-01,0.000000000000000000e+00,6.008397645964810296e-01,1.222711514607928290e-01,1.952910471765220146e-01,1.000000000000000000e+00
9.986593622015865757e-01,-4.124926911612863956e-02,3.096325218244286304e-02,0.000000000000000000e+00,-4.735073266427006905e-02,-9.712353075801299918e-01,2.333251643674446874e-01,0.000000000000000000e+00,2.044850495762439574e-02,-2.344830070337792505e-01,-9.719051281155967059e-01,0.000000000000000000e+00,5.999173153271062375e-01,1.163446868859594613e-01,2.037189263868687539e-01,1.000000000000000000e+00
9.983129416112135335e-01,-4.377501885336064491e-02,3.789149293920157646e-02,0.000000000000000000e+00,-5.203212688281264736e-02,-9.653701813724387959e-01,2.556048074473634690e-01,0.000000000000000000e+00,2.539070099584618892e-02,-2.571501131176691102e-01,-9.660378520671483171e-01,0.000000000000000000e+00,5.967738260279288331e-01,1.046035689353430193e-01,2.190420541616583117e-01,1.000000000000000000e+00
9.983997644907680602e-01,-4.306640596193334752e-02,3.638601164609011479e-02,0.000000000000000000e+00,-5.126017041744818786e-02,-9.621024376223580310e-01,2.677910404608401240e-01,0.000000000000000000e+00,2.347472479979943044e-02,-2.692328484532595101e-01,-9.627889751182852063e-01,0.000000000000000000e+00,5.940990635000121811e-01,9.845716933896619949e-02,2.256881890765689569e-01,1.000000000000000000e+00
9.991741639720052026e-01,-3.408501759540834286e-02,2.167829623318608123e-02,0.000000000000000000e+00,-3.896597053394888072e-02,-9.547480049114305256e-01,2.948196858406824106e-01,0.000000000000000000e+00,1.064858091734137251e-02,-2.954266168524415370e-01,-9.553060880050787684e-01,0.000000000000000000e+00,5.866178659572093279e-01,8.578119661341415680e-02,2.373231128556176350e-01,1.000000000000000000e+00
9.995529064671254682e-01,-2.764396032243434179e-02,1.051406353518857459e-02,0.000000000000000000e+00,-2.953733402119073856e-02,-9.511913290805280585e-01,3.071536232606540961e-01,0.000000000000000000e+00,1.509972565414630747e-03,-3.073327713768633229e-01,-9.516009077447690201e-01,0.000000000000000000e+00,5.824474252826482568e-01,7.937945607179737462e-02,2.424030691474128307e-01,1.000000000000000000e+00
9.997748863914304174e-01,-1.254774306587510234e-02,-1.653715774138845782e-02,0.000000000000000000e+00,-6.502028286901083594e-03,-9.458292955374558719e-01,3.245695830364955792e-01,0.000000000000000000e+00,-1.971432355348826798e-02,-3.243952385525823989e-01,-9.457161702388522384e-01,0.000000000000000000e+00,5.738424981690927185e-01,6.748900396146431668e-02,2.513459755574620202e-01,1.000000000000000000e+00
9.994704312569254734e-01,-8.614130833745466120e-03,-3.107089786734384962e-02,0.000000000000000000e+00,2.047201614138954764e-03,-9.447434351578244405e-01,3.277749191029611930e-01,0.000000000000000000e+00,-3.217814235075916462e-02,-3.276712568303861706e-01,-9.442436733185186615e-01,0.000000000000000000e+00,5.695464229928682842e-01,6.199156225092381650e-02,2.550454100100150723e-01,1.000000000000000000e+00
9.989396485932356962e-01,-4.922710179383942009e-03,-4.556415580388554348e-02,0.000000000000000000e+00,1.028533169830660697e-02,-9.447625109030983737e-01,3.275648895183009834e-01,0.000000000000000000e+00,-4.466067311685092966e-02,-3.276925071791039201e-01,-9.437282686321432079e-01,0.000000000000000000e+00,5.653387511267060628e-01,5.689607027078363854e-02,2.584884126007127580e-01,1.000000000000000000e+00
9.970077951954819939e-01,4.173790030732441904e-03,-7.706349782764536360e-02,0.000000000000000000e+00,2.874034749346185760e-02,-9.467854821394360298e-01,3.205495127701165625e-01,0.000000000000000000e+00,-7.162607360921377508e-02,-3.218113905510426864e-01,-9.440906389171178636e-01,0.000000000000000000e+00,5.567478944243526850e-01,4.809896506236082531e-02,2.637484232470737600e-01,1.000000000000000000e+00
9.942124408279902070e-01,1.142140226664524472e-02,-1.067329423108062669e-01,0.000000000000000000e+00,4.449859529664168534e-02,-9.487058527692006082e-01,3.129821509915508004e-01,0.000000000000000000e+00,-9.768535275053179256e-02,-3.159262968378165337e-01,-9.437415678162892618e-01,0.000000000000000000e+00,5.485754717924700152e-01,3.929106579399342658e-02,2.683016078901953039e-01,1.000000000000000000e+00
9.924827811725106530e-01,1.534311561441750391e-02,-1.213394609371959143e-01,0.000000000000000000e+00,5.267576365280225020e-02,-9.489852630555484225e-01,3.108584586724219556e-01,0.000000000000000000e+00,-1.103819481799258734e-01,-3.149193795542174490e-01,-9.426778929715022848e-01,0.000000000000000000e+00,5.446395948029489897e-01,3.465937470946287707e-02,2.704976636772645771e-01,1.000000000000000000e+00
9.904385837044387131e-01,2.112981999158344490e-02,-1.362559705769866847e-01,0.000000000000000000e+00,6.290952222680276651e-02,-9.485820948063317104e-01,3.101856675077605541e-01,0.000000000000000000e+00,-1.226981690013492082e-01,-3.157977313062689251e-01,-9.408596878523013407e-01,0.000000000000000000e+00,5.408075056771093347e-01,2.996059317360591501e-02,2.727316994721532550e-01,1.000000000000000000e+00
9.879339468229715315e-01,2.916536775487406363e-02,-1.520415895066788148e-01,0.000000000000000000e+00,7.555835089372896218e-02,-9.480097938333238439e-01,3.091101960588283903e-01,0.000000000000000000e+00,-1.351242049371472465e-01,-3.168745685833803116e-01,-9.387928190102436954e-01,0.000000000000000000e+00,5.369792071315367954e-01,2.528004929921444377e-02,2.749896959734144941e-01,1.000000000000000000e+00
9.810503549851959937e-01,4.986837228733708577e-02,-1.871739654173114609e-01,0.000000000000000000e+00,1.054955758781860875e-01,-9.479573128215668110e-01,3.003803646037012109e-01,0.000000000000000000e+00,-1.624565772298187660e-01,-3.144403425471258284e-01,-9.352727578057739022e-01,0.000000000000000000e+00,5.293956459926377756e-01,1.732065539723691427e-02,2.791298642012865483e-01,1.000000000000000000e+00
9.720617132570011920e-01,6.477227760742597373e-02,-2.255688909726208113e-01,0.000000000000000000e+00,1.284545478962980380e-01,-9.512359146663760257e-01,2.804111457748941216e-01,0.000000000000000000e+00,-1.964101432501647870e-01,-3.015580946154467479e-01,-9.329982696663219333e-01,0.000000000000000000e+00,5.209739949388759728e-01,1.126513536028526594e-02,2.827561510235285236e-01,1.000000000000000000e+00
9.669309158055209297e-01,6.671067525687419952e-02,-2.461199641790082215e-01,0.000000000000000000e+00,1.339797909059993186e-01,-9.541165047081283657e-01,2.677533528707659038e-01,0.000000000000000000e+00,-2.169692903202453949e-01,-2.918797156288243655e-01,-9.315205626621269053e-01,0.000000000000000000e+00,5.160956072430752384e-01,8.883671771991922747e-03,2.844229409203671288e-01,1.000000000000000000e+00
9.607235007802923388e-01,6.988147017469099886e-02,-2.685287360337651474e-01,0.000000000000000000e+00,1.403185618703057802e-01,-9.572505511013398305e-01,2.529087394931986976e-01,0.000000000000000000e+00,-2.393802548307501776e-01,-2.806603392261837748e-01,-9.294766632802612394e-01,0.000000000000000000e+00,5.106636216662260308e-01,7.046695024828893671e-03,2.860809297453328903e-01,1.000000000000000000e+00
9.535548468030815572e-01,7.426710450927985485e-02,-2.918874752834860198e-01,0.000000000000000000e+00,1.473407214435404344e-01,-9.602578051543311233e-01,2.370156246872593686e-01,0.000000000000000000e+00,-2.626898197918304256e-01,-2.690194883359845468e-01,-9.266188933284171814e-01,0.000000000000000000e+00,5.048716511753115199e-01,5.475578581625910671e-03,2.879142202830451414e-01,1.000000000000000000e+00
9.368569533251076553e-01,8.722168765874595275e-02,-3.386327998135520434e-01,0.000000000000000000e+00,1.649305541104561790e-01,-9.641207474775195241e-01,2.079659671807274346e-01,0.000000000000000000e+00,-3.083497021308380659e-01,-2.506900842824287823e-01,-9.176464149324031760e-01,0.000000000000000000e+00,4.929525437523396558e-01,1.902648309056038196e-03,2.925165205331242135e-01,1.000000000000000000e+00
9.210466025379426824e-01,1.001886012849217134e-01,-3.763192089531076645e-01,0.000000000000000000e+00,1.811715893817817946e-01,-9.656270873187764447e-01,1.863382149167037982e-01,0.000000000000000000e+00,-3.447216934858818860e-01,-2.398091460421242216e-01,-9.075563494983509560e-01,0.000000000000000000e+00,4.823995685834218117e-01,-2.340544894600837377e-03,2.990404120027622681e-01,1.000000000000000000e+00
9.149029544654262436e-01,1.052080643246021130e-01,-3.896980805863852759e-01,0.000000000000000000e+00,1.878316523051061782e-01,-9.654974912731808523e-01,1.803180846136519799e-01,0.000000000000000000e+00,-3.572884814256366282e-01,-2.381757683548440530e-01,-9.031152996207859607e-01,0.000000000000000000e+00,4.781289635266567362e-01,-4.760984351618861854e-03,3.029190005320476220e-01,1.000000000000000000e+00
9.096347392469894544e-01,1.120135394163909032e-01,-3.999979437993181342e-01,0.000000000000000000e+00,1.960374922853994062e-01,-9.647262355753268848e-01,1.756511853427671910e-01,0.000000000000000000e+00,-3.662202504611211107e-01,-2.381976000413526529e-01,-8.995246697488256116e-01,0.000000000000000000e+00,4.745663027618346463e-01,-7.219667803332483792e-03,3.070285810556105943e-01,1.000000000000000000e+00
8.965194220730043906e-01,1.329275639482098981e-01,-4.225682613376081642e-01,0.000000000000000000e+00,2.198625849192641091e-01,-9.616444617277137841e-01,1.639546275109161622e-01,0.000000000000000000e+00,-3.845737432204286987e-01,-2.399000769646888465e-01,-8.913758966327081090e-01,0.000000000000000000e+00,4.651886673809689232e-01,-1.385419034385324856e-02,3.199399433224096589e-01,1.000000000000000000e+00
8.906283758135810080e-01,1.426819172667153635e-01,-4.317449635861026480e-01,0.000000000000000000e+00,2.291973370955889266e-01,-9.609105844197647350e-01,1.552423148486444249e-01,0.000000000000000000e+00,-3.927255953409693467e-01,-2.372225739592075111e-01,-8.885336556193296209e-01,0.000000000000000000e+00,4.614675271174915605e-01,-1.523350051252842993e-02,3.240341622439629199e-01,1.000000000000000000e+00
8.832365770105184977e-01,1.539150055168360121e-01,-4.429267061362444080e-01,0.000000000000000000e+00,2.385286876290860503e-01,-9.607167051275186109e-01,1.418034716362005510e-01,0.000000000000000000e+00,-4.037091762656588312e-01,-2.309011843900323768e-01,-8.852703225829855471e-01,0.000000000000000000e+00,4.571385862989060800e-01,-1.606866943732006281e-02,3.278537223974768988e-01,1.000000000000000000e+00
8.654972224813568538e-01,1.764709562436921619e-01,-4.687785259381040959e-01,0.000000000000000000e+00,2.528943010675330783e-01,-9.617855242697560536e-01,1.048514410674585978e-01,0.000000000000000000e+00,-4.323694907195986814e-01,-2.093040784417380951e-01,-8.770680852947103645e-01,0.000000000000000000e+00,4.467216797144856755e-01,-1.637523120028424109e-02,3.352526854809806944e-01,1.000000000000000000e+00
8.446834273804244564e-01,2.017677413654215546e-01,-4.957624763476593532e-01,0.000000000000000000e+00,2.646405969790430190e-01,-9.625204226608763403e-01,5.916533860726161387e-02,0.000000000000000000e+00,-4.652528090939409000e-01,-1.811783469419710468e-01,-8.664376666728955678e-01,0.000000000000000000e+00,4.352916781533321400e-01,-1.598701891034138428e-02,3.421686023986554859e-01,1.000000000000000000e+00
8.343039055404239956e-01,2.166946426434367690e-01,-5.069133771669838140e-01,0.000000000000000000e+00,2.716377067379818211e-01,-9.617174594711648261e-01,3.596152565821846003e-02,0.000000000000000000e+00,-4.797240114833455360e-01,-1.677028573939700062e-01,-8.612436498623513570e-01,0.000000000000000000e+00,4.301261858411420391e-01,-1.588755144236707328e-02,3.453995840600934120e-01,1.000000000000000000e+00
8.142954863072279226e-01,2.457259893118090566e-01,-5.258539208350700989e-01,0.000000000000000000e+00,2.860836040584726070e-01,-9.581828778153599346e-01,-4.742473152119790376e-03,0.000000000000000000e+00,-5.050392956547801182e-01,-1.465792325035153998e-01,-8.505585449827683941e-01,0.000000000000000000e+00,4.210731048092252182e-01,-1.751983202998896177e-02,3.510850727031386564e-01,1.000000000000000000e+00
8.048106459766655174e-01,2.590222226328608990e-01,-5.340112912721635130e-01,0.000000000000000000e+00,2.930438478932623769e-01,-9.558362270238414116e-01,-2.198083760793859143e-02,0.000000000000000000e+00,-5.161308003675435518e-01,-1.388009838475456614e-01,-8.451883126232356824e-01,0.000000000000000000e+00,4.171229491664464883e-01,-1.911572710776309261e-02,3.535314226318634900e-01,1.000000000000000000e+00
7.953264144114203793e-01,2.714483423763575098e-01,-5.419893346384315747e-01,0.000000000000000000e+00,2.994048363162077342e-01,-9.533541772599741781e-01,-3.812221914619814966e-02,0.000000000000000000e+00,-5.270661570596381074e-01,-1.319571607438497773e-01,-8.395168692830459189e-01,0.000000000000000000e+00,4.133723171801043095e-01,-2.093574265895077266e-02,3.556685962401046064e-01,1.000000000000000000e+00
7.731812680497585077e-01,2.992705280113428512e-01,-5.591141428205760322e-01,0.000000000000000000e+00,3.159747536756737918e-01,-9.462074356638778827e-01,-6.951396000224623062e-02,0.000000000000000000e+00,-5.498520251910579137e-01,-1.229214284310253813e-01,-8.261677026038770633e-01,0.000000000000000000e+00,4.061563710452446574e-01,-2.571663138974303320e-02,3.590063824647830582e-01,1.000000000000000000e+00
7.432667915179592688e-01,3.366488955424285501e-01,-5.781027111663371576e-01,0.000000000000000000e+00,3.381543615088098975e-01,-9.346843390554543385e-01,-1.095333785576153296e-01,0.000000000000000000e+00,-5.772289548552194116e-01,-1.140776266841403985e-01,-8.085746896650084503e-01,0.000000000000000000e+00,3.984734548368515927e-01,-3.071419564272017885e-02,3.612684588122140328e-01,1.000000000000000000e+00
7.271833093623771838e-01,3.558243057836492640e-01,-5.870044675294845415e-01,0.000000000000000000e+00,3.482308599561285134e-01,-9.281664459010596779e-01,-1.312366708615352595e-01,0.000000000000000000e+00,-5.915464367595355544e-01,-1.089820521413058241e-01,-7.988715325183182170e-01,0.000000000000000000e+00,3.946357827230027038e-01,-3.320865563917147628e-02,3.621703069855412016e-01,1.000000000000000000e+00
7.121208831065491962e-01,3.740949671252338793e-01,-5.940686410814213225e-01,0.000000000000000000e+00,3.568479048894311334e-01,-9.216054072137952469e-01,-1.525902784305943893e-01,0.000000000000000000e+00,-6.045917673349380239e-01,-1.033314155508994192e-01,-7.898046678964765199e-01,0.000000000000000000e+00,3.912011150205460530e-01,-3.593104465483380056e-02,3.629713011137656875e-01,1.000000000000000000e+00
6.982934501079440803e-01,3.912692892707195225e-01,-5.993958188969443768e-01,0.000000000000000000e+00,3.641043824002722640e-01,-9.151058602835629996e-01,-1.731762399776741457e-01,0.000000000000000000e+00,-6.162810361563717532e-01,-9.731668400977727673e-02,-7.814903374241873868e-01,0.000000000000000000e+00,3.881464031121314440e-01,-3.873583068526358086e-02,3.637927046285250321e-01,1.000000000000000000e+00
6.729433037380322391e-01,4.244643766170106414e-01,-6.057706247735055172e-01,0.000000000000000000e+00,3.767397931096309049e-01,-9.014550787785344799e-01,-2.131352062267214686e-01,0.000000000000000000e+00,-6.365555643902532923e-01,-8.479162252945095235e-02,-7.665555388832755446e-01,0.000000000000000000e+00,3.828399904098913620e-01,-4.438569241152608841e-02,3.657137547116610099e-01,1.000000000000000000e+00
6.461881921208529889e-01,4.653654065066465950e-01,-6.048608151398927602e-01,0.000000000000000000e+00,3.938165431454028198e-01,-8.822178029261071863e-01,-2.580329929416895207e-01,0.000000000000000000e+00,-6.537111940274462629e-01,-7.146769806063110742e-02,-7.533618273692430645e-01,0.000000000000000000e+00,3.784086559508094694e-01,-4.990962515306557323e-02,3.674146736538378422e-01,1.000000000000000000e+00
6.317495900088144767e-01,4.887498326213391975e-01,-6.016617019035830349e-01,0.000000000000000000e+00,4.044206262593342260e-01,-8.699784881430216998e-01,-2.820676055941172544e-01,0.000000000000000000e+00,-6.613059650067391049e-01,-6.512956203714449777e-02,-7.472834541158764887e-01,0.000000000000000000e+00,3.764872051389007712e-01,-5.252692964873729303e-02,3.679810393366554355e-01,1.000000000000000000e+00
6.169287130640720429e-01,5.137553621728346842e-01,-5.961838120386832029e-01,0.000000000000000000e+00,4.159295124145986899e-01,-8.559315716840394384e-01,-3.071881055611572209e-01,0.000000000000000000e+00,-6.681249471542242135e-01,-5.845840512374023829e-02,-7.417490612468302658e-01,0.000000000000000000e+00,3.748697789119094237e-01,-5.533759619950337494e-02,3.683418674308201468e-01,1.000000000000000000e+00
5.810300625486523041e-01,5.733336312884916852e-01,-5.776446663386319846e-01,0.000000000000000000e+00,4.432193079662499757e-01,-8.181693090021519010e-01,-3.662463293386954422e-01,0.000000000000000000e+00,-6.826056177262860292e-01,-4.322397381656536974e-02,-7.295075453592103631e-01,0.000000000000000000e+00,3.716309699254751742e-01,-6.157332365754704384e-02,3.689230146130603738e-01,1.000000000000000000e+00
5.401338934658586055e-01,6.360655814638652705e-01,-5.510505422442263379e-01,0.000000000000000000e+00,4.666735858885122101e-01,-7.712683934357904558e-01,-4.328297314442948740e-01,0.000000000000000000e+00,-7.003294447365759900e-01,-2.337517454667798963e-02,-7.134369418875586843e-01,0.000000000000000000e+00,3.681673193471112771e-01,-6.930531116666893698e-02,3.700242112509024572e-01,1.000000000000000000e+00
5.178230539929252751e-01,6.688577078428543654e-01,-5.333567270728394316e-01,0.000000000000000000e+00,4.774511365453584233e-01,-7.432803700470403951e-01,-4.685674451084803627e-01,0.000000000000000000e+00,-7.098521996253459587e-01,-1.201698146143525409e-02,-7.042481429465140552e-01,0.000000000000000000e+00,3.667193914743940852e-01,-7.357214705265900656e-02,3.708700251773636714e-01,1.000000000000000000e+00
4.947744219998075343e-01,7.017498238979017477e-01,-5.125682421836417202e-01,0.000000000000000000e+00,4.867771598247217502e-01,-7.124097038502851253e-01,-5.054712231513625031e-01,0.000000000000000000e+00,-7.198867915005507934e-01,5.877304413801487512e-04,-6.940912490414864466e-01,0.000000000000000000e+00,3.653551347545921923e-01,-7.833769254225465828e-02,3.720720860813377384e-01,1.000000000000000000e+00
4.732698526641976877e-01,7.314744546731013486e-01,-4.908579383295191834e-01,0.000000000000000000e+00,4.926870897961094786e-01,-6.817083738558623596e-01,-5.408455153407900617e-01,0.000000000000000000e+00,-7.302507049181190535e-01,1.412678020483374916e-02,-6.830331924933332743e-01,0.000000000000000000e+00,3.640439984798173323e-01,-8.347119540218919664e-02,3.735658061534931629e-01,1.000000000000000000e+00
4.284472770492490645e-01,7.970129677087419706e-01,-4.256571472375345055e-01,0.000000000000000000e+00,4.947837484888162884e-01,-6.011294074360822304e-01,-6.275453964838788590e-01,0.000000000000000000e+00,-7.560514038457774033e-01,5.826299921034567425e-02,-6.519138728895436108e-01,0.000000000000000000e+00,3.631720224723176682e-01,-1.007697274462923120e-01,3.776665986387426899e-01,1.000000000000000000e+00
4.173028648351433945e-01,8.144128850737082370e-01,-4.032005934116530965e-01,0.000000000000000000e+00,4.942956190661939586e-01,-5.757234355350187016e-01,-6.513026283141587491e-01,0.000000000000000000e+00,-7.625759653805359584e-01,7.249156142908096123e-02,-6.428241365610949387e-01,0.000000000000000000e+00,3.637966111771262501e-01,-1.065384652258914017e-01,3.786820803795031276e-01,1.000000000000000000e+00
4.041601377352123659e-01,8.324703982840956362e-01,-3.789833320184169407e-01,0.000000000000000000e+00,4.937966998156750331e-01,-5.473452212105245351e-01,-6.756913311345340567e-01,0.000000000000000000e+00,-7.699425710257822297e-01,8.594843759573976560e-02,-6.322984290642034155e-01,0.000000000000000000e+00,3.644603320604426488e-01,-1.118006728109290776e-01,3.793338156456703136e-01,1.000000000000000000e+00
3.703254899637603570e-01,8.703359795417647815e-01,-3.245844437113181713e-01,0.000000000000000000e+00,4.891401629156258979e-01,-4.797719601144808110e-01,-7.283828074659590701e-01,0.000000000000000000e+00,-7.896794827764092028e-01,1.109735689642651624e-01,-6.033996863384304410e-01,0.000000000000000000e+00,3.649586884989022839e-01,-1.219063448143846706e-01,3.806361677606551752e-01,1.000000000000000000e+00
3.534618665356252243e-01,8.858103056365201899e-01,-3.006419103094151724e-01,0.000000000000000000e+00,4.821192052907090075e-01,-4.479219677961564505e-01,-7.529327523469028227e-01,0.000000000000000000e+00,-8.016351415085194443e-01,1.211901104300546622e-01,-5.854007661701229326e-01,0.000000000000000000e+00,3.646852040365446967e-01,-1.267185057043880569e-01,3.811132149774742461e-01,1.000000000000000000e+00
3.218264869014382246e-01,9.090571586819042871e-01,-2.646196165802339184e-01,0.000000000000000000e+00,4.620968454859293306e-01,-3.947531461312251411e-01,-7.941141013183564690e-01,0.000000000000000000e+00,-8.263704449786004602e-01,1.332896275891250759e-01,-5.471249974576396502e-01,0.000000000000000000e+00,3.651211634982431953e-01,-1.373518453836498343e-01,3.818750832108919746e-01,1.000000000000000000e+00
2.885592537751216491e-01,9.258780789931221333e-01,-2.438525923625978198e-01,0.000000000000000000e+00,4.359402863636852588e-01,-3.538076318132578613e-01,-8.275004370373776341e-01,0.000000000000000000e+00,-8.524578356803967916e-01,1.324802903211323435e-01,-5.057317580135961554e-01,0.000000000000000000e+00,3.665619710352851501e-01,-1.485829494805226414e-01,3.831542859500328690e-01,1.000000000000000000e+00
2.693285067430786217e-01,9.348407078438203399e-01,-2.313347213775246158e-01,0.000000000000000000e+00,4.248728717313906555e-01,-3.309130922694943355e-01,-8.425914283521822590e-01,0.000000000000000000e+00,-8.642570949314581918e-01,1.286485206724388430e-01,-4.863221483640544629e-01,0.000000000000000000e+00,3.679516016561682479e-01,-1.538652462363659379e-01,3.840616809308169954e-01,1.000000000000000000e+00
2.477471422145654245e-01,9.447049871822300604e-01,-2.147896357340056683e-01,0.000000000000000000e+00,4.154557713331750168e-01,-3.038790844219979581e-01,-8.573416769398378712e-01,0.000000000000000000e+00,-8.752218865078706944e-01,1.231707279932393456e-01,-4.677773200393743891e-01,0.000000000000000000e+00,3.698882590257837610e-01,-1.588855522217716698e-01,3.850752846987899880e-01,1.000000000000000000e+00
2.245464276679942639e-01,9.545801749744436959e-01,-1.957966758362130466e-01,0.000000000000000000e+00,4.068915115478046740e-01,-2.744221367062395500e-01,-8.712706442989646138e-01,0.000000000000000000e+00,-8.854456738009869321e-01,1.159749381992346146e-01,-4.500397454190019908e-01,0.000000000000000000e+00,3.721942543115341340e-01,-1.639624177543389516e-01,3.861528515159490804e-01,1.000000000000000000e+00
1.785569574764400425e-01,9.706944580212755191e-01,-1.607806860439002783e-01,0.000000000000000000e+00,3.877640979193671678e-01,-2.196054169235224784e-01,-8.952056814631113024e-01,0.000000000000000000e+00,-9.042969138951423291e-01,9.750210232861479531e-02,-4.156205379444350978e-01,0.000000000000000000e+00,3.775127512172160027e-01,-1.745568953924712674e-01,3.886977793654666224e-01,1.000000000000000000e+00
1.410928037707177840e-01,9.809239372416245217e-01,-1.336480339238700910e-01,0.000000000000000000e+00,3.651840660983649567e-01,-1.770477063439711285e-01,-9.139340536643835167e-01,0.000000000000000000e+00,-9.201795844717133299e-01,8.014492867690384270e-02,-3.832053271143797679e-01,0.000000000000000000e+00,3.834199453537172619e-01,-1.846935811829260310e-01,3.911899678534989100e-01,1.000000000000000000e+00
1.267556164046880207e-01,9.845120126591506704e-01,-1.210365958745725640e-01,0.000000000000000000e+00,3.529198055541449275e-01,-1.587981415609497349e-01,-9.220691449048826760e-01,0.000000000000000000e+00,-9.270263842775127161e-01,7.416265881016891048e-02,-3.675894216263135283e-01,0.000000000000000000e+00,3.863829406158220126e-01,-1.890602020468604982e-01,3.925739775341124949e-01,1.000000000000000000e+00
1.189875484583980819e-01,9.868896020064003016e-01,-1.089569807984686334e-01,0.000000000000000000e+00,3.442946613920760957e-01,-1.439389162327576466e-01,-9.277518641489560514e-01,0.000000000000000000e+00,-9.312897479163044778e-01,7.287901622938068591e-02,-3.569146318371156368e-01,0.000000000000000000e+00,3.900119311968050506e-01,-1.923947672066261827e-01,3.931814689957593423e-01,1.000000000000000000e+00
1.173531216330351429e-01,9.879322237291855435e-01,-1.009896680938042052e-01,0.000000000000000000e+00,3.418360518367645207e-01,-1.356635342249863374e-01,-9.299055145806195410e-01,0.000000000000000000e+00,-9.324021898029519750e-01,7.460684195521692652e-02,-3.536381987061483767e-01,0.000000000000000000e+00,3.944879764982871517e-01,-1.949653979534316794e-01,3.924647188035108591e-01,1.000000000000000000e+00
1.161004746612967903e-01,9.889341851485617951e-01,-9.225293561280339949e-02,0.000000000000000000e+00,3.420304528840211189e-01,-1.270079748283413634e-01,-9.310557934577085026e-01,0.000000000000000000e+00,-9.324877142331823299e-01,7.654417992172056484e-02,-3.529980896892875863e-01,0.000000000000000000e+00,4.069702954564437536e-01,-2.014901111919034093e-01,3.884684776059445510e-01,1.000000000000000000e+00
