9.996577031083661025e-01,1.991846365911387542e-02,1.638530813793094912e-02,0.000000000000000000e+00,2.305253735138381235e-02,-9.749310240473062494e-01,-2.212664135673149124e-01,0.000000000000000000e+00,1.156748093447376724e-02,2.215726636499742164e-01,-9.750752525358675760e-01,0.000000000000000000e+00,6.231528280153035837e-01,2.955610278021969517e-01,2.893671279306972433e-02,1.000000000000000000e+00
9.996576425589737136e-01,1.991972729479419418e-02,1.638746591589101270e-02,0.000000000000000000e+00,2.305423940547239939e-02,-9.749311468298634820e-01,-2.212656952345991301e-01,0.000000000000000000e+00,1.156932137553631605e-02,2.215720097876597294e-01,-9.750753792818107613e-01,0.000000000000000000e+00,6.231524801625846210e-01,2.955613863595573654e-01,2.893681471758203713e-02,1.000000000000000000e+00
9.996577953922320958e-01,1.991345087230931080e-02,1.638577087313057568e-02,0.000000000000000000e+00,2.304775664083177217e-02,-9.749310312021010061e-01,-2.212668800662249968e-01,0.000000000000000000e+00,1.156903208823239354e-02,2.215730827482279008e-01,-9.750751388985305912e-01,0.000000000000000000e+00,6.231528779537564011e-01,2.955613249665233200e-01,2.893609698621981557e-02,1.000000000000000000e+00
9.996577831922364155e-01,1.991640379470374991e-02,1.638292599869138264e-02,0.000000000000000000e+00,2.304999302735710395e-02,-9.749312275437577169e-01,-2.212657819968293360e-01,0.000000000000000000e+00,1.156563016868317022e-02,2.215719534039928829e-01,-9.750754358835731495e-01,0.000000000000000000e+00,6.231513737361206173e-01,2.955617148114781934e-01,2.893507855326122105e-02,1.000000000000000000e+00
9.996577433392930256e-01,1.992936484542066899e-02,1.636959070529152294e-02,0.000000000000000000e+00,2.305968846138585840e-02,-9.749308013742254975e-01,-2.212666495454808646e-01,0.000000000000000000e+00,1.154973676578515199e-02,2.215726631831597127e-01,-9.750754629825134634e-01,0.000000000000000000e+00,6.231434568917022521e-01,2.955657575195346221e-01,2.892841419025935293e-02,1.000000000000000000e+00
9.996578337541260906e-01,1.993421807026986639e-02,1.635815592122744078e-02,0.000000000000000000e+00,2.306183755506028069e-02,-9.749317087832047868e-01,-2.212624273546061893e-01,0.000000000000000000e+00,1.153761356199425013e-02,2.215682338301359910e-01,-9.750766130057105796e-01,0.000000000000000000e+00,6.231389298873657445e-01,2.955653959737684633e-01,2.892270359176265723e-02,1.000000000000000000e+00
9.996575087997309206e-01,1.991592795659053589e-02,1.640023826510240285e-02,0.000000000000000000e+00,2.305331453515141113e-02,-9.749321250603890654e-01,-2.212614813187906704e-01,0.000000000000000000e+00,1.158271442492451141e-02,2.215680469311539502e-01,-9.750761207750214821e-01,0.000000000000000000e+00,6.231587215220127929e-01,2.955590186977952172e-01,2.894304099113453529e-02,1.000000000000000000e+00
9.996577085095450510e-01,1.991373451471893305e-02,1.639072592447430102e-02,0.000000000000000000e+00,2.304900575970994861e-02,-9.749334036779367940e-01,-2.212562962440850212e-01,0.000000000000000000e+00,1.157404990751161565e-02,2.215626177998791801e-01,-9.750774573142397816e-01,0.000000000000000000e+00,6.231561837840831064e-01,2.955556300968539829e-01,2.893638516904444707e-02,1.000000000000000000e+00
9.996564524204315516e-01,1.991628612046815808e-02,1.646406944146878992e-02,0.000000000000000000e+00,2.306797299546091765e-02,-9.749286732039734726e-01,-2.212751628353916422e-01,0.000000000000000000e+00,1.164453811516914968e-02,2.215832031613531039e-01,-9.750719403248351291e-01,0.000000000000000000e+00,6.231802189217838794e-01,2.955665599261975696e-01,2.897796480434530406e-02,1.000000000000000000e+00
9.996563945111778260e-01,1.991577963438018531e-02,1.646819770574011257e-02,0.000000000000000000e+00,2.306860666667426285e-02,-9.749246170914273035e-01,-2.212929670748724487e-01,0.000000000000000000e+00,1.164825364053137004e-02,2.216010944798947890e-01,-9.750678300059121284e-01,0.000000000000000000e+00,6.231786414243122296e-01,2.955774956120876262e-01,2.898346171812440225e-02,1.000000000000000000e+00
9.996554371142370998e-01,1.997889109172427957e-02,1.644985896282160839e-02,0.000000000000000000e+00,2.312632472021573099e-02,-9.749188159318997737e-01,-2.213124993037805799e-01,0.000000000000000000e+00,1.161592234395370828e-02,2.216209349000950735e-01,-9.750637064121026043e-01,0.000000000000000000e+00,6.231536985779696503e-01,2.956173958989988804e-01,2.898141491643650702e-02,1.000000000000000000e+00
9.996546750871669884e-01,1.998445682060012024e-02,1.648935908895647270e-02,0.000000000000000000e+00,2.314072137173347338e-02,-9.749144311048221212e-01,-2.213303095808737408e-01,0.000000000000000000e+00,1.165277247256374903e-02,2.216397216267430859e-01,-9.750589965181197805e-01,0.000000000000000000e+00,6.231637461411303480e-01,2.956336329689077669e-01,2.900283401495684296e-02,1.000000000000000000e+00
9.996543751306606884e-01,1.997895813292458259e-02,1.651418830155915521e-02,0.000000000000000000e+00,2.314086083438962604e-02,-9.749144688834808781e-01,-2.213301285923177375e-01,0.000000000000000000e+00,1.167820058590512272e-02,2.216400511866231382e-01,-9.750586173872145546e-01,0.000000000000000000e+00,6.231756661748938386e-01,2.956285248713271252e-01,2.901332094638088555e-02,1.000000000000000000e+00
9.996553919564693524e-01,1.995409792448726849e-02,1.648266391048542473e-02,0.000000000000000000e+00,2.310941843816069832e-02,-9.749191849084625217e-01,-2.213126398967701636e-01,0.000000000000000000e+00,1.165339554027929395e-02,2.216215454597188772e-01,-9.750631205006308200e-01,0.000000000000000000e+00,6.231725685716367202e-01,2.956089601458904426e-01,2.899100940544538721e-02,1.000000000000000000e+00
9.996566262000423642e-01,1.994519587886595460e-02,1.641845781159109730e-02,0.000000000000000000e+00,2.308621107930858979e-02,-9.749253362798169231e-01,-2.212879627067312338e-01,0.000000000000000000e+00,1.159336194948345361e-02,2.215952845966330242e-01,-9.750698045797775437e-01,0.000000000000000000e+00,6.231522996962012284e-01,2.955930112710821733e-01,2.895189399917948506e-02,1.000000000000000000e+00
9.996579150425203286e-01,1.990619221842133274e-02,1.638729097236884397e-02,0.000000000000000000e+00,2.304074461767956564e-02,-9.749363559300193716e-01,-2.212441476617312830e-01,0.000000000000000000e+00,1.157266002317771346e-02,2.215503042830513081e-01,-9.750802716761710620e-01,0.000000000000000000e+00,6.231552142883826084e-01,2.955521314824052226e-01,2.892431047036090816e-02,1.000000000000000000e+00
9.996598459932580782e-01,1.975410089178834469e-02,1.645341022102453366e-02,0.000000000000000000e+00,2.290596449959867581e-02,-9.749604100597989431e-01,-2.211521252612783650e-01,0.000000000000000000e+00,1.167298692229796868e-02,2.214580444637995194e-01,-9.751000338009335744e-01,0.000000000000000000e+00,6.232462643135290303e-01,2.954547720260204402e-01,2.893031623134840330e-02,1.000000000000000000e+00
9.996669450771232812e-01,1.945409975634577668e-02,1.637937190646280433e-02,0.000000000000000000e+00,2.259101299820470005e-02,-9.750806247718520892e-01,-2.206539558391321376e-01,0.000000000000000000e+00,1.167880897666067827e-02,2.209547466200942334e-01,-9.752141330840814470e-01,0.000000000000000000e+00,6.234350879991662486e-01,2.951799457525289827e-01,2.892804497663421445e-02,1.000000000000000000e+00
9.997014088077852412e-01,1.840793408232229561e-02,1.545923968887815032e-02,0.000000000000000000e+00,2.133265508275382361e-02,-9.757953154310752275e-01,-2.175986376591013682e-01,0.000000000000000000e+00,1.107972560915332187e-02,2.178676458778925351e-01,-9.759154310492540452e-01,0.000000000000000000e+00,6.237040330112662012e-01,2.935450882631293057e-01,2.841351150969272446e-02,1.000000000000000000e+00
9.997756814727023489e-01,1.573840288670074611e-02,1.347725163294913840e-02,0.000000000000000000e+00,1.823658407979112869e-02,-9.771438197604451759e-01,-2.117501579840622428e-01,0.000000000000000000e+00,9.836793231568824805e-03,2.119525182758105197e-01,-9.772304577199083520e-01,0.000000000000000000e+00,6.240366859323969173e-01,2.906946825677241830e-01,2.769243744733835416e-02,1.000000000000000000e+00
9.998550391600365961e-01,1.171401269760001702e-02,1.155116764706627490e-02,0.000000000000000000e+00,1.385225272246727243e-02,-9.782302584544012580e-01,-2.070130996820161162e-01,0.000000000000000000e+00,8.874918504277779993e-03,2.071470888060548410e-01,-9.782695535590990588e-01,0.000000000000000000e+00,6.242679546981857452e-01,2.886031917943381875e-01,2.738971928368543959e-02,1.000000000000000000e+00
9.999369972632267123e-01,4.239946161039487814e-03,9.421850240887324687e-03,0.000000000000000000e+00,6.042010573744490722e-03,-9.796934404186838918e-01,-2.003621815863410871e-01,0.000000000000000000e+00,8.381161378298099263e-03,2.004103436594802390e-01,-9.796761966528736432e-01,0.000000000000000000e+00,6.247401004447118433e-01,2.858684915215539690e-01,2.719720224227625480e-02,1.000000000000000000e+00
9.999512007036019945e-01,-5.539396306099396948e-03,6.903491956775649474e-03,0.000000000000000000e+00,-4.112982521301024319e-03,-9.814259209736686529e-01,-1.917472083681394934e-01,0.000000000000000000e+00,7.837580627066196085e-03,1.917131483697158134e-01,-9.814197068900165632e-01,0.000000000000000000e+00,6.252751325269364502e-01,2.825738431739190926e-01,2.713616507379751006e-02,1.000000000000000000e+00
9.993628799980938116e-01,-3.538878503251306068e-02,-1.488246299159712771e-03,0.000000000000000000e+00,-3.522686969154553011e-02,-9.886517855760178497e-01,-1.459707553939999514e-01,0.000000000000000000e+00,3.694441452076837468e-03,1.459329904267760714e-01,-9.892875787188757375e-01,0.000000000000000000e+00,6.260785980750627200e-01,2.690484204043593897e-01,2.762122654095137617e-02,1.000000000000000000e+00
9.990155687427008102e-01,-4.411779663449968969e-02,-1.503439730498987983e-03,0.000000000000000000e+00,-4.395845832902373768e-02,-9.911384926500741432e-01,-1.252712625859695450e-01,0.000000000000000000e+00,4.036652816713280287e-03,1.252164413366973206e-01,-9.921212366707058417e-01,0.000000000000000000e+00,6.265145739626517551e-01,2.637853885745705673e-01,2.855110250929897633e-02,1.000000000000000000e+00
9.978673271011151424e-01,-6.511222171111509527e-02,1.393911448855058872e-03,0.000000000000000000e+00,-6.479480560703128333e-02,-9.947073503846313169e-01,-7.962202684145781861e-02,0.000000000000000000e+00,6.571027541393192548e-03,7.936342887323334649e-02,-9.968240906772537491e-01,0.000000000000000000e+00,6.278207456244226936e-01,2.523722023034916662e-01,3.145623579026225747e-02,1.000000000000000000e+00
9.970164742078342357e-01,-7.693842476487772197e-02,4.401801232097213301e-03,0.000000000000000000e+00,-7.657154820665965089e-02,-9.954734012857535674e-01,-5.612710788038721005e-02,0.000000000000000000e+00,8.700374820401056419e-03,5.562366939914886038e-02,-9.984138975798358961e-01,0.000000000000000000e+00,6.286870880080529522e-01,2.464755237128260779e-01,3.370564542103247907e-02,1.000000000000000000e+00
9.951544577932861513e-01,-9.750644356754135933e-02,1.186783460319952924e-02,0.000000000000000000e+00,-9.735091190641112502e-02,-9.951549400558524772e-01,-1.304577075649407045e-02,0.000000000000000000e+00,1.308263282442532517e-02,1.182744011757149230e-02,-9.998444660939254103e-01,0.000000000000000000e+00,6.302815826444949643e-01,2.353029802150202743e-01,3.933812985986743366e-02,1.000000000000000000e+00
9.942953205029299024e-01,-1.052088577590621910e-01,1.698996104226021403e-02,0.000000000000000000e+00,-1.055801062050985006e-01,-9.941426320337372058e-01,2.267190437439175338e-02,0.000000000000000000e+00,1.450543870089525053e-02,-2.433683887717305941e-02,-9.995985746896405288e-01,0.000000000000000000e+00,6.312112699872586274e-01,2.252815025538771054e-01,4.636988601895838946e-02,1.000000000000000000e+00
9.940952689652292618e-01,-1.069840891779930275e-01,1.759965297703572698e-02,0.000000000000000000e+00,-1.075463821692107663e-01,-9.935773188389865895e-01,3.490893971825724529e-02,0.000000000000000000e+00,1.375217966956625293e-02,-3.659629541571672584e-02,-9.992355021295936668e-01,0.000000000000000000e+00,6.313365931779837403e-01,2.210295005250040579e-01,5.040131194378317386e-02,1.000000000000000000e+00
9.939283358112436240e-01,-1.083365370371231901e-01,1.871910562777669498e-02,0.000000000000000000e+00,-1.090948408407031861e-01,-9.929638746390085924e-01,4.584546068082237524e-02,0.000000000000000000e+00,1.362091944980981656e-02,-4.761017693157221925e-02,-9.987731181834471617e-01,0.000000000000000000e+00,6.313548980202537964e-01,2.168584026095355388e-01,5.450370463997120801e-02,1.000000000000000000e+00
9.937062136765338893e-01,-1.099266765493142756e-01,2.109107831945121123e-02,0.000000000000000000e+00,-1.109526533990859709e-01,-9.922372783464721291e-01,5.599499142330437162e-02,0.000000000000000000e+00,1.477229525097310467e-02,-5.798379838249143742e-02,-9.982082239784225708e-01,0.000000000000000000e+00,6.315388605098635200e-01,2.125324753964880076e-01,5.890918018182036975e-02,1.000000000000000000e+00
9.931237175184384203e-01,-1.142804475421779348e-01,2.502015014193570766e-02,0.000000000000000000e+00,-1.159008616575842726e-01,-9.902146080043052745e-01,7.760648982603303436e-02,0.000000000000000000e+00,1.590672002916143982e-02,-7.997424239182883421e-02,-9.966700039691005486e-01,0.000000000000000000e+00,6.312733384457662744e-01,2.026122549792562788e-01,6.803454690548843553e-02,1.000000000000000000e+00
9.924287318851504613e-01,-1.202619643000069211e-01,2.455644462752032756e-02,0.000000000000000000e+00,-1.221947995873278459e-01,-9.869133380471630801e-01,1.051248830659391592e-01,0.000000000000000000e+00,1.159278100055604124e-02,-1.073316906881861127e-01,-9.941556797618210650e-01,0.000000000000000000e+00,6.295399441483533476e-01,1.907571437102713596e-01,7.735327970458470703e-02,1.000000000000000000e+00
9.920371613923296694e-01,-1.238146463676110254e-01,2.264841413257794034e-02,0.000000000000000000e+00,-1.256566822999564681e-01,-9.846468539549088073e-01,1.210855816820354258e-01,0.000000000000000000e+00,7.308661960923930855e-03,-1.229696888642087815e-01,-9.923835141118481085e-01,0.000000000000000000e+00,6.280396680694485534e-01,1.841896211268851113e-01,8.191900501873035367e-02,1.000000000000000000e+00
9.916180260251338252e-01,-1.275574000372165784e-01,2.008848075316641696e-02,0.000000000000000000e+00,-1.291125002599372573e-01,-9.819429253186362505e-01,1.381984102459750119e-01,0.000000000000000000e+00,2.097552040094656685e-03,-1.396363971777402624e-01,-9.902006245497219084e-01,0.000000000000000000e+00,6.261795331082954386e-01,1.774268724508406836e-01,8.669714989005157524e-02,1.000000000000000000e+00
9.911583879862574387e-01,-1.313356961385231392e-01,1.835025191928696051e-02,0.000000000000000000e+00,-1.325910809066665474e-01,-9.790471704958904064e-01,1.544894498313752196e-01,0.000000000000000000e+00,-2.324261969441663005e-03,-1.555595887967686497e-01,-9.878237758525949541e-01,0.000000000000000000e+00,6.243203657583373811e-01,1.708406925123960862e-01,9.175111563940567538e-02,1.000000000000000000e+00
9.901886221664685239e-01,-1.387638882400361595e-01,1.586892415339417883e-02,0.000000000000000000e+00,-1.392955038793180222e-01,-9.728546123608428076e-01,1.847468882239967358e-01,0.000000000000000000e+00,-1.019823684203661693e-02,-1.851483011645650989e-01,-9.826576731197845804e-01,0.000000000000000000e+00,6.201276460941391733e-01,1.582231106953462807e-01,1.020159689252293778e-01,1.000000000000000000e+00
9.892241452159680204e-01,-1.455999877607056237e-01,1.473027450619986654e-02,0.000000000000000000e+00,-1.453911266337265251e-01,-9.663342060454925830e-01,2.122271646698685454e-01,0.000000000000000000e+00,-1.666622533512436902e-02,-2.120859700803739978e-01,-9.771088876006325252e-01,0.000000000000000000e+00,6.151227453281110646e-01,1.464761032367682403e-01,1.122674132095930338e-01,1.000000000000000000e+00
9.887693734719188443e-01,-1.486943239438024700e-01,1.434820588271075968e-02,0.000000000000000000e+00,-1.480771943852705885e-01,-9.629004978839513784e-01,2.255582465329818709e-01,0.000000000000000000e+00,-1.972371613262291837e-02,-2.251540630908350216e-01,-9.741235152154000820e-01,0.000000000000000000e+00,6.122107806133535446e-01,1.409120956052974105e-01,1.174528149964060575e-01,1.000000000000000000e+00
9.882750643273561231e-01,-1.519851958537513925e-01,1.391561609363606462e-02,0.000000000000000000e+00,-1.508809576834375388e-01,-9.592102087889399220e-01,2.390218794688377391e-01,0.000000000000000000e+00,-2.298022858641088004e-02,-2.383235532575892768e-01,-9.709138957996189534e-01,0.000000000000000000e+00,6.090257918657290270e-01,1.352063170244339751e-01,1.226020294769300939e-01,1.000000000000000000e+00
9.877354230546425695e-01,-1.555428018841816529e-01,1.288090549195795680e-02,0.000000000000000000e+00,-1.537071843497893053e-01,-9.551086765054562777e-01,2.532237438402329399e-01,0.000000000000000000e+00,-2.708498749383629958e-02,-2.521028032247336625e-01,-9.673213427081457372e-01,0.000000000000000000e+00,6.054250499470559266e-01,1.291680647172023799e-01,1.275038312524405526e-01,1.000000000000000000e+00
9.866935999153148007e-01,-1.618690008192539831e-01,1.465992364036995850e-02,0.000000000000000000e+00,-1.590501304938844729e-01,-9.430549498500817585e-01,2.921149849876691351e-01,0.000000000000000000e+00,-3.345989139740491308e-02,-2.905652431760548660e-01,-9.562699802491522183e-01,0.000000000000000000e+00,5.950123694478883785e-01,1.115199198830317401e-01,1.434428633372760165e-01,1.000000000000000000e+00
9.866107466202866938e-01,-1.621589728540533126e-01,1.686561820648487670e-02,0.000000000000000000e+00,-1.595886866853453157e-01,-9.394279409575572171e-01,3.032941505065661070e-01,0.000000000000000000e+00,-3.333847680308044126e-02,-3.019306432370605919e-01,-9.527467830640549140e-01,0.000000000000000000e+00,5.918771977590115974e-01,1.058581368457728322e-01,1.489420979433662695e-01,1.000000000000000000e+00
9.866359647558776702e-01,-1.614358636304202010e-01,2.164906199694260902e-02,0.000000000000000000e+00,-1.596424705894955443e-01,-9.320668319760453402e-01,3.251867912683860107e-01,0.000000000000000000e+00,-3.231906010093088533e-02,-3.243033371162773459e-01,-9.454008799918893757e-01,0.000000000000000000e+00,5.858086320811594083e-01,9.470418265902870447e-02,1.602675551086225614e-01,1.000000000000000000e+00
9.865188366760959671e-01,-1.617355694014073475e-01,2.455478313594532114e-02,0.000000000000000000e+00,-1.605342273653330987e-01,-9.282587787771678922e-01,3.354774930879042549e-01,0.000000000000000000e+00,-3.146605617810634831e-02,-3.349031972752873898e-01,-9.417269964078687217e-01,0.000000000000000000e+00,5.827194315707445726e-01,8.940569996416945775e-02,1.659884473121735482e-01,1.000000000000000000e+00
9.857775216614063085e-01,-1.656551754686539091e-01,2.796046367200404059e-02,0.000000000000000000e+00,-1.646773615033181315e-01,-9.198855565265098289e-01,3.559110512521726499e-01,0.000000000000000000e+00,-3.323872090912848021e-02,-3.554604131336380757e-01,-9.341001456627594512e-01,0.000000000000000000e+00,5.755378950377727509e-01,7.855811297972065121e-02,1.768314840624693740e-01,1.000000000000000000e+00
9.841221882402637622e-01,-1.750069834791272705e-01,2.927150915036224460e-02,0.000000000000000000e+00,-1.730884496074429069e-01,-9.105428671991355749e-01,3.754102056504018958e-01,0.000000000000000000e+00,-3.904719556865308971e-02,-3.745232839426929083e-01,-9.263949623691853930e-01,0.000000000000000000e+00,5.668740574841679702e-01,6.726947761880762433e-02,1.864841055490339683e-01,1.000000000000000000e+00
9.829467347650530096e-01,-1.816445959528421306e-01,2.831438286556566680e-02,0.000000000000000000e+00,-1.784162696385173663e-01,-9.054454486131338076e-01,3.851193596993598978e-01,0.000000000000000000e+00,-4.431857466018743891e-02,-3.836109493787906444e-01,-9.224307580825741315e-01,0.000000000000000000e+00,5.618203822929676017e-01,6.117478009080105222e-02,1.908070750826502682e-01,1.000000000000000000e+00
9.816823356180656157e-01,-1.885634226575067796e-01,2.691420577231321692e-02,0.000000000000000000e+00,-1.838737932923616980e-01,-9.012794339561418511e-01,3.922582783947111684e-01,0.000000000000000000e+00,-4.970930045407075115e-02,-3.900293492824412067e-01,-9.194596740187587214e-01,0.000000000000000000e+00,5.567864548026727478e-01,5.533189791612443814e-02,1.949964142256482846e-01,1.000000000000000000e+00
9.811394229960077595e-01,-1.919043521827300813e-01,2.277935814715170357e-02,0.000000000000000000e+00,-1.850607950034057481e-01,-8.990515044582642057e-01,3.967866446659305546e-01,0.000000000000000000e+00,-5.566633953611858227e-02,-3.935261623265127184e-01,-9.176265134613410535e-01,0.000000000000000000e+00,5.516001159134734655e-01,4.981835671173664298e-02,1.987831820820634698e-01,1.000000000000000000e+00
9.814849083036907285e-01,-1.913999535803318497e-01,5.846318734972816636e-03,0.000000000000000000e+00,-1.779048745858405611e-01,-9.001386065737554398e-01,3.975941290502945091e-01,0.000000000000000000e+00,-7.083836450238437110e-02,-3.912802592518347944e-01,-9.175411079806963244e-01,0.000000000000000000e+00,5.409088331091073121e-01,3.909593183122191812e-02,2.053333806054125077e-01,1.000000000000000000e+00
9.817896759127040518e-01,-1.886290075716500203e-01,-2.211055573635501911e-02,0.000000000000000000e+00,-1.653807279652918516e-01,-9.063567010779952637e-01,3.887769182061767137e-01,0.000000000000000000e+00,-9.337645239026218236e-02,-3.780477833159067158e-01,-9.210649877554453191e-01,0.000000000000000000e+00,5.289672184026813495e-01,2.865595756638916400e-02,2.105847895732896602e-01,1.000000000000000000e+00
9.814939528932150603e-01,-1.876807690415852603e-01,-3.776633775227346279e-02,0.000000000000000000e+00,-1.594437862413821960e-01,-9.105645095039621717e-01,3.813537727124635679e-01,0.000000000000000000e+00,-1.059634962764070265e-01,-3.682819045144939407e-01,-9.236558754558199524e-01,0.000000000000000000e+00,5.229179249453616007e-01,2.335889753238572231e-02,2.128798627107639507e-01,1.000000000000000000e+00
9.812968970576493311e-01,-1.848181104469888703e-01,-5.366016005419569496e-02,0.000000000000000000e+00,-1.519269952289853121e-01,-9.150990273928574226e-01,3.734872221195077446e-01,0.000000000000000000e+00,-1.181338373860036650e-01,-3.583563247457366430e-01,-9.260805261850533210e-01,0.000000000000000000e+00,5.169917557709371447e-01,1.796125034642489376e-02,2.149529981093014075e-01,1.000000000000000000e+00
9.808904741621085055e-01,-1.821631765654812274e-01,-6.819971922827396116e-02,0.000000000000000000e+00,-1.452973656407976211e-01,-9.193020845306256739e-01,3.657227089157832900e-01,0.000000000000000000e+00,-1.293198442569248596e-01,-3.488313979043086710e-01,-9.282203583834447436e-01,0.000000000000000000e+00,5.113936878408027464e-01,1.228053335654338656e-02,2.169767047525009984e-01,1.000000000000000000e+00
9.800225037943522954e-01,-1.763202646925204342e-01,-9.191193185118237685e-02,0.000000000000000000e+00,-1.334518642296092517e-01,-9.259267047008696849e-01,3.533144270428802414e-01,0.000000000000000000e+00,-1.474030434429006164e-01,-3.339967012382305533e-01,-9.309771996916736958e-01,0.000000000000000000e+00,5.012711098329806214e-01,5.069146209819710503e-04,2.210264582304886649e-01,1.000000000000000000e+00
9.794801383401863237e-01,-1.672188584056750194e-01,-1.124155633878187177e-01,0.000000000000000000e+00,-1.192621610365570545e-01,-9.308147213406872122e-01,3.454580124726554513e-01,0.000000000000000000e+00,-1.624082826446700822e-01,-3.249685954761418194e-01,-9.316753520849807568e-01,0.000000000000000000e+00,4.916558487930848820e-01,-1.168033231557177171e-02,2.244324311379294334e-01,1.000000000000000000e+00
9.795252961084131016e-01,-1.589433461335768016e-01,-1.234826056770606528e-01,0.000000000000000000e+00,-1.083132581334478178e-01,-9.333552857149702842e-01,3.421942367160089593e-01,0.000000000000000000e+00,-1.696459059231960331e-01,-3.218193037209983731e-01,-9.314787181444513786e-01,0.000000000000000000e+00,4.868252534445559054e-01,-1.750371768332280656e-02,2.257617938985328199e-01,1.000000000000000000e+00
9.795743482519795320e-01,-1.488014933404654405e-01,-1.351775082162889607e-01,0.000000000000000000e+00,-9.550417613803416361e-02,-9.361321402782963874e-01,3.384025933402096675e-01,0.000000000000000000e+00,-1.769022272393683815e-01,-3.185866170430382005e-01,-9.312401244785488696e-01,0.000000000000000000e+00,4.819482509331063369e-01,-2.306005861707742174e-02,2.268323806585059166e-01,1.000000000000000000e+00
9.780807549536382206e-01,-1.066351847826706306e-01,-1.787951930475056572e-01,0.000000000000000000e+00,-4.560871760149035059e-02,-9.477380294434977204e-01,3.157423305901683741e-01,0.000000000000000000e+00,-2.031241564684579670e-01,-3.006726664867973020e-01,-9.318457622840254917e-01,0.000000000000000000e+00,4.669872529509576653e-01,-3.632421404578288493e-02,2.280437455908532474e-01,1.000000000000000000e+00
9.765138898759849750e-01,-9.098137211193930984e-02,-1.952530658123193263e-01,0.000000000000000000e+00,-2.816337360753715449e-02,-9.525613789618986305e-01,3.030088952464214946e-01,0.000000000000000000e+00,-2.135628064141737448e-01,-2.903990010042738490e-01,-9.327697185973726768e-01,0.000000000000000000e+00,4.618807264933399437e-01,-3.941023825177375484e-02,2.278171274248803058e-01,1.000000000000000000e+00
9.713269313154169193e-01,-5.537480521568623193e-02,-2.311674076289928492e-01,0.000000000000000000e+00,9.516056418260100333e-03,-9.626405138705605991e-01,2.705798082386702830e-01,0.000000000000000000e+00,-2.375189892231776567e-01,-2.650263594841234527e-01,-9.345296991198259740e-01,0.000000000000000000e+00,4.515640472401994954e-01,-4.464768031611329041e-02,2.264369942130639024e-01,1.000000000000000000e+00
9.675787239139923557e-01,-3.309971868335525452e-02,-2.503528880465756834e-01,0.000000000000000000e+00,3.167713655379780779e-02,-9.676246285168834671e-01,2.503595099222790110e-01,0.000000000000000000e+00,-2.505392732997068772e-01,-2.501778144497974199e-01,-9.352225049107710797e-01,0.000000000000000000e+00,4.464499436077270511e-01,-4.648662949243770326e-02,2.255879004041960179e-01,1.000000000000000000e+00
9.626485495326734254e-01,-6.883263793648846003e-03,-2.706309990806578525e-01,0.000000000000000000e+00,5.710876113782820118e-02,-9.720075618133801054e-01,2.278610016657494908e-01,0.000000000000000000e+00,-2.646288998766122558e-01,-2.348099846514168088e-01,-9.353265827817015543e-01,0.000000000000000000e+00,4.414275750888496663e-01,-4.823374479136075671e-02,2.248594580164637036e-01,1.000000000000000000e+00
9.482428519399238587e-01,5.668744646891452771e-02,-3.124144267777690387e-01,0.000000000000000000e+00,1.164434594365689468e-01,-9.774561885554614582e-01,1.760711989800793909e-01,0.000000000000000000e+00,-2.953960754708602754e-01,-2.033407874375172675e-01,-9.334846987287495068e-01,0.000000000000000000e+00,4.319380639737014915e-01,-5.133391384376354699e-02,2.245043347750748375e-01,1.000000000000000000e+00
9.271799801602664814e-01,1.286057356452009470e-01,-3.518218242951579033e-01,0.000000000000000000e+00,1.792272658297870969e-01,-9.770317875148797349e-01,1.151834201170727628e-01,0.000000000000000000e+00,-3.289341904020213758e-01,-1.698550950435332441e-01,-9.289518529355109688e-01,0.000000000000000000e+00,4.233061383886775331e-01,-5.481601462183220003e-02,2.265009517529832095e-01,1.000000000000000000e+00
9.145342512948776426e-01,1.657162045222687896e-01,-3.689796602367939049e-01,0.000000000000000000e+00,2.095245398726043595e-01,-9.743738249414009012e-01,8.170595670724471737e-02,0.000000000000000000e+00,-3.459907832328486532e-01,-1.520361166434295030e-01,-9.258376732202603376e-01,0.000000000000000000e+00,4.192294397950364071e-01,-5.662642896531279446e-02,2.282777748100933146e-01,1.000000000000000000e+00
9.010773399603374534e-01,2.012366614914173069e-01,-3.841148010465089691e-01,0.000000000000000000e+00,2.368996488567270686e-01,-9.703692553420928402e-01,4.735833146976190650e-02,0.000000000000000000e+00,-3.632099538557219121e-01,-1.336727544490697583e-01,-9.220683945012554394e-01,0.000000000000000000e+00,4.151468505141229781e-01,-5.871253007083640507e-02,2.305031429430195178e-01,1.000000000000000000e+00
8.864953632736244371e-01,2.357943214697386658e-01,-3.981303250924234094e-01,0.000000000000000000e+00,2.626879120806099310e-01,-9.647761432675256987e-01,1.352039680545026427e-02,0.000000000000000000e+00,-3.809259407745418380e-01,-1.165720372851045267e-01,-9.172275550637533081e-01,0.000000000000000000e+00,4.109544514175325625e-01,-6.099278826310047807e-02,2.331376818856203958e-01,1.000000000000000000e+00
8.564256018704017315e-01,2.961485655238969561e-01,-4.228616351719158839e-01,0.000000000000000000e+00,3.059120838965838085e-01,-9.509181321557320654e-01,-4.640312235950554143e-02,0.000000000000000000e+00,-4.158570209369016890e-01,-8.961938747087289103e-02,-9.050034826048078962e-01,0.000000000000000000e+00,4.028312887221667804e-01,-6.680202031810666963e-02,2.395197193250538648e-01,1.000000000000000000e+00
8.238531011263232617e-01,3.459175349578501035e-01,-4.489853824730077880e-01,0.000000000000000000e+00,3.421153227791942641e-01,-9.350677710672425924e-01,-9.266129899928472746e-02,0.000000000000000000e+00,-4.518936293193223097e-01,-7.726696814150979531e-02,-8.887192826842624793e-01,0.000000000000000000e+00,3.947159811051133560e-01,-7.452695723038578468e-02,2.474135740812386519e-01,1.000000000000000000e+00
8.063416645242239555e-01,3.712450324064405227e-01,-4.604030765177976048e-01,0.000000000000000000e+00,3.596978497841282207e-01,-9.257553861830801756e-01,-1.165125259999920809e-01,0.000000000000000000e+00,-4.694843634210653094e-01,-7.165847215233736578e-02,-8.800281222051428154e-01,0.000000000000000000e+00,3.908735927478881877e-01,-7.807708161023817206e-02,2.517788557396206106e-01,1.000000000000000000e+00
7.873944045256463520e-01,3.988520328782440005e-01,-4.700083557680683199e-01,0.000000000000000000e+00,3.784419279725504959e-01,-9.146316345881339016e-01,-1.421668986236439003e-01,0.000000000000000000e+00,-4.865974357387672367e-01,-6.593071720566591465e-02,-8.711349356220327023e-01,0.000000000000000000e+00,3.873444946402174183e-01,-8.120870562714295471e-02,2.561683214580275370e-01,1.000000000000000000e+00
7.434366734876575178e-01,4.583093256568185336e-01,-4.870679844034163097e-01,0.000000000000000000e+00,4.151529438264581762e-01,-8.872208787208349934e-01,-2.011663304215280390e-01,0.000000000000000000e+00,-5.243433855945359712e-01,-5.265429382071865755e-02,-8.498773672274732016e-01,0.000000000000000000e+00,3.795907043085109400e-01,-8.692939245825741235e-02,2.652296407430422276e-01,1.000000000000000000e+00
6.939280718229373646e-01,5.182826368596060718e-01,-4.998276566649372255e-01,0.000000000000000000e+00,4.454947262833787169e-01,-8.543937341848882872e-01,-2.674444666477664434e-01,0.000000000000000000e+00,-5.656723323598519260e-01,-3.708407601758954841e-02,-8.237958386083816809e-01,0.000000000000000000e+00,3.711249475207662463e-01,-9.173944550220179683e-02,2.739192727402584571e-01,1.000000000000000000e+00
6.716568351917675539e-01,5.430659984892329817e-01,-5.039217835401437195e-01,0.000000000000000000e+00,4.545427135747151515e-01,-8.391934542331138669e-01,-2.985398043973991888e-01,0.000000000000000000e+00,-5.850259427184896222e-01,-2.853822416866996434e-02,-8.105123170610312178e-01,0.000000000000000000e+00,3.673540657013552591e-01,-9.411796865673416335e-02,2.778439357990760694e-01,1.000000000000000000e+00
6.492978684988220950e-01,5.673583264112838087e-01,-5.064558759811971234e-01,0.000000000000000000e+00,4.620801405228055492e-01,-8.232193177566974329e-01,-3.298069821999379259e-01,0.000000000000000000e+00,-6.040546280822546299e-01,-1.988061454697940059e-02,-7.966949023670503172e-01,0.000000000000000000e+00,3.637124759335996216e-01,-9.633026895628668540e-02,2.816377963676265916e-01,1.000000000000000000e+00
6.278560554437302432e-01,5.907749728451118232e-01,-5.067173294882515444e-01,0.000000000000000000e+00,4.687683007152218528e-01,-8.067399979641836083e-01,-3.597326824609083373e-01,0.000000000000000000e+00,-6.213221654491437596e-01,-1.167290320262351355e-02,-7.834682572079159080e-01,0.000000000000000000e+00,3.607485726772061141e-01,-9.839327772225693602e-02,2.850226887491175698e-01,1.000000000000000000e+00
5.910202400634055886e-01,6.289703867330156406e-01,-5.050466071062387208e-01,0.000000000000000000e+00,4.751500398945576742e-01,-7.774085275959989882e-01,-4.121276109537305721e-01,0.000000000000000000e+00,-6.518561522936358044e-01,3.602913414739349323e-03,-7.583340792367585514e-01,0.000000000000000000e+00,3.566707839490571574e-01,-1.021082576422232407e-01,2.901768672572200836e-01,1.000000000000000000e+00
5.496499034466000300e-01,6.685557043613455930e-01,-5.008981939558742047e-01,0.000000000000000000e+00,4.805963284655558887e-01,-7.435008112895480359e-01,-4.649886660752277634e-01,0.000000000000000000e+00,-6.833021944322824615e-01,1.485142839780937037e-02,-7.299846204945499295e-01,0.000000000000000000e+00,3.536036066900649644e-01,-1.049330267497557284e-01,2.945935008630936047e-01,1.000000000000000000e+00
5.266125249501545369e-01,6.891390287709862061e-01,-4.977422972697946868e-01,0.000000000000000000e+00,4.828864337126223538e-01,-7.243731899540447605e-01,-4.920212604281595237e-01,0.000000000000000000e+00,-6.996356993497518939e-01,1.875191647919211349e-02,-7.142536340990787158e-01,0.000000000000000000e+00,3.524062336576048726e-01,-1.062722534804247665e-01,2.967191769837509430e-01,1.000000000000000000e+00
5.032034572043168064e-01,7.089129708752607284e-01,-4.941755025126631784e-01,0.000000000000000000e+00,4.846082065696573626e-01,-7.049667034039803770e-01,-5.178393381332407897e-01,0.000000000000000000e+00,-7.154940740195641080e-01,2.109744741296040380e-02,-6.983001702388047516e-01,0.000000000000000000e+00,3.516538665923666929e-01,-1.077436987206199653e-01,2.991507683880342272e-01,1.000000000000000000e+00
4.260364762994692800e-01,7.656288791253431647e-01,-4.819606697779506566e-01,0.000000000000000000e+00,4.862430723498586405e-01,-6.430234123488860476e-01,-5.916665553030464597e-01,0.000000000000000000e+00,-7.629236846962688112e-01,1.772183874124064196e-02,-6.462456094714282839e-01,0.000000000000000000e+00,3.511538075522877000e-01,-1.144333204204477511e-01,3.087109202844035560e-01,1.000000000000000000e+00
3.893204845524144142e-01,7.884837096213439533e-01,-4.761341689805989597e-01,0.000000000000000000e+00,4.870152389951898364e-01,-6.149656623092405461e-01,-6.201726679467771675e-01,0.000000000000000000e+00,-7.818172628086527132e-01,9.561511580067443700e-03,-6.234343149608387868e-01,0.000000000000000000e+00,3.504547153341285859e-01,-1.184255656068419621e-01,3.139817345245249358e-01,1.000000000000000000e+00
3.024729935168865569e-01,8.359972474771714124e-01,-4.578203111535514291e-01,0.000000000000000000e+00,4.823725712109019903e-01,-5.485305539188106705e-01,-6.829433950644183682e-01,0.000000000000000000e+00,-8.220830549751805272e-01,-1.426830224502620426e-02,-5.691887791178940059e-01,0.000000000000000000e+00,3.486002653110365501e-01,-1.288035419551321892e-01,3.276279200854166906e-01,1.000000000000000000e+00
2.564019195260780482e-01,8.591802619882511483e-01,-4.427731698899006196e-01,0.000000000000000000e+00,4.763277425169201162e-01,-5.109184463765077400e-01,-7.155801630580311823e-01,0.000000000000000000e+00,-8.410495248367348964e-01,-2.742954518159716748e-02,-5.402622667029720605e-01,0.000000000000000000e+00,3.480708581990276107e-01,-1.346165456854967746e-01,3.355223045739801346e-01,1.000000000000000000e+00
2.109760577221860001e-01,8.824804669430652559e-01,-4.203547019282198316e-01,0.000000000000000000e+00,4.695210484226057246e-01,-4.686667657001733489e-01,-7.482527612494885849e-01,0.000000000000000000e+00,-8.573412312138685154e-01,-3.950272316038409143e-02,-5.132305019419656222e-01,0.000000000000000000e+00,3.483123735547176136e-01,-1.403790153352562353e-01,3.437086455248313244e-01,1.000000000000000000e+00
1.385188753140051410e-01,9.134981284889889253e-01,-3.825107022425206504e-01,0.000000000000000000e+00,4.610968128416096934e-01,-4.013057479970802421e-01,-7.914064522816461889e-01,0.000000000000000000e+00,-8.764689312566386059e-01,-6.675101915949818721e-02,-4.768086764972025438e-01,0.000000000000000000e+00,3.532249907464314331e-01,-1.533890363591387251e-01,3.581474927600399871e-01,1.000000000000000000e+00
8.752471556254245999e-02,9.327429738804190462e-01,-3.497294893823172934e-01,0.000000000000000000e+00,4.706291869916776061e-01,-3.481433872148539388e-01,-8.107312114328207864e-01,0.000000000000000000e+00,-8.779767539851863756e-01,-9.363568935385901959e-02,-4.694562568981936468e-01,0.000000000000000000e+00,3.635353092842305567e-01,-1.668533898894996037e-01,3.684061034579336757e-01,1.000000000000000000e+00
6.404403294231456045e-02,9.419056795039657537e-01,-3.296859106238312909e-01,0.000000000000000000e+00,4.820537560400298127e-01,-3.184639024390149564e-01,-8.162019762486620866e-01,0.000000000000000000e+00,-8.737951619919788193e-01,-1.066555187244825204e-01,-4.744540180091462722e-01,0.000000000000000000e+00,3.697534130644605233e-01,-1.736065352198609135e-01,3.721361742511947734e-01,1.000000000000000000e+00
3.991404704824569327e-02,9.512285402495648245e-01,-3.058625180765384699e-01,0.000000000000000000e+00,4.935542784875180389e-01,-2.849253589891422300e-01,-8.217070407954299993e-01,0.000000000000000000e+00,-8.687959037062712442e-01,-1.181643759698620816e-01,-4.808646981790791752e-01,0.000000000000000000e+00,3.757396912879871764e-01,-1.802046890322326067e-01,3.749185492829592570e-01,1.000000000000000000e+00
1.692435416163644984e-02,9.595686584334008895e-01,-2.809311354936346317e-01,0.000000000000000000e+00,5.019123280322277392e-01,-2.511584207267561486e-01,-8.276377284588464223e-01,0.000000000000000000e+00,-8.647500942086723263e-01,-1.269980113036354441e-01,-4.858793880079848582e-01,0.000000000000000000e+00,3.807444034685184553e-01,-1.862949787835965487e-01,3.771158652762701680e-01,1.000000000000000000e+00
-1.668408509740332279e-02,9.694992037922383066e-01,-2.444865682443242150e-01,0.000000000000000000e+00,5.070866585056670317e-01,-2.025355714543509988e-01,-8.377488943367367158e-01,0.000000000000000000e+00,-8.617307038359444116e-01,-1.379556068568293659e-01,-4.882503912985340366e-01,0.000000000000000000e+00,3.873421144862129739e-01,-1.973609516539207298e-01,3.790405818320370379e-01,1.000000000000000000e+00
-1.374303832009719090e-02,9.749506651568650151e-01,-2.219528695672283725e-01,0.000000000000000000e+00,5.075319261546185068e-01,-1.844513355918710740e-01,-8.416470730854863636e-01,0.000000000000000000e+00,-8.615204639007496557e-01,-1.242173469532642655e-01,-4.922931453881206343e-01,0.000000000000000000e+00,3.910945290554291853e-01,-2.050959351593978075e-01,3.770401198163422785e-01,1.000000000000000000e+00
-2.096277238612647906e-02,9.803666509630508674e-01,-1.960166797866640942e-01,0.000000000000000000e+00,5.046153724139582630e-01,-1.588785922449006127e-01,-8.485880424275425993e-01,0.000000000000000000e+00,-8.630868884401348140e-01,-1.167040347672031464e-01,-4.913870076342898296e-01,0.000000000000000000e+00,3.918522486365070279e-01,-2.091810845561422050e-01,3.753262768494385337e-01,1.000000000000000000e+00
-3.213141001480834813e-02,9.859576167472960950e-01,-1.638166577905333099e-01,0.000000000000000000e+00,4.993046430797277724e-01,-1.261488642666207527e-01,-8.571826435156488788e-01,0.000000000000000000e+00,-8.658277115125320167e-01,-1.093390099397548304e-01,-4.882492753526278539e-01,0.000000000000000000e+00,3.919717640693157201e-01,-2.127049189911017768e-01,3.732704977263827106e-01,1.000000000000000000e+00
-4.467221983668737822e-02,9.906054576428042768e-01,-1.291741729772683533e-01,0.000000000000000000e+00,4.918590334190917068e-01,-9.073486360052156197e-02,-8.659229888810207054e-01,0.000000000000000000e+00,-8.695253807077676367e-01,-1.022201540389682528e-01,-4.831942181082690135e-01,0.000000000000000000e+00,3.916772232594252223e-01,-2.152136841102356701e-01,3.712768901145244715e-01,1.000000000000000000e+00
