9.996529880317510663e-01,2.033146016318807675e-02,1.616422432511327792e-02,0.000000000000000000e+00,2.340544298145078375e-02,-9.749398887960774029e-01,-2.211902922244615155e-01,0.000000000000000000e+00,1.126224228421868201e-02,2.214961318634888210e-01,-9.750962134416498728e-01,0.000000000000000000e+00,6.228980052660035849e-01,2.957451140412994950e-01,2.888951167628613093e-02,1.000000000000000000e+00
9.996526864081977104e-01,2.030293850075250844e-02,1.621863577236123261e-02,0.000000000000000000e+00,2.338970905811449050e-02,-9.749397107902514348e-01,-2.211927411458291526e-01,0.000000000000000000e+00,1.132154742389264966e-02,2.214995316248210278e-01,-9.750947543977014353e-01,0.000000000000000000e+00,6.229245131749614472e-01,2.957361292757260673e-01,2.891476795792355739e-02,1.000000000000000000e+00
9.996527007272157928e-01,2.030444703998591366e-02,1.621586446638475718e-02,0.000000000000000000e+00,2.339051891875379430e-02,-9.749406183329797360e-01,-2.211886553384392329e-01,0.000000000000000000e+00,1.131860950980305945e-02,2.214953986366687833e-01,-9.750957273322181651e-01,0.000000000000000000e+00,6.229241308079586092e-01,2.957346817690225671e-01,2.891259232094340811e-02,1.000000000000000000e+00
9.996526745773752776e-01,2.031030798284876385e-02,1.621013575360010991e-02,0.000000000000000000e+00,2.339498208459911063e-02,-9.749401937966185594e-01,-2.211900545555365860e-01,0.000000000000000000e+00,1.131169254745258840e-02,2.214967299603261275e-01,-9.750955051832584930e-01,0.000000000000000000e+00,6.229205384128909673e-01,2.957373511675019939e-01,2.890986843078920815e-02,1.000000000000000000e+00
9.996527115656653750e-01,2.030958492479687308e-02,1.620876061897932180e-02,0.000000000000000000e+00,2.339399327397809203e-02,-9.749398064298343547e-01,-2.211918665287274377e-01,0.000000000000000000e+00,1.131046870396692008e-02,2.214985013211411558e-01,-9.750951170066359808e-01,0.000000000000000000e+00,6.229187982146450198e-01,2.957397688706597250e-01,2.891095603527221378e-02,1.000000000000000000e+00
9.996526961396940969e-01,2.030420127360500065e-02,1.621645499144163532e-02,0.000000000000000000e+00,2.339042181255650624e-02,-9.749403907953305692e-01,-2.211896685301713850e-01,0.000000000000000000e+00,1.131921534716384334e-02,2.214964227194937685e-01,-9.750954876761515067e-01,0.000000000000000000e+00,6.229236645961181429e-01,2.957354196149463155e-01,2.891251992355794651e-02,1.000000000000000000e+00
9.996525345873400470e-01,2.031305108530443576e-02,1.621533070648617514e-02,0.000000000000000000e+00,2.339884622830130240e-02,-9.749393587290579033e-01,-2.211933265208642085e-01,0.000000000000000000e+00,1.131607064864065433e-02,2.215001540844781514e-01,-9.750946765753710777e-01,0.000000000000000000e+00,6.229209181344744772e-01,2.957393845520861486e-01,2.891075781234999503e-02,1.000000000000000000e+00
9.996525972851669772e-01,2.031754394760710083e-02,1.620583383123428214e-02,0.000000000000000000e+00,2.340108746724915006e-02,-9.749400210546997902e-01,-2.211901701080315474e-01,0.000000000000000000e+00,1.130589264815195540e-02,2.214968266776920491e-01,-9.750955504785882022e-01,0.000000000000000000e+00,6.229178356764687452e-01,2.957382072376110727e-01,2.890723450998337885e-02,1.000000000000000000e+00
9.996528707484593212e-01,2.030504854986185659e-02,1.620462615920601618e-02,0.000000000000000000e+00,2.338867122375324140e-02,-9.749395794634408974e-01,-2.211934297289235851e-01,0.000000000000000000e+00,1.130740578606298508e-02,2.214999162525275733e-01,-9.750948311187545015e-01,0.000000000000000000e+00,6.229194000581259605e-01,2.957357078982328913e-01,2.890502172091472671e-02,1.000000000000000000e+00
9.996532720971631480e-01,2.029937013240049395e-02,1.618697188701682943e-02,0.000000000000000000e+00,2.337908260044251063e-02,-9.749425412802745772e-01,-2.211813884573696209e-01,0.000000000000000000e+00,1.129174203749111483e-02,2.214873995699858933e-01,-9.750978558039620214e-01,0.000000000000000000e+00,6.229162775256865681e-01,2.957272363117302016e-01,2.889295036280488740e-02,1.000000000000000000e+00
9.996540315470401339e-01,2.027035458457580527e-02,1.617642846777975554e-02,0.000000000000000000e+00,2.334822806733872352e-02,-9.749476028788811588e-01,-2.211623358260794148e-01,0.000000000000000000e+00,1.128834852554506767e-02,2.214677755170425255e-01,-9.751023523687646355e-01,0.000000000000000000e+00,6.229214743673454624e-01,2.957037833404114746e-01,2.888249986004165146e-02,1.000000000000000000e+00
9.996601047527395867e-01,2.020445850665254089e-02,1.588086028534724248e-02,0.000000000000000000e+00,2.321674050163968772e-02,-9.749858779572876388e-01,-2.210073927395742877e-01,0.000000000000000000e+00,1.101849195186995790e-02,2.213052360009321873e-01,-9.751423410731779873e-01,0.000000000000000000e+00,6.228456282178485015e-01,2.955956557939463103e-01,2.871164954631986316e-02,1.000000000000000000e+00
9.996652752287040755e-01,2.012940008474596240e-02,1.564901451708086005e-02,0.000000000000000000e+00,2.308866054455997394e-02,-9.750615856312975227e-01,-2.206865761247067959e-01,0.000000000000000000e+00,1.081667277891472725e-02,2.209782761616089219e-01,-9.752187452334155626e-01,0.000000000000000000e+00,6.228293831532252245e-01,2.954331709883019630e-01,2.860986869427975879e-02,1.000000000000000000e+00
9.996814024911090391e-01,2.010517170424020242e-02,1.461582995798138551e-02,0.000000000000000000e+00,2.282272867642741107e-02,-9.753803930411947265e-01,-2.193010689161703775e-01,0.000000000000000000e+00,9.847097910704979279e-03,2.195690006470894240e-01,-9.755472764646393458e-01,0.000000000000000000e+00,6.227172833560404852e-01,2.949125720560514807e-01,2.837589593582597394e-02,1.000000000000000000e+00
9.997048615961030560e-01,1.987800127559726654e-02,1.325902212127885553e-02,0.000000000000000000e+00,2.228169852407655555e-02,-9.759369343501071992e-01,-2.168671782068580522e-01,0.000000000000000000e+00,8.629249496283152021e-03,2.171027858090379126e-01,-9.761106066666246361e-01,0.000000000000000000e+00,6.226448968058280187e-01,2.939149132175994938e-01,2.796242269533243119e-02,1.000000000000000000e+00
9.997586280397151581e-01,1.957767721970510300e-02,8.952492169002082556e-03,0.000000000000000000e+00,2.101193620710008203e-02,-9.778991598278223840e-01,-2.079723025935820424e-01,0.000000000000000000e+00,4.683110123997954143e-03,2.081142199492062583e-01,-9.780933186227681597e-01,0.000000000000000000e+00,6.222674746976827320e-01,2.903573248199192713e-01,2.659974923935380653e-02,1.000000000000000000e+00
9.997959368380676670e-01,1.902418300332184981e-02,5.187681982827330347e-03,0.000000000000000000e+00,1.967156325859450300e-02,-9.804663589687500069e-01,-1.956514641671093513e-01,0.000000000000000000e+00,1.364264672330031724e-03,1.957173568905928029e-01,-9.806593980550352141e-01,0.000000000000000000e+00,6.220332442686095087e-01,2.851021583657056824e-01,2.512948103590019466e-02,1.000000000000000000e+00
9.998237025128320354e-01,1.791903836763164212e-02,3.495548414713397101e-03,0.000000000000000000e+00,1.825672785194097994e-02,-9.818655532694489096e-01,-1.886464261316058988e-01,0.000000000000000000e+00,5.179702767708012942e-05,1.886806182033987089e-01,-9.820385031308350721e-01,0.000000000000000000e+00,6.221548026275706134e-01,2.818643634671507692e-01,2.460707768960116240e-02,1.000000000000000000e+00
9.998485442012626789e-01,1.666281496873994392e-02,2.446662449400726323e-03,0.000000000000000000e+00,1.683032462595150311e-02,-9.832984041521743990e-01,-1.811676998418319806e-01,0.000000000000000000e+00,-6.129763804769356502e-04,1.811849274377281271e-01,-9.834488529300046133e-01,0.000000000000000000e+00,6.225817257867365395e-01,2.782865411301239100e-01,2.436115708939701890e-02,1.000000000000000000e+00
9.997455517966641336e-01,2.165069259662386753e-02,4.563559365070707190e-03,0.000000000000000000e+00,2.208530592628545064e-02,-9.890002926154123353e-01,-1.461896281203962367e-01,0.000000000000000000e+00,1.348280806756776713e-03,1.462560339187349290e-01,-9.892458514854777230e-01,0.000000000000000000e+00,6.251213230688551503e-01,2.645894479907719421e-01,2.545458325429483110e-02,1.000000000000000000e+00
9.996328439315568248e-01,2.561647283884274651e-02,7.662933760181063307e-03,0.000000000000000000e+00,2.639961406756560075e-02,-9.910330765401749176e-01,-1.309093139604952938e-01,0.000000000000000000e+00,4.240867584098108149e-03,1.310660717333804737e-01,-9.913645645687133579e-01,0.000000000000000000e+00,6.265134604693594067e-01,2.591586840044283191e-01,2.664715830307365363e-02,1.000000000000000000e+00
9.994945488840888403e-01,2.954301245091353265e-02,1.089054945928082108e-02,0.000000000000000000e+00,3.059692735210217326e-02,-9.929424301221199123e-01,-1.144984951909736454e-01,0.000000000000000000e+00,7.431201250077408560e-03,1.147760489440485254e-01,-9.933635969959712098e-01,0.000000000000000000e+00,6.280032887640591976e-01,2.533882311440060486e-01,2.809375312020605947e-02,1.000000000000000000e+00
9.992094368283342964e-01,3.661785272693281190e-02,1.484523883539665134e-02,0.000000000000000000e+00,3.767926943752732821e-02,-9.961543468661847589e-01,-7.897807781572981078e-02,0.000000000000000000e+00,1.189637061603308898e-02,7.947652857943944549e-02,-9.967657486948112711e-01,0.000000000000000000e+00,6.306282742672417729e-01,2.415947479841155932e-01,3.271337784661478704e-02,1.000000000000000000e+00
9.991528361803126979e-01,3.810720607941340404e-02,1.490629728893949103e-02,0.000000000000000000e+00,3.894921104889832730e-02,-9.973677582340796377e-01,-6.100213680686013967e-02,0.000000000000000000e+00,1.254268079752929484e-02,6.153223120882456848e-02,-9.980262850651152595e-01,0.000000000000000000e+00,6.316456304202944239e-01,2.355517927000701783e-01,3.543869642289416977e-02,1.000000000000000000e+00
9.992394951260704650e-01,3.754166875829514916e-02,9.581304099455617909e-03,0.000000000000000000e+00,3.777140852631311746e-02,-9.989629098395025331e-01,-2.504340959494822175e-02,0.000000000000000000e+00,8.631362216126873405e-03,2.538675208489267823e-02,-9.996404415613016070e-01,0.000000000000000000e+00,6.328580387314403088e-01,2.235310750135554858e-01,4.232525959815487682e-02,1.000000000000000000e+00
9.993943060167045367e-01,3.438121841841014492e-02,-3.114453830650355890e-03,0.000000000000000000e+00,3.441731201619564057e-02,-9.993211104531370959e-01,1.239006608123374362e-02,0.000000000000000000e+00,-2.686405613975631837e-03,-1.248999309307619390e-02,-9.999183883184726840e-01,0.000000000000000000e+00,6.324970997159999886e-01,2.118043194336622637e-01,5.108392497387946596e-02,1.000000000000000000e+00
9.994113637553670992e-01,3.231500690680253612e-02,-1.064956461359943887e-02,0.000000000000000000e+00,3.264282958687782926e-02,-9.989386443037210350e-01,3.219902940174368400e-02,0.000000000000000000e+00,-9.597934570006745603e-03,-3.252833408008148908e-02,-9.994247280981017889e-01,0.000000000000000000e+00,6.320417613546394087e-01,2.059935383552000121e-01,5.646598197210048187e-02,1.000000000000000000e+00
9.993634987668972292e-01,3.010307264913664183e-02,-1.863194167752482006e-02,0.000000000000000000e+00,3.103959406387911402e-02,-9.981444012439026903e-01,5.220196133297103774e-02,0.000000000000000000e+00,-1.702625664349177378e-02,-5.274807819046496010e-02,-9.984626917576452376e-01,0.000000000000000000e+00,6.313481101200115742e-01,2.003713635345690247e-01,6.232480463373577667e-02,1.000000000000000000e+00
9.992543405811308288e-01,2.798464785481843270e-02,-2.623679125616575070e-02,0.000000000000000000e+00,2.982609231218103993e-02,-9.969023535717447260e-01,7.264192014057739566e-02,0.000000000000000000e+00,-2.412312484371598870e-02,-7.337170759933665798e-02,-9.970128722196779369e-01,0.000000000000000000e+00,6.306078940851701509e-01,1.950101103755871312e-01,6.909479656299642725e-02,1.000000000000000000e+00
9.988503024944809239e-01,2.326271923300980010e-02,-4.168532117878100823e-02,0.000000000000000000e+00,2.787674605074179010e-02,-9.931068199091869220e-01,1.137650129903413770e-01,0.000000000000000000e+00,-3.875223929770987841e-02,-1.147984789776924919e-01,-9.926326476465607840e-01,0.000000000000000000e+00,6.284684813387797497e-01,1.849540783574018799e-01,8.390320615107642321e-02,1.000000000000000000e+00
9.982933279777139735e-01,1.719512574326367491e-02,-5.563727048537161352e-02,0.000000000000000000e+00,2.562489891907284920e-02,-9.876434981086736897e-01,1.545458899494195071e-01,0.000000000000000000e+00,-5.229335924581782896e-02,-1.557108281511616343e-01,-9.864175295356766293e-01,0.000000000000000000e+00,6.256956543850391572e-01,1.757963498339040753e-01,1.007003260978574788e-01,1.000000000000000000e+00
9.979965365615242057e-01,1.200666635130928465e-02,-6.196369804602576414e-02,0.000000000000000000e+00,2.270302159761359434e-02,-9.843094458241826716e-01,1.749292273259016872e-01,0.000000000000000000e+00,-5.889227027600382747e-02,-1.759889145215978445e-01,-9.826289240945675907e-01,0.000000000000000000e+00,6.239910046077981054e-01,1.712588903205459201e-01,1.093610434289756794e-01,1.000000000000000000e+00
9.977634639880619272e-01,2.622466474228869228e-03,-6.664787694550393382e-02,0.000000000000000000e+00,1.563292104266953905e-02,-9.805789627711416490e-01,1.954514171131896960e-01,0.000000000000000000e+00,-6.484218967048477333e-02,-1.960599587399370347e-01,-9.784456975313607918e-01,0.000000000000000000e+00,6.221397704942526197e-01,1.667529601681997653e-01,1.183929706416452787e-01,1.000000000000000000e+00
9.969894772991505505e-01,-2.381264611217792995e-02,-7.365926242578622885e-02,0.000000000000000000e+00,-5.688338260497562138e-03,-9.714673544786446291e-01,2.370644825597165994e-01,0.000000000000000000e+00,-7.720418785044386167e-02,-2.359363382583379298e-01,-9.686968347566748960e-01,0.000000000000000000e+00,6.175727847610099630e-01,1.577201619282872780e-01,1.365366677835006537e-01,1.000000000000000000e+00
9.956406332475528087e-01,-5.024664143992575022e-02,-7.845859641637689674e-02,0.000000000000000000e+00,-2.655380471673358597e-02,-9.602117803226893900e-01,2.779729830141858815e-01,0.000000000000000000e+00,-8.930579676741683126e-02,-2.746831110874399240e-01,-9.573785370202644307e-01,0.000000000000000000e+00,6.120883100103918784e-01,1.490571758951307058e-01,1.548190731948112520e-01,1.000000000000000000e+00
9.947877763354902036e-01,-6.355014459740424004e-02,-7.962038731598648778e-02,0.000000000000000000e+00,-3.712376331819094294e-02,-9.539619247079793585e-01,2.975890107274641871e-01,0.000000000000000000e+00,-9.486846910429001800e-02,-2.930877446767340411e-01,-9.513671990825172120e-01,0.000000000000000000e+00,6.090774323712837557e-01,1.449652351637833458e-01,1.638599673542297519e-01,1.000000000000000000e+00
9.939714697636561347e-01,-7.444911903066760150e-02,-8.036661541114401008e-02,0.000000000000000000e+00,-4.545648451195654499e-02,-9.477414952982589069e-01,3.157538804303798852e-01,0.000000000000000000e+00,-9.967629356790159989e-02,-3.102031371778929958e-01,-9.454304047287450663e-01,0.000000000000000000e+00,6.060603654580538624e-01,1.412134844685102031e-01,1.725861381126145844e-01,1.000000000000000000e+00
9.931781409480796574e-01,-8.328388485244175854e-02,-8.149675924850995068e-02,0.000000000000000000e+00,-5.159889771268900971e-02,-9.414183791361168119e-01,3.332412580710412131e-01,0.000000000000000000e+00,-1.044781850906691539e-01,-3.267690815512256375e-01,-9.393115969593521797e-01,0.000000000000000000e+00,6.028388036241113523e-01,1.375211861210991482e-01,1.810038567390269970e-01,1.000000000000000000e+00
9.918307977741025461e-01,-9.539179436386813205e-02,-8.457435223539687408e-02,0.000000000000000000e+00,-5.812956592125098632e-02,-9.288202065422671572e-01,3.659162805694699538e-01,0.000000000000000000e+00,-1.134619623963053076e-01,-3.580176590415939386e-01,-9.267954137260047132e-01,0.000000000000000000e+00,5.961167683585015808e-01,1.304552078212690702e-01,1.971797640944685237e-01,1.000000000000000000e+00
9.898155703757182122e-01,-1.069703466666670627e-01,-9.382552145878593486e-02,0.000000000000000000e+00,-6.092655647811462405e-02,-9.145217950953695718e-01,3.998982219421218232e-01,0.000000000000000000e+00,-1.285852114065590690e-01,-3.901165316637539293e-01,-9.117428009752388540e-01,0.000000000000000000e+00,5.876053735662043476e-01,1.227351890027849751e-01,2.115423617473307649e-01,1.000000000000000000e+00
9.884126334276418513e-01,-1.137563692110084707e-01,-1.004026964068767402e-01,0.000000000000000000e+00,-6.191572772202082187e-02,-9.065245079554652419e-01,4.175649722354143334e-01,0.000000000000000000e+00,-1.385208470643955192e-01,-4.065178145487052253e-01,-9.030809716648374730e-01,0.000000000000000000e+00,5.827149952185629589e-01,1.187054532520976646e-01,2.181857762402553413e-01,1.000000000000000000e+00
9.866777988771620045e-01,-1.214682042616493096e-01,-1.081348392405391823e-01,0.000000000000000000e+00,-6.277065889299726642e-02,-8.978424678331224928e-01,4.357975381282870875e-01,0.000000000000000000e+00,-1.500264837752678937e-01,-4.232122087145517852e-01,-8.935230722040590212e-01,0.000000000000000000e+00,5.775386854390522906e-01,1.143692566366096147e-01,2.244946742553980967e-01,1.000000000000000000e+00
9.847357630335202838e-01,-1.297433857526771872e-01,-1.159434248132710926e-01,0.000000000000000000e+00,-6.368899046870270253e-02,-8.888537245059441316e-01,4.537218485219738917e-01,0.000000000000000000e+00,-1.619272713962084387e-01,-4.394202712333173388e-01,-8.835662872741447682e-01,0.000000000000000000e+00,5.722313660992559559e-01,1.099121322418662033e-01,2.308181493438393461e-01,1.000000000000000000e+00
9.787641562363935677e-01,-1.521081902711937384e-01,-1.373483593658527124e-01,0.000000000000000000e+00,-6.541739033201829367e-02,-8.669928588270449099e-01,4.939885572422347271e-01,0.000000000000000000e+00,-1.942234916026707447e-01,-4.745224582112977374e-01,-8.585485845092136747e-01,0.000000000000000000e+00,5.576605374383504232e-01,9.936590367838391002e-02,2.476711041305161010e-01,1.000000000000000000e+00
9.767705860499857895e-01,-1.596896218150297975e-01,-1.428257463251932091e-01,0.000000000000000000e+00,-6.719612299755083062e-02,-8.613585823725028456e-01,5.035144690359339981e-01,0.000000000000000000e+00,-2.034341342571913680e-01,-4.822300710107894628e-01,-8.520966562731929761e-01,0.000000000000000000e+00,5.533320459011688008e-01,9.651111315359807430e-02,2.527254097789120579e-01,1.000000000000000000e+00
9.720733622530308704e-01,-1.770827126452063915e-01,-1.539345256318777611e-01,0.000000000000000000e+00,-7.285393239557720613e-02,-8.514161173880512301e-01,5.193877612030969315e-01,0.000000000000000000e+00,-2.230412240487511799e-01,-4.936777766490437758e-01,-8.405562831944637381e-01,0.000000000000000000e+00,5.446723370531868502e-01,9.104736319167165692e-02,2.617738347884062122e-01,1.000000000000000000e+00
9.691361773494379106e-01,-1.872455662058281622e-01,-1.602963336760574176e-01,0.000000000000000000e+00,-7.627252261172574876e-02,-8.462116406131474644e-01,5.273415482270075172e-01,0.000000000000000000e+00,-2.343915030486772300e-01,-4.988491708637413091e-01,-8.343920709277742320e-01,0.000000000000000000e+00,5.401165658159365890e-01,8.782429080229237073e-02,2.658256485700102867e-01,1.000000000000000000e+00
9.616899891313559490e-01,-2.116865983641341709e-01,-1.741318344782550875e-01,0.000000000000000000e+00,-8.564036276060356390e-02,-8.355141103564135419e-01,5.427362587507594816e-01,0.000000000000000000e+00,-2.603846104032823128e-01,-5.070410754182400614e-01,-8.216502920974625424e-01,0.000000000000000000e+00,5.305753785537132838e-01,8.000631503525060251e-02,2.731540736762261834e-01,1.000000000000000000e+00
9.524598581669548869e-01,-2.398061576686855989e-01,-1.878669002937297938e-01,0.000000000000000000e+00,-9.778837141376504893e-02,-8.247382569250705231e-01,5.569784456167476971e-01,0.000000000000000000e+00,-2.885134356074742223e-01,-5.121382733406740773e-01,-8.089959125073531432e-01,0.000000000000000000e+00,5.208652985999031593e-01,7.037237814155163085e-02,2.793606577622371745e-01,1.000000000000000000e+00
9.480167696324656168e-01,-2.537558494308385093e-01,-1.919711443849483890e-01,0.000000000000000000e+00,-1.057143089632797961e-01,-8.202299590765134152e-01,5.621637181595463550e-01,0.000000000000000000e+00,-3.001185939364500732e-01,-5.126564054490643230e-01,-8.044328682529404695e-01,0.000000000000000000e+00,5.166579225983822798e-01,6.528048707103681347e-02,2.823002058395172043e-01,1.000000000000000000e+00
9.441728035200426250e-01,-2.665117434809196051e-01,-1.936232284129976167e-01,0.000000000000000000e+00,-1.142072598937649147e-01,-8.161330512518811808e-01,5.664488426531214538e-01,0.000000000000000000e+00,-3.089935339292068650e-01,-5.127222849424527551e-01,-8.010236291853882751e-01,0.000000000000000000e+00,5.131981317234842743e-01,5.993441993971020121e-02,2.847602840518431155e-01,1.000000000000000000e+00
9.411977461835496772e-01,-2.778336487322389248e-01,-1.921874426499979860e-01,0.000000000000000000e+00,-1.232827454697101449e-01,-8.121270131036385509e-01,5.702910012949717888e-01,0.000000000000000000e+00,-3.145326992134448996e-01,-5.130730877597386996e-01,-7.986395856343412314e-01,0.000000000000000000e+00,5.105563073205929836e-01,5.401206990263351243e-02,2.872969628297599720e-01,1.000000000000000000e+00
9.374386264080377673e-01,-2.885195688874493403e-01,-1.947973998502547377e-01,0.000000000000000000e+00,-1.287717062884923547e-01,-8.072613691534680225e-01,5.759580509318596997e-01,0.000000000000000000e+00,-3.234338113658908331e-01,-5.148508430490785770e-01,-7.939264317787804170e-01,0.000000000000000000e+00,5.058472491579278918e-01,4.093050144403369978e-02,2.915506514103680114e-01,1.000000000000000000e+00
9.345034285267159735e-01,-2.845861086399282258e-01,-2.137635042335441216e-01,0.000000000000000000e+00,-1.157311328255282573e-01,-8.108950801016023835e-01,5.736167892096115661e-01,0.000000000000000000e+00,-3.365896241732388439e-01,-5.113176081235891735e-01,-7.907349293674142965e-01,0.000000000000000000e+00,5.001865501799364067e-01,2.776329607120422982e-02,2.951261276484988816e-01,1.000000000000000000e+00
9.326426682394400869e-01,-2.815467631601535903e-01,-2.255877222600248810e-01,0.000000000000000000e+00,-1.080021614710519745e-01,-8.144897007542306611e-01,5.700200061261646578e-01,0.000000000000000000e+00,-3.442327916066929006e-01,-5.072707843924803006e-01,-7.900507176659613551e-01,0.000000000000000000e+00,4.972036476676827133e-01,2.114255098997282548e-02,2.969147663502043621e-01,1.000000000000000000e+00
9.303994082123813181e-01,-2.776946954471561924e-01,-2.392140134268272156e-01,0.000000000000000000e+00,-9.976640342501746916e-02,-8.198885136639881832e-01,5.637466069172401006e-01,0.000000000000000000e+00,-3.526850545135661319e-01,-5.006536268228173325e-01,-7.905436093422816279e-01,0.000000000000000000e+00,4.941093831357660227e-01,1.478090318067982328e-02,2.987291207852965091e-01,1.000000000000000000e+00
9.244469658537849410e-01,-2.633441238155851960e-01,-2.757325274187674702e-01,0.000000000000000000e+00,-7.851316197040292266e-02,-8.391374510602872538e-01,5.382051361020830926e-01,0.000000000000000000e+00,-3.731178339069632921e-01,-4.759026350912042846e-01,-7.964293841476618452e-01,0.000000000000000000e+00,4.869090570578801236e-01,4.896750908043317682e-03,3.017824059831304973e-01,1.000000000000000000e+00
9.171227164060056225e-01,-2.423608597523829178e-01,-3.164299031592359146e-01,0.000000000000000000e+00,-5.597604868104511661e-02,-8.643335555458419028e-01,4.997748829550644478e-01,0.000000000000000000e+00,-3.946344515303668032e-01,-4.406508864789123736e-01,-8.062818650513449148e-01,0.000000000000000000e+00,4.794232835116069014e-01,-2.401346875659448547e-03,3.043751743786121122e-01,1.000000000000000000e+00
9.133660223806810974e-01,-2.261977200079944295e-01,-3.384934970200853543e-01,0.000000000000000000e+00,-4.176977730167805158e-02,-8.791137797988625158e-01,4.747578275006462123e-01,0.000000000000000000e+00,-4.049712326904079673e-01,-4.194969471259294425e-01,-8.124165262014532152e-01,0.000000000000000000e+00,4.755503643669083402e-01,-5.392217450703899913e-03,3.059001258416746416e-01,1.000000000000000000e+00
9.098922487292531169e-01,-2.080544551776870588e-01,-3.588734962132849593e-01,0.000000000000000000e+00,-2.675363637908757114e-02,-8.927506793510167071e-01,4.497346043612854838e-01,0.000000000000000000e+00,-4.139618156781578184e-01,-3.996165533268490333e-01,-8.178888833256094948e-01,0.000000000000000000e+00,4.721046147855164077e-01,-8.277385229540476855e-03,3.072769884402488105e-01,1.000000000000000000e+00
9.065448479636167844e-01,-1.883657451081663381e-01,-3.777241474961275380e-01,0.000000000000000000e+00,-1.102807105964567075e-02,-9.051532431799108602e-01,4.249196805406889044e-01,0.000000000000000000e+00,-4.219466731506406054e-01,-3.810505148561832423e-01,-8.226551587056050163e-01,0.000000000000000000e+00,4.687873811859266104e-01,-1.138557470193865377e-02,3.088295960179910926e-01,1.000000000000000000e+00
8.986583879947599440e-01,-1.449243839890625996e-01,-4.139936853543286222e-01,0.000000000000000000e+00,2.386570442447745466e-02,-9.262767943901044632e-01,3.760617970864949533e-01,0.000000000000000000e+00,-4.379817005572829158e-01,-3.478380362445038232e-01,-8.289636484904013836e-01,0.000000000000000000e+00,4.618326908864491265e-01,-1.801729529306150823e-02,3.114763932113094325e-01,1.000000000000000000e+00
8.871058460786240829e-01,-1.055963155399266690e-01,-4.493032193282493481e-01,0.000000000000000000e+00,5.484562747593207943e-02,-9.424514957809462246e-01,3.297845996225969856e-01,0.000000000000000000e+00,-4.582793530547177863e-01,-3.172022703895671092e-01,-8.302787208061236379e-01,0.000000000000000000e+00,4.534741817014626419e-01,-2.478708656788633502e-02,3.133558828136484009e-01,1.000000000000000000e+00
8.790167970603440795e-01,-8.728974292879601582e-02,-4.687117644847488829e-01,0.000000000000000000e+00,6.894052319370946869e-02,-9.494845870751402739e-01,3.061159422012129094e-01,0.000000000000000000e+00,-4.717644609879860784e-01,-3.014000921991957793e-01,-8.286110533724682092e-01,0.000000000000000000e+00,4.485477118395642115e-01,-2.806445745867955366e-02,3.139101344067001254e-01,1.000000000000000000e+00
8.694775788993565069e-01,-6.846267234233682775e-02,-4.891853934739539000e-01,0.000000000000000000e+00,8.329567540615966104e-02,-9.558344607717658148e-01,2.818209732454047267e-01,0.000000000000000000e+00,-4.868838477619205629e-01,-2.857895475831092047e-01,-8.253898795604346361e-01,0.000000000000000000e+00,4.432300777902922206e-01,-3.103316483752321595e-02,3.144750938820530251e-01,1.000000000000000000e+00
8.478098927194765988e-01,-3.180909428894283797e-02,-5.293272279306207029e-01,0.000000000000000000e+00,1.082168362251394456e-01,-9.668047965344186423e-01,2.314267673729007713e-01,0.000000000000000000e+00,-5.191275735784011136e-01,-2.534929012771804935e-01,-8.162401064347911683e-01,0.000000000000000000e+00,4.325994536539016222e-01,-3.673772044101714790e-02,3.153596023489548261e-01,1.000000000000000000e+00
8.227734188843784935e-01,9.080535508870141159e-03,-5.682800295218823905e-01,0.000000000000000000e+00,1.337069700077936074e-01,-9.748931208148481353e-01,1.780072921552063314e-01,0.000000000000000000e+00,-5.524065254774971345e-01,-2.224469520093429464e-01,-8.033457438436033549e-01,0.000000000000000000e+00,4.224810475922942121e-01,-4.203993319664744988e-02,3.167129694888083935e-01,1.000000000000000000e+00
8.087752042631825011e-01,3.431435707692791215e-02,-5.870996003819561881e-01,0.000000000000000000e+00,1.489226134610071584e-01,-9.776994718342354451e-01,1.480085973050509207e-01,0.000000000000000000e+00,-5.689391031899087015e-01,-2.071420784957947181e-01,-7.958645966355735180e-01,0.000000000000000000e+00,4.177380171295480005e-01,-4.449683809464066025e-02,3.175986315113024649e-01,1.000000000000000000e+00
7.939151476044452593e-01,6.083718354603787765e-02,-6.049614222441013212e-01,0.000000000000000000e+00,1.638450407475691428e-01,-9.795717076187064887e-01,1.165110259014452559e-01,0.000000000000000000e+00,-5.855261639562719944e-01,-1.916234865503007589e-01,-7.876798529383366443e-01,0.000000000000000000e+00,4.131671728786560638e-01,-4.694341912604134415e-02,3.185682177395157688e-01,1.000000000000000000e+00
7.784810385134133259e-01,8.930645102391804313e-02,-6.212667521940945514e-01,0.000000000000000000e+00,1.794620930682294113e-01,-9.801641538056029557e-01,8.397818554437337657e-02,0.000000000000000000e+00,-6.014551866136104152e-01,-1.768726621443469094e-01,-7.790813307232814511e-01,0.000000000000000000e+00,4.087959144081905194e-01,-4.947159918064628764e-02,3.193372135625667241e-01,1.000000000000000000e+00
7.259768319834470907e-01,1.845280024731208446e-01,-6.624860773086223009e-01,0.000000000000000000e+00,2.274482856892556804e-01,-9.735335212369575775e-01,-2.192047595735699059e-02,0.000000000000000000e+00,-6.490098407049733620e-01,-1.347701596289520576e-01,-7.487477751163551520e-01,0.000000000000000000e+00,3.953646631640336806e-01,-5.700728971425673280e-02,3.217063820193386547e-01,1.000000000000000000e+00
7.083739217368691943e-01,2.141455278227964443e-01,-6.725539582946724604e-01,0.000000000000000000e+00,2.395910062731320123e-01,-9.692326287430620413e-01,-5.625840376379213914e-02,0.000000000000000000e+00,-6.639215090843667566e-01,-1.212882287102345774e-01,-7.379006676724657598e-01,0.000000000000000000e+00,3.909270856878556133e-01,-5.915162550846871786e-02,3.227427484582875428e-01,1.000000000000000000e+00
6.904268673167800463e-01,2.434232246740012373e-01,-6.812023351968610196e-01,0.000000000000000000e+00,2.514010144312419093e-01,-9.637192921170827375e-01,-8.957344944513385976e-02,0.000000000000000000e+00,-6.783051496495877686e-01,-1.094131485484181737e-01,-7.265885265289924178e-01,0.000000000000000000e+00,3.865366401517799089e-01,-6.154637779229133604e-02,3.240071464227792242e-01,1.000000000000000000e+00
6.543805115916890847e-01,3.070719110166591492e-01,-6.909947426824494254e-01,0.000000000000000000e+00,2.796991952047790941e-01,-9.473033235507586358e-01,-1.560945876470219706e-01,0.000000000000000000e+00,-7.025274054568552140e-01,-9.112717177830337301e-02,-7.057981886812595418e-01,0.000000000000000000e+00,3.790284665959363641e-01,-6.664840612251934915e-02,3.270076787461675960e-01,1.000000000000000000e+00
6.203874401473233879e-01,3.767474759746624047e-01,-6.878673639266371653e-01,0.000000000000000000e+00,3.135468770355961943e-01,-9.230602036351004402e-01,-2.227755894786492552e-01,0.000000000000000000e+00,-7.188869708667803282e-01,-7.747297768482783176e-02,-6.907962513264175319e-01,0.000000000000000000e+00,3.740509445912585385e-01,-7.244516174382946427e-02,3.309591921654481683e-01,1.000000000000000000e+00
6.035176005401859944e-01,4.153459460301666129e-01,-6.806136920865833995e-01,0.000000000000000000e+00,3.328750070634518554e-01,-9.069021463830840846e-01,-2.582701559597435637e-01,0.000000000000000000e+00,-7.245354300217086152e-01,-7.069006374762036582e-02,-6.856028920086431055e-01,0.000000000000000000e+00,3.724089775137069958e-01,-7.541878206895859249e-02,3.332461600740035945e-01,1.000000000000000000e+00
5.687020316699316069e-01,4.951269679544618718e-01,-6.568165890718058453e-01,0.000000000000000000e+00,3.718232703323645083e-01,-8.670279385210337697e-01,-3.316485434379592978e-01,0.000000000000000000e+00,-7.337005969583719756e-01,-5.561156239859144090e-02,-6.771933166759075418e-01,0.000000000000000000e+00,3.697740331308173034e-01,-8.209119863620759072e-02,3.386917699336184917e-01,1.000000000000000000e+00
5.518207134456559748e-01,5.332655324513945194e-01,-6.411727684586003839e-01,0.000000000000000000e+00,3.902222925544526766e-01,-8.445790576757170598e-01,-3.665972239806964961e-01,0.000000000000000000e+00,-7.370289465244846960e-01,-4.790488826472176498e-02,-6.741612964753707082e-01,0.000000000000000000e+00,3.689432768478906888e-01,-8.555657892538848230e-02,3.418634377139354030e-01,1.000000000000000000e+00
5.184293854584499650e-01,6.024374053321744915e-01,-6.068615096140300702e-01,0.000000000000000000e+00,4.204867687469110438e-01,-7.975540390652715583e-01,-4.325265066798349989e-01,0.000000000000000000e+00,-7.445893302194410701e-01,-3.094337995791026155e-02,-6.668052463501954463e-01,0.000000000000000000e+00,3.671700467095677101e-01,-9.288021752250559537e-02,3.488793930034204682e-01,1.000000000000000000e+00
5.026616596024465755e-01,6.330018625337523464e-01,-5.887449744122855710e-01,0.000000000000000000e+00,4.327869144020857761e-01,-7.738156691880074822e-01,-4.624776143151643204e-01,0.000000000000000000e+00,-7.483436855324921977e-01,-2.233178566106287441e-02,-6.629351549532087606e-01,0.000000000000000000e+00,3.664333924958806388e-01,-9.649929265678559853e-02,3.526998780937247169e-01,1.000000000000000000e+00
4.740265290144670685e-01,6.852377529266269196e-01,-5.529274985527231623e-01,0.000000000000000000e+00,4.514660016763492045e-01,-7.282872403934489425e-01,-5.155161410777295838e-01,0.000000000000000000e+00,-7.559557186582586130e-01,-5.259741248812714424e-03,-6.546016243104437748e-01,0.000000000000000000e+00,3.652918131944766222e-01,-1.034410432974047361e-01,3.601375388064391725e-01,1.000000000000000000e+00
4.602792067426098033e-01,7.086621715041744318e-01,-5.347164906944520402e-01,0.000000000000000000e+00,4.590237689320489922e-01,-7.055276633433628097e-01,-5.399154032937748537e-01,0.000000000000000000e+00,-7.598895285857031334e-01,3.064313665022427684e-03,-6.500450094628525965e-01,0.000000000000000000e+00,3.648672320285870629e-01,-1.067311996347530684e-01,3.636616855587640473e-01,1.000000000000000000e+00
4.461129702550652443e-01,7.315706755516624415e-01,-5.155272168802493837e-01,0.000000000000000000e+00,4.660433469224209979e-01,-6.816567941817421872e-01,-5.640286877778701857e-01,0.000000000000000000e+00,-7.640541885309746206e-01,1.136270239641200969e-02,-6.450520025412866953e-01,0.000000000000000000e+00,3.644469593527321916e-01,-1.099079341093229800e-01,3.669756159764971382e-01,1.000000000000000000e+00
4.158284597244936709e-01,7.766499285861759860e-01,-4.731620519562523830e-01,0.000000000000000000e+00,4.797674961156619400e-01,-6.293292444617581971e-01,-6.113498169111601932e-01,0.000000000000000000e+00,-7.725943831468123912e-01,2.720940366035566604e-02,-6.343166145407544976e-01,0.000000000000000000e+00,3.640921180633691634e-01,-1.161234520534942805e-01,3.724779824995847477e-01,1.000000000000000000e+00
3.874202933866977006e-01,8.166168544621369429e-01,-4.278120804532503096e-01,0.000000000000000000e+00,4.916657340377653673e-01,-5.755736796363527530e-01,-6.534221393434590519e-01,0.000000000000000000e+00,-7.798479198949807012e-01,4.280928057484385124e-02,-6.245034726341687215e-01,0.000000000000000000e+00,3.647453481790718377e-01,-1.226251789117895619e-01,3.759264689822660599e-01,1.000000000000000000e+00
3.728998924197041709e-01,8.353298808356999228e-01,-4.039188127799901440e-01,0.000000000000000000e+00,4.968174321020309425e-01,-5.474121811954583139e-01,-6.734189557323011499e-01,0.000000000000000000e+00,-7.836521421062493387e-01,5.044492002393766855e-02,-6.191483103554958900e-01,0.000000000000000000e+00,3.654319918877787510e-01,-1.257782254720622439e-01,3.769976471416985886e-01,1.000000000000000000e+00
3.583916880019890061e-01,8.523506188773299908e-01,-3.808340417711184589e-01,0.000000000000000000e+00,4.996610934380010804e-01,-5.197183963527925998e-01,-6.929735399696234088e-01,0.000000000000000000e+00,-7.885980660810338883e-01,5.806912101118030106e-02,-6.121609815712221181e-01,0.000000000000000000e+00,3.660070437601016247e-01,-1.289613972502962336e-01,3.778173372728181323e-01,1.000000000000000000e+00
3.308496894539769140e-01,8.810808931222446905e-01,-3.379581182104123283e-01,0.000000000000000000e+00,4.999053394822274288e-01,-4.673886737529245883e-01,-7.291249728996048729e-01,0.000000000000000000e+00,-8.003912889870739011e-01,7.228509475429319153e-02,-5.951038981471833411e-01,0.000000000000000000e+00,3.675414002864332841e-01,-1.347455424214892561e-01,3.790936074684781443e-01,1.000000000000000000e+00
3.062754957121220367e-01,9.017430748613320945e-01,-3.050172037232201094e-01,0.000000000000000000e+00,4.932162885751469328e-01,-4.243750417805410846e-01,-7.593577967592943789e-01,0.000000000000000000e+00,-8.142029990742555290e-01,8.213481380306594803e-02,-5.747411144680910633e-01,0.000000000000000000e+00,3.697929568724512284e-01,-1.404167315515183756e-01,3.798072624243499229e-01,1.000000000000000000e+00
2.936356320352580540e-01,9.105175622672360136e-01,-2.910612157320053850e-01,0.000000000000000000e+00,4.878175044176177866e-01,-4.045841868120167995e-01,-7.735156527612319088e-01,0.000000000000000000e+00,-8.220741792825448924e-01,8.514864107176334240e-02,-5.629775774225491691e-01,0.000000000000000000e+00,3.709492346381113026e-01,-1.431656142323573522e-01,3.802454410801230922e-01,1.000000000000000000e+00
2.806460406875098679e-01,9.186365717355606808e-01,-2.780744429421168062e-01,0.000000000000000000e+00,4.810031462589442475e-01,-3.853240397764811642e-01,-7.874910187173805864e-01,0.000000000000000000e+00,-8.305828087130007198e-01,8.725323442578748756e-02,-5.500173369564466119e-01,0.000000000000000000e+00,3.721507490800212703e-01,-1.458044684686345127e-01,3.809065910727728599e-01,1.000000000000000000e+00
2.528534987126980216e-01,9.339189935476277515e-01,-2.526680996503956056e-01,0.000000000000000000e+00,4.620260395368409601e-01,-3.460112247605464653e-01,-8.165714408616165931e-01,0.000000000000000000e+00,-8.500539429997131524e-01,8.973543205709505477e-02,-5.189950348742915498e-01,0.000000000000000000e+00,3.738784161886322122e-01,-1.507809416344103037e-01,3.831569903716917636e-01,1.000000000000000000e+00
2.209100296849741685e-01,9.501177322812600634e-01,-2.201267827650871811e-01,0.000000000000000000e+00,4.383245231919798424e-01,-2.983459657297563017e-01,-8.478455307439621835e-01,0.000000000000000000e+00,-8.712437847249480116e-01,9.081236268702028158e-02,-4.823768053724697413e-01,0.000000000000000000e+00,3.748213076748889705e-01,-1.553662207396591666e-01,3.867655481276157103e-01,1.000000000000000000e+00
2.047415682508218482e-01,9.571774177134224626e-01,-2.046290012458325258e-01,0.000000000000000000e+00,4.272045693801146959e-01,-2.754805542847871824e-01,-8.611547288454645122e-01,0.000000000000000000e+00,-8.806661258458718944e-01,8.889743688165746560e-02,-4.653218461489795899e-01,0.000000000000000000e+00,3.755300609064191608e-01,-1.580601624948182182e-01,3.886296333319323448e-01,1.000000000000000000e+00
1.889762341199034135e-01,9.631204820229293251e-01,-1.914880334302600517e-01,0.000000000000000000e+00,4.175009362898859377e-01,-2.553028616698112541e-01,-8.720631650984246308e-01,0.000000000000000000e+00,-8.888064511127159451e-01,8.485441331994390823e-02,-4.503585471605348056e-01,0.000000000000000000e+00,3.766135660952872888e-01,-1.612077621673797256e-01,3.902515180864354338e-01,1.000000000000000000e+00
1.739750124456068414e-01,9.675953692777298221e-01,-1.829553040992607793e-01,0.000000000000000000e+00,4.103049608184008434e-01,-2.401200802719217764e-01,-8.797573148767928730e-01,0.000000000000000000e+00,-8.951975815969593908e-01,7.798982247059463302e-02,-4.387925221490906469e-01,0.000000000000000000e+00,3.781501139521420973e-01,-1.649185043764292979e-01,3.916029542774757677e-01,1.000000000000000000e+00
1.418691480679979688e-01,9.751392055773417944e-01,-1.701688028801385533e-01,0.000000000000000000e+00,4.030977295546596118e-01,-2.139203205784400985e-01,-8.897927083162144868e-01,0.000000000000000000e+00,-9.040917261478736977e-01,5.764058516380025227e-02,-4.234332458049705483e-01,0.000000000000000000e+00,3.821384170250171075e-01,-1.733398940019255374e-01,3.927911931725336925e-01,1.000000000000000000e+00
1.037356910432146451e-01,9.838464296547049237e-01,-1.458281734120148165e-01,0.000000000000000000e+00,4.048230820226479398e-01,-1.756911159097931663e-01,-8.973470069896395396e-01,0.000000000000000000e+00,-9.084898547508610811e-01,3.405295689418885025e-02,-4.165172024556990094e-01,0.000000000000000000e+00,3.866029326398247035e-01,-1.820418982889896731e-01,3.924691159299107390e-01,1.000000000000000000e+00
