9.996629418121220079e-01,2.023685311061453745e-02,1.565948418440898243e-02,0.000000000000000000e+00,2.320058465997646910e-02,-9.749606792557446999e-01,-2.211202244884451495e-01,0.000000000000000000e+00,1.079281162953562960e-02,2.214132661863154050e-01,-9.751203416880590558e-01,0.000000000000000000e+00,6.227851924318373866e-01,2.956468191133694301e-01,2.871990277942167852e-02,1.000000000000000000e+00
9.996631764950766330e-01,2.023338970528489045e-02,1.564897447169082828e-02,0.000000000000000000e+00,2.319489735106244205e-02,-9.749604473605372190e-01,-2.211218436080505945e-01,0.000000000000000000e+00,1.078329432941162527e-02,2.214146038474335554e-01,-9.751201432472254016e-01,0.000000000000000000e+00,6.227828468246516813e-01,2.956446075976388865e-01,2.871344446483852647e-02,1.000000000000000000e+00
9.996629525874139999e-01,2.023851880187296434e-02,1.565664338638255229e-02,0.000000000000000000e+00,2.320155603735011077e-02,-9.749611491786827067e-01,-2.211180505766920101e-01,0.000000000000000000e+00,1.078972493987861297e-02,2.214110446474711891e-01,-9.751208802727163727e-01,0.000000000000000000e+00,6.227828887608982678e-01,2.956471646686321675e-01,2.871864926521445344e-02,1.000000000000000000e+00
9.996624802057244574e-01,2.023029245119930750e-02,1.569738314137718305e-02,0.000000000000000000e+00,2.320262978494428210e-02,-9.749595920589532172e-01,-2.211248035036114945e-01,0.000000000000000000e+00,1.083110335312094732e-02,2.214186530702474398e-01,-9.751186939407486820e-01,0.000000000000000000e+00,6.227988353705695701e-01,2.956472061386082317e-01,2.874168035529682183e-02,1.000000000000000000e+00
9.996624227272461471e-01,2.024190111171984482e-02,1.568607432356530773e-02,0.000000000000000000e+00,2.321148464103473669e-02,-9.749586150197413481e-01,-2.211281820138605303e-01,0.000000000000000000e+00,1.081742677324734787e-02,2.214218942960922698e-01,-9.751181097714961554e-01,0.000000000000000000e+00,6.227915449483939492e-01,2.956533654394910560e-01,2.873575288002942416e-02,1.000000000000000000e+00
9.996616951214832847e-01,2.024280777608619686e-02,1.573120915223396102e-02,0.000000000000000000e+00,2.322258844764967314e-02,-9.749537902864083838e-01,-2.211482875655280955e-01,0.000000000000000000e+00,1.086074881662892934e-02,2.214430548819076860e-01,-9.751128230003492936e-01,0.000000000000000000e+00,6.228062868778281302e-01,2.956634992391520278e-01,2.876029410555294014e-02,1.000000000000000000e+00
9.996608454054890514e-01,2.023649305091025988e-02,1.579320782461969552e-02,0.000000000000000000e+00,2.323040288268609505e-02,-9.749487143689065105e-01,-2.211698434089343634e-01,0.000000000000000000e+00,1.092207594896532283e-02,2.214659791273260736e-01,-9.751069317496104949e-01,0.000000000000000000e+00,6.228286965960192489e-01,2.956736734632678387e-01,2.879355785867486126e-02,1.000000000000000000e+00
9.996603631492391173e-01,2.019257318868848336e-02,1.587971150742592541e-02,0.000000000000000000e+00,2.320688784846925215e-02,-9.749461010542154193e-01,-2.211838314542471096e-01,0.000000000000000000e+00,1.101580420360281226e-02,2.214814921633607159e-01,-9.751023539541062712e-01,0.000000000000000000e+00,6.228716010648746026e-01,2.956660803468857956e-01,2.883271399546287819e-02,1.000000000000000000e+00
9.996606808102209696e-01,2.017919286191303951e-02,1.587672254262032651e-02,0.000000000000000000e+00,2.319313058673686326e-02,-9.749473444127324528e-01,-2.211797938722152579e-01,0.000000000000000000e+00,1.101595085438989742e-02,2.214772383461334204e-01,-9.751033184854533964e-01,0.000000000000000000e+00,6.228770245589951848e-01,2.956570672487895957e-01,2.882522537737729901e-02,1.000000000000000000e+00
9.996607840212469176e-01,2.020214460718376334e-02,1.584099569169146807e-02,0.000000000000000000e+00,2.320769135188958249e-02,-9.749451734657396118e-01,-2.211878357848425791e-01,0.000000000000000000e+00,1.097584496765832869e-02,2.214847025422167770e-01,-9.751020753577706035e-01,0.000000000000000000e+00,6.228582802313673561e-01,2.956696754923155979e-01,2.881080325571690540e-02,1.000000000000000000e+00
9.996607546633194952e-01,2.023008313591157653e-02,1.580715734991722590e-02,0.000000000000000000e+00,2.322742380686472138e-02,-9.749450942588727687e-01,-2.211861136352423762e-01,0.000000000000000000e+00,1.093670761064204078e-02,2.214825010450747200e-01,-9.751030151514544775e-01,0.000000000000000000e+00,6.228380517731703092e-01,2.956857468131852684e-01,2.879516371359661098e-02,1.000000000000000000e+00
9.996614428051606716e-01,2.020758738886919287e-02,1.579240582793970532e-02,0.000000000000000000e+00,2.320174781925965143e-02,-9.749551920321585241e-01,-2.211442952664096351e-01,0.000000000000000000e+00,1.092830578823375184e-02,2.214401000997523183e-01,-9.751127392257832316e-01,0.000000000000000000e+00,6.228432066751787843e-01,2.956570096040412876e-01,2.878444517144093315e-02,1.000000000000000000e+00
9.996780836399186132e-01,1.980715362358469178e-02,1.523655658474540320e-02,0.000000000000000000e+00,2.268139795096502792e-02,-9.751088179661591138e-01,-2.205200539924613290e-01,0.000000000000000000e+00,1.048962805256081765e-02,2.207989024457380767e-01,-9.752629452522414422e-01,0.000000000000000000e+00,6.227995689742862329e-01,2.951498256477012583e-01,2.840453298247908043e-02,1.000000000000000000e+00
9.997862129447523394e-01,1.817689787257179695e-02,8.824720422125198818e-03,0.000000000000000000e+00,1.962159083077997385e-02,-9.776519796409878227e-01,-2.092662103124514061e-01,0.000000000000000000e+00,4.823787730301123781e-03,2.093986585319644322e-01,-9.778184559911655693e-01,0.000000000000000000e+00,6.225304602497443440e-01,2.900962289395423443e-01,2.608557071023850926e-02,1.000000000000000000e+00
9.998428236609105957e-01,1.660616484754171701e-02,4.394333173749016309e-03,0.000000000000000000e+00,1.714674159739704509e-02,-9.801914250166829934e-01,-1.972599971549344189e-01,0.000000000000000000e+00,1.031575526020166948e-03,1.973081398392647623e-01,-9.803409783361620722e-01,0.000000000000000000e+00,6.227333073018802567e-01,2.847309942377615477e-01,2.429701815620910477e-02,1.000000000000000000e+00
9.998829109929782133e-01,1.465492497048953742e-02,-3.799730594250436914e-04,0.000000000000000000e+00,1.433904896707766455e-02,-9.830665269006777507e-01,-1.826344498263333671e-01,0.000000000000000000e+00,-3.050091678792739465e-03,1.826111327178286114e-01,-9.831804875750242978e-01,0.000000000000000000e+00,6.230601858029710671e-01,2.780133938731066401e-01,2.255593809889385945e-02,1.000000000000000000e+00
9.999223875473072232e-01,1.033560755483783032e-02,-5.398240396007759900e-03,0.000000000000000000e+00,9.470375704178597004e-03,-9.899340543905150724e-01,-1.411439932947450293e-01,0.000000000000000000e+00,-6.802841900998951238e-03,1.410846317149033191e-01,-9.899741653376314954e-01,0.000000000000000000e+00,6.248852552773374036e-01,2.587116744516176903e-01,2.270537216192915903e-02,1.000000000000000000e+00
9.999392222896618110e-01,9.924078673431762851e-03,-1.952252657264126395e-03,0.000000000000000000e+00,9.587250171933552750e-03,-9.915043933205270887e-01,-1.296451679062601003e-01,0.000000000000000000e+00,-3.222337972472410789e-03,1.296210672423875332e-01,-9.915583671498796603e-01,0.000000000000000000e+00,6.260427993990864692e-01,2.533064848092949628e-01,2.492269977210039705e-02,1.000000000000000000e+00
9.999242399723476948e-01,1.071272177689580260e-02,4.183157785942378734e-03,0.000000000000000000e+00,1.113354522015609117e-02,-9.928601516754586020e-01,-1.186823924894685051e-01,0.000000000000000000e+00,2.881934709450580806e-03,1.187222602559098728e-01,-9.929233199860189041e-01,0.000000000000000000e+00,6.275076336688999445e-01,2.484642223799383431e-01,2.834423787648780724e-02,1.000000000000000000e+00
9.996960837687334234e-01,1.539596421955084435e-02,1.874703401649520720e-02,0.000000000000000000e+00,1.709010049927005628e-02,-9.954305672601507782e-01,-9.384381242398134870e-02,0.000000000000000000e+00,1.721688620559036487e-02,9.413749290003774195e-02,-9.954103230627452392e-01,0.000000000000000000e+00,6.301108000779411800e-01,2.385197701997882891e-01,3.743901013193668553e-02,1.000000000000000000e+00
9.995675500128007318e-01,1.704638133383194060e-02,2.355590681839211942e-02,0.000000000000000000e+00,1.888664586417925298e-02,-9.965864198789474715e-01,-8.024680194295394364e-02,0.000000000000000000e+00,2.210800490400590887e-02,8.065854421148965780e-02,-9.964965807090596650e-01,0.000000000000000000e+00,6.305693700283898639e-01,2.333653349712776492e-01,4.263320663265385280e-02,1.000000000000000000e+00
9.993771278732123120e-01,1.897035195457588697e-02,2.943176739199679717e-02,0.000000000000000000e+00,2.045376188577395504e-02,-9.984822415819251118e-01,-5.094706833040087146e-02,0.000000000000000000e+00,2.842116045740735591e-02,5.151831707095787943e-02,-9.982675496300731366e-01,0.000000000000000000e+00,6.299817438000477887e-01,2.228754111075963162e-01,5.509024242334288612e-02,1.000000000000000000e+00
9.991182315205060505e-01,2.247799477214534186e-02,3.518872114140616375e-02,0.000000000000000000e+00,2.325249608297273729e-02,-9.994832088070226828e-01,-2.175738127479330888e-02,0.000000000000000000e+00,3.468214135637161244e-02,2.255685619167498851e-02,-9.991438021174351425e-01,0.000000000000000000e+00,6.280397874889905863e-01,2.130231538516325906e-01,6.978845244594976405e-02,1.000000000000000000e+00
9.989193344104305705e-01,2.540718222112795313e-02,3.867021248731101341e-02,0.000000000000000000e+00,2.573108244573757419e-02,-9.996280449253389655e-01,-7.901271804192750228e-03,0.000000000000000000e+00,3.845582024673663973e-02,8.887930717553418208e-03,-9.992207736915353911e-01,0.000000000000000000e+00,6.267779327719428251e-01,2.086127189452654240e-01,7.806669126827604777e-02,1.000000000000000000e+00
9.987231426778694354e-01,2.748222433378228954e-02,4.216110205528084826e-02,0.000000000000000000e+00,2.726255930051453558e-02,-9.996019875801863686e-01,5.776347231207498711e-03,0.000000000000000000e+00,4.230388276430176869e-02,-4.619641057398817321e-03,-9.990941098913380669e-01,0.000000000000000000e+00,6.252859042551768276e-01,2.043767987492461080e-01,8.675825037335699319e-02,1.000000000000000000e+00
9.985575511892048617e-01,2.893978543089667857e-02,4.501169496297777184e-02,0.000000000000000000e+00,2.804333079513803006e-02,-9.993884528191243621e-01,2.042152959304554746e-02,0.000000000000000000e+00,4.557604035241756557e-02,-1.913016304539193538e-02,-9.987776836752267906e-01,0.000000000000000000e+00,6.235777015511425603e-01,1.999582477520774615e-01,9.568401143275004350e-02,1.000000000000000000e+00
9.986903087868563844e-01,3.109693551325903860e-02,4.039052658862020417e-02,0.000000000000000000e+00,2.871284005134720069e-02,-9.978752181030422497e-01,5.832125524369446978e-02,0.000000000000000000e+00,4.211912876602868366e-02,-5.708624476574371276e-02,-9.974803956221578449e-01,0.000000000000000000e+00,6.176563625355385723e-01,1.895451087071249041e-01,1.128164259637894073e-01,1.000000000000000000e+00
9.993051852089319675e-01,2.953655063919385579e-02,2.230439176684222147e-02,0.000000000000000000e+00,2.699244530090990496e-02,-9.939013951474743314e-01,1.068277656875277620e-01,0.000000000000000000e+00,2.532417737477078712e-02,-1.061535338855697924e-01,-9.940272195890293983e-01,0.000000000000000000e+00,6.087173596244739304e-01,1.770543370742099776e-01,1.292680528340876267e-01,1.000000000000000000e+00
9.995490880769136721e-01,2.726211444480807974e-02,1.179595446823696568e-02,0.000000000000000000e+00,2.546862567287250592e-02,-9.909112955429288938e-01,1.320109858041282058e-01,0.000000000000000000e+00,1.528793746742057244e-02,-1.316535684670048778e-01,-9.911778936588002686e-01,0.000000000000000000e+00,6.038499352229387274e-01,1.706947669136404666e-01,1.376498588195302075e-01,1.000000000000000000e+00
9.996952674205814571e-01,2.418140711801345516e-02,2.319212774509855305e-03,0.000000000000000000e+00,2.351979284415643343e-02,-9.873661757559211161e-01,1.566384410638197167e-01,0.000000000000000000e+00,6.077767177479261734e-03,-1.565391746878153079e-01,-9.876530501821951802e-01,0.000000000000000000e+00,5.991198459300425272e-01,1.643709299169906490e-01,1.462722767418277725e-01,1.000000000000000000e+00
9.997667494342016292e-01,1.877803801164361699e-02,-9.725169171364291335e-03,0.000000000000000000e+00,2.033131402890973882e-02,-9.800200593449246433e-01,1.978081592165411573e-01,0.000000000000000000e+00,-5.816523721784053191e-03,-1.979635572318161341e-01,-9.801921230350298941e-01,0.000000000000000000e+00,5.910422254298438594e-01,1.532433061688921461e-01,1.641463317114618403e-01,1.000000000000000000e+00
9.996566699154078028e-01,2.063916415503482676e-02,-1.553428781203412129e-02,0.000000000000000000e+00,2.364043405031394929e-02,-9.733406346005860632e-01,2.281006045902763957e-01,0.000000000000000000e+00,-1.041254820885129627e-02,-2.283939253877546871e-01,-9.735131194214955430e-01,0.000000000000000000e+00,5.845063349182565426e-01,1.436090214187555614e-01,1.818402506089470128e-01,1.000000000000000000e+00
9.995335601369498280e-01,2.418323347134113122e-02,-1.812678349937554140e-02,0.000000000000000000e+00,2.782368872713675279e-02,-9.704914190545183006e-01,2.394848529414141669e-01,0.000000000000000000e+00,-1.180059692772948525e-02,-2.398821201152733229e-01,-9.707302994968017851e-01,0.000000000000000000e+00,5.815097675878867500e-01,1.389831506672562778e-01,1.902711002294749099e-01,1.000000000000000000e+00
9.993667780001250778e-01,2.752300183140555384e-02,-2.211954567900844756e-02,0.000000000000000000e+00,3.217175218429318972e-02,-9.679167009755582640e-01,2.491645745991842575e-01,0.000000000000000000e+00,-1.455240081649973073e-02,-2.497232305970021049e-01,-9.682078990230725823e-01,0.000000000000000000e+00,5.782418942522179472e-01,1.341604202889080111e-01,1.981167155023861315e-01,1.000000000000000000e+00
9.991809598097403100e-01,2.850027913701525667e-02,-2.838821135624182770e-02,0.000000000000000000e+00,3.486548313745554267e-02,-9.655623632314391802e-01,2.577876407000895820e-01,0.000000000000000000e+00,-2.006395502032946171e-02,-2.585712492639543614e-01,-9.657837991823117196e-01,0.000000000000000000e+00,5.744653984424847870e-01,1.289258919394776770e-01,2.053780007801747076e-01,1.000000000000000000e+00
9.982506809981638307e-01,2.969603433678836418e-02,-5.093594342483964005e-02,0.000000000000000000e+00,4.237195281438162209e-02,-9.620492437216827675e-01,2.695303640973356063e-01,0.000000000000000000e+00,-4.099969227420149215e-02,-2.712223467718385961e-01,-9.616431062743585612e-01,0.000000000000000000e+00,5.648635156346866193e-01,1.176810272632769355e-01,2.177871867426645069e-01,1.000000000000000000e+00
9.961433865095224993e-01,2.886664835210240102e-02,-8.273945266597140802e-02,0.000000000000000000e+00,5.072884247266410546e-02,-9.598439865670206350e-01,2.758747050632244235e-01,0.000000000000000000e+00,-7.145476371860422227e-02,-2.790134114873381588e-01,-9.576250482062985681e-01,0.000000000000000000e+00,5.532746567158115525e-01,1.051426934083451031e-01,2.282685003582864969e-01,1.000000000000000000e+00
9.944936265830524036e-01,3.042606921712348589e-02,-1.001869647154346454e-01,0.000000000000000000e+00,5.729638126716456170e-02,-9.590047955602204466e-01,2.775025651906584678e-01,0.000000000000000000e+00,-8.763815466435387336e-02,-2.817203069597948306e-01,-9.554858567731423502e-01,0.000000000000000000e+00,5.473846539474659378e-01,9.862072857873349641e-02,2.331898074181287528e-01,1.000000000000000000e+00
9.924274417801446369e-01,3.096549312225366571e-02,-1.187840811667197349e-01,0.000000000000000000e+00,6.323249965557846408e-02,-9.583509813693130708e-01,2.784704551599506694e-01,0.000000000000000000e+00,-1.052158915251257265e-01,-2.838782013322601050e-01,-9.530701878555082329e-01,0.000000000000000000e+00,5.412273533826298388e-01,9.178842921731181215e-02,2.378374804409086329e-01,1.000000000000000000e+00
9.899213669494818513e-01,3.172734680234807342e-02,-1.379485760091825886e-01,0.000000000000000000e+00,6.952066073483920139e-02,-9.578853773809202776e-01,2.785735601811694662e-01,0.000000000000000000e+00,-1.233028977987564861e-01,-2.853616897389194551e-01,-9.504552074789102134e-01,0.000000000000000000e+00,5.350655707884858225e-01,8.480511339816446115e-02,2.425884389335601077e-01,1.000000000000000000e+00
9.800641413628928822e-01,3.346570404004692301e-02,-1.957934431203663950e-01,0.000000000000000000e+00,8.672820206547286748e-02,-9.588706362770021974e-01,2.702333598085843169e-01,0.000000000000000000e+00,-1.787004742804746693e-01,-2.818322651908921062e-01,-9.426752965837729148e-01,0.000000000000000000e+00,5.171237553017379307e-01,6.397974015180414586e-02,2.566939972028019490e-01,1.000000000000000000e+00
9.755259062188027519e-01,3.355659603235097710e-02,-2.172646037897416615e-01,0.000000000000000000e+00,9.188836550582417384e-02,-9.600422333157695443e-01,2.643032073886840694e-01,0.000000000000000000e+00,-1.997179246713068346e-01,-2.778040638179775090e-01,-9.396476215535284338e-01,0.000000000000000000e+00,5.108556493520998165e-01,5.711753174016276358e-02,2.610707536422516850e-01,1.000000000000000000e+00
9.704252855200629080e-01,3.459765068514573244e-02,-2.388692418282040708e-01,0.000000000000000000e+00,9.725250123534388835e-02,-9.618190009325739975e-01,2.557868396726904470e-01,0.000000000000000000e+00,-2.209036048787996198e-01,-2.714578745629050438e-01,-9.367562221247005549e-01,0.000000000000000000e+00,5.046389821053126612e-01,5.100593759922805726e-02,2.652985467989378843e-01,1.000000000000000000e+00
9.512545641286257458e-01,4.561090878873024640e-02,-3.049838456789690788e-01,0.000000000000000000e+00,1.167358433034121762e-01,-9.686525226512386899e-01,2.192390935732977109e-01,0.000000000000000000e+00,-2.854291725809717239e-01,-2.441594356420098699e-01,-9.267774044649110810e-01,0.000000000000000000e+00,4.871269644954954736e-01,3.397846381832449192e-02,2.763294085076554718e-01,1.000000000000000000e+00
9.438064370112915213e-01,4.897024501612710218e-02,-3.268211612798654908e-01,0.000000000000000000e+00,1.215761137684225751e-01,-9.710467509724940438e-01,2.055923220549323027e-01,0.000000000000000000e+00,-3.072966368379137503e-01,-2.337775045826236131e-01,-9.224515463368408996e-01,0.000000000000000000e+00,4.814753031491050272e-01,2.884127941461217537e-02,2.800529303931693637e-01,1.000000000000000000e+00
9.356802953437011183e-01,5.071384835067895697e-02,-3.491578975079853153e-01,0.000000000000000000e+00,1.240955520268116480e-01,-9.736786536964598948e-01,1.911306364877655151e-01,0.000000000000000000e+00,-3.302809803913969722e-01,-2.221703899023417250e-01,-9.173629553466496889e-01,0.000000000000000000e+00,4.757133114607159374e-01,2.373184312059356191e-02,2.835122749684823029e-01,1.000000000000000000e+00
9.267105511781934535e-01,5.346246917085815259e-02,-3.719275004975737819e-01,0.000000000000000000e+00,1.266323402749162941e-01,-9.763491644830039062e-01,1.751779275794946300e-01,0.000000000000000000e+00,-3.537724710227591052e-01,-2.094413160164032006e-01,-9.115807007016814012e-01,0.000000000000000000e+00,4.697782257978911913e-01,1.897156990854533681e-02,2.866834269287381054e-01,1.000000000000000000e+00
9.069120718367621459e-01,6.031388092915716120e-02,-4.169574038498695123e-01,0.000000000000000000e+00,1.293472907315086073e-01,-9.817525589571444167e-01,1.393267320463866532e-01,0.000000000000000000e+00,-4.009533818739145494e-01,-1.802928769574295431e-01,-8.981819771528950502e-01,0.000000000000000000e+00,4.575296633065705221e-01,1.061366513542359204e-02,2.926402281899870839e-01,1.000000000000000000e+00
8.849788178096512636e-01,7.952195828276867329e-02,-4.587695468100665974e-01,0.000000000000000000e+00,1.374544514045893395e-01,-9.860048244729369138e-01,9.424174662199576169e-02,0.000000000000000000e+00,-4.448632632289747368e-01,-1.464646857908253330e-01,-8.835410419700165940e-01,0.000000000000000000e+00,4.460790862809742574e-01,3.646419846000122089e-03,2.973328331021395932e-01,1.000000000000000000e+00
8.647702980391992478e-01,1.068438334829798081e-01,-4.906500522542150966e-01,0.000000000000000000e+00,1.488513247593961641e-01,-9.877196329647039974e-01,4.726475086839799361e-02,0.000000000000000000e+00,-4.795839758329141223e-01,-1.139092560726803621e-01,-8.700711991011215174e-01,0.000000000000000000e+00,4.371904400147036962e-01,-3.496038863955308693e-03,3.011736102666756620e-01,1.000000000000000000e+00
8.547128248479743950e-01,1.254190341058082636e-01,-5.037030869724448134e-01,0.000000000000000000e+00,1.579784043676360494e-01,-9.871817740750670200e-01,2.226467131280072606e-02,0.000000000000000000e+00,-4.944636133906086251e-01,-9.860600853825882139e-02,-8.635870483702586808e-01,0.000000000000000000e+00,4.336309571103885152e-01,-7.245292325880976249e-03,3.027509966696650401e-01,1.000000000000000000e+00
8.439273333816409428e-01,1.475362811271878072e-01,-5.157523132509637120e-01,0.000000000000000000e+00,1.699178400047297033e-01,-9.854409101090376710e-01,-3.858397699421610861e-03,0.000000000000000000e+00,-5.088224790180094770e-01,-8.438093635795163028e-02,-8.567260603164366106e-01,0.000000000000000000e+00,4.303793340003644330e-01,-1.138650594687222461e-02,3.041836648276043387e-01,1.000000000000000000e+00
8.324165331556946379e-01,1.726593192970309054e-01,-5.265474543572962185e-01,0.000000000000000000e+00,1.840308695056138144e-01,-9.824150916851760451e-01,-3.120855010126206627e-02,0.000000000000000000e+00,-5.226866760039607929e-01,-7.092383828489752517e-02,-8.495695662456773656e-01,0.000000000000000000e+00,4.273267560628054018e-01,-1.567834638784553619e-02,3.055440304877587443e-01,1.000000000000000000e+00
8.061452950388039440e-01,2.321903736077502167e-01,-5.442408847118169746e-01,0.000000000000000000e+00,2.177379296177526791e-01,-9.716500520129892626e-01,-9.201694045195091265e-02,0.000000000000000000e+00,-5.501877245382273962e-01,-4.432371321010832727e-02,-8.338638235435781310e-01,0.000000000000000000e+00,4.216511401210282783e-01,-2.490243876827529998e-02,3.081110931008677611e-01,1.000000000000000000e+00
7.770392779307099262e-01,3.006450849847849827e-01,-5.529947923160040135e-01,0.000000000000000000e+00,2.526579159777143091e-01,-9.536411967225492115e-01,-1.634417092072604494e-01,0.000000000000000000e+00,-5.765076616392108555e-01,-1.271812893031256525e-02,-8.169927571697324087e-01,0.000000000000000000e+00,4.170013058111795567e-01,-3.461894577463227318e-02,3.109618029977517240e-01,1.000000000000000000e+00
7.625410461385958572e-01,3.322433057769808018e-01,-5.550912408077142146e-01,0.000000000000000000e+00,2.661081438856356951e-01,-9.431749990007550766e-01,-1.989676454071763745e-01,0.000000000000000000e+00,-5.896652016292670551e-01,4.006773840818812077e-03,-8.076378493798469504e-01,0.000000000000000000e+00,4.150033117353275069e-01,-3.935417291957084979e-02,3.127836827306271217e-01,1.000000000000000000e+00
7.475284879240740032e-01,3.623188546969978718e-01,-5.566928723939368329e-01,0.000000000000000000e+00,2.776083160434132391e-01,-9.318259657547525165e-01,-2.336979659945110088e-01,0.000000000000000000e+00,-6.034256706454669272e-01,2.015370431341710969e-02,-7.971645301997045685e-01,0.000000000000000000e+00,4.129546734745604408e-01,-4.356055185089290072e-02,3.146539225778120508e-01,1.000000000000000000e+00
7.296879782692087257e-01,3.942989114980268162e-01,-5.586273978799054518e-01,0.000000000000000000e+00,2.878925484742687058e-01,-9.181987444891787087e-01,-2.720472257765094715e-01,0.000000000000000000e+00,-6.202108413509218598e-01,3.768565051296526164e-02,-7.835293893761716699e-01,0.000000000000000000e+00,4.104557068973010425e-01,-4.858698113445804323e-02,3.170648891509433853e-01,1.000000000000000000e+00
6.910309331999484606e-01,4.497663923195375779e-01,-5.658331808951153619e-01,0.000000000000000000e+00,3.007599550187008419e-01,-8.907471317779092068e-01,-3.407253198513212622e-01,0.000000000000000000e+00,-6.572737353847047936e-01,6.527303041570922670e-02,-7.508199972521955035e-01,0.000000000000000000e+00,4.048772272147406759e-01,-5.879459868450261778e-02,3.226323459884788969e-01,1.000000000000000000e+00
6.450621570496188895e-01,5.117393814105923866e-01,-5.674489985515924761e-01,0.000000000000000000e+00,3.116100491060351807e-01,-8.542311593963524130e-01,-4.161358558376170858e-01,0.000000000000000000e+00,-6.976991542508791388e-01,9.161244631194973009e-02,-7.105090075701698815e-01,0.000000000000000000e+00,3.995710437838414508e-01,-6.946977881585764125e-02,3.287203865633446243e-01,1.000000000000000000e+00
6.226839569116177087e-01,5.423263479176361201e-01,-5.640279860613460761e-01,0.000000000000000000e+00,3.158446038533881395e-01,-8.337079546001673336e-01,-4.529392669600526000e-01,0.000000000000000000e+00,-7.158893001628129360e-01,1.038948194687860788e-01,-6.904407117196568189e-01,0.000000000000000000e+00,3.977003134337745438e-01,-7.412463813311855054e-02,3.316711562874648522e-01,1.000000000000000000e+00
5.984481761910906972e-01,5.762092823293730737e-01,-5.566178134700996427e-01,0.000000000000000000e+00,3.197223617466712353e-01,-8.088155683922285677e-01,-4.935339244942493764e-01,0.000000000000000000e+00,-7.345941248303454740e-01,1.173935752791889497e-01,-6.682740607325022841e-01,0.000000000000000000e+00,3.963907100230228409e-01,-7.931050688184289321e-02,3.349840984655077514e-01,1.000000000000000000e+00
5.778661139798150215e-01,6.055113675395162876e-01,-5.471814004473293247e-01,0.000000000000000000e+00,3.226676830986887623e-01,-7.853440359490654332e-01,-5.283001593641302174e-01,0.000000000000000000e+00,-7.496318341272462105e-01,1.287314838696078656e-01,-6.492151556485337149e-01,0.000000000000000000e+00,3.961374519619171308e-01,-8.410533246320522904e-02,3.379014585090218681e-01,1.000000000000000000e+00
5.207989699692189278e-01,6.846111580394362850e-01,-5.099575884993877706e-01,0.000000000000000000e+00,3.233298064981901532e-01,-7.110522058350832175e-01,-6.243743618279931074e-01,0.000000000000000000e+00,-7.900753344844932968e-01,1.602921222234811871e-01,-5.916818413575900548e-01,0.000000000000000000e+00,3.985868699753050692e-01,-9.888794288006758082e-02,3.460092139841141057e-01,1.000000000000000000e+00
4.998192042755811304e-01,7.105781283920449276e-01,-4.952173597415497897e-01,0.000000000000000000e+00,3.196307001549587579e-01,-6.827302792497920159e-01,-6.570360174413272247e-01,0.000000000000000000e+00,-8.049908084328756264e-01,1.701158232515905533e-01,-5.683752325867296173e-01,0.000000000000000000e+00,3.992907501123192926e-01,-1.035367704344689888e-01,3.491203820002640179e-01,1.000000000000000000e+00
4.754233270956025326e-01,7.393924703320685632e-01,-4.767097458315669445e-01,0.000000000000000000e+00,3.141173493005625650e-01,-6.488187331142435399e-01,-6.930694693388425032e-01,0.000000000000000000e+00,-8.217643819106614789e-01,1.797620522516504837e-01,-5.407299743802477243e-01,0.000000000000000000e+00,3.994508194349297159e-01,-1.078027173899353541e-01,3.526781777196326129e-01,1.000000000000000000e+00
4.489490415905433296e-01,7.676379870646982129e-01,-4.573373216471613989e-01,0.000000000000000000e+00,3.053688970840878203e-01,-6.128103581633528307e-01,-7.288306034481257800e-01,0.000000000000000000e+00,-8.397552731133679504e-01,1.875548184045566225e-01,-5.095431987295349074e-01,0.000000000000000000e+00,3.991927753904683795e-01,-1.123605158376727309e-01,3.565030002025833533e-01,1.000000000000000000e+00
3.646713006637073429e-01,8.425552273836078854e-01,-3.963537286086822875e-01,0.000000000000000000e+00,2.588020657751827214e-01,-5.006119312709804703e-01,-8.260689631748945327e-01,0.000000000000000000e+00,-8.944453494922885994e-01,1.986703045162857006e-01,-4.006215506872090049e-01,0.000000000000000000e+00,3.974182238213928575e-01,-1.261327623813886523e-01,3.689532419107822148e-01,1.000000000000000000e+00
3.363095471529686797e-01,8.646790586967059156e-01,-3.731042224986898526e-01,0.000000000000000000e+00,2.405355791492232997e-01,-4.619105520759776984e-01,-8.536755964331074198e-01,0.000000000000000000e+00,-9.105137187629550599e-01,1.973582127673834397e-01,-3.633380021381172886e-01,0.000000000000000000e+00,3.969958362564177667e-01,-1.311445908777606195e-01,3.729885061255073797e-01,1.000000000000000000e+00
3.098692105939704344e-01,8.852130198541500183e-01,-3.469289966373150791e-01,0.000000000000000000e+00,2.246806718030678607e-01,-4.227322110006266898e-01,-8.779503519002952450e-01,0.000000000000000000e+00,-9.238489310511333041e-01,1.941052795797305608e-01,-3.298883038771656118e-01,0.000000000000000000e+00,3.972700191840904949e-01,-1.361450782323147535e-01,3.764983484689914950e-01,1.000000000000000000e+00
2.709858748457176780e-01,9.161482807607538303e-01,-2.953298667497484264e-01,0.000000000000000000e+00,2.366590541998110364e-01,-3.608038956535916109e-01,-9.021051977722173154e-01,0.000000000000000000e+00,-9.330362562697402939e-01,1.745686402664987369e-01,-3.145936018447498816e-01,0.000000000000000000e+00,4.043674369049319317e-01,-1.476765463494081332e-01,3.757941034040688799e-01,1.000000000000000000e+00
2.354300697015432597e-01,9.391941609545820802e-01,-2.499355061017805857e-01,0.000000000000000000e+00,2.891157305895799556e-01,-3.132021747695712399e-01,-9.045978327115717921e-01,0.000000000000000000e+00,-9.278912113392490113e-01,1.407119535013995337e-01,-3.452796635499996714e-01,0.000000000000000000e+00,4.154348895329695313e-01,-1.603897948578777433e-01,3.701397967449487347e-01,1.000000000000000000e+00
2.144949771440987918e-01,9.486490980829804798e-01,-2.324597607920745046e-01,0.000000000000000000e+00,3.093889078720856167e-01,-2.917353430999240493e-01,-9.050689145989360140e-01,0.000000000000000000e+00,-9.264273742065838313e-01,1.222146176451742450e-01,-3.560841298830071944e-01,0.000000000000000000e+00,4.194922167099767729e-01,-1.665072549127503132e-01,3.690703860912988854e-01,1.000000000000000000e+00
1.918526269678596796e-01,9.567344895691529683e-01,-2.187062708190871396e-01,0.000000000000000000e+00,3.209677315776229833e-01,-2.717581730270453022e-01,-9.072529733101599714e-01,0.000000000000000000e+00,-9.274532832670329130e-01,1.038632103160009729e-01,-3.592253344351633570e-01,0.000000000000000000e+00,4.218602258674670757e-01,-1.724112226864839836e-01,3.696894142636387715e-01,1.000000000000000000e+00
1.437922095750374107e-01,9.714930325962972679e-01,-1.884299206166227258e-01,0.000000000000000000e+00,3.377270091373365535e-01,-2.271522491031688629e-01,-9.134128693683539746e-01,0.000000000000000000e+00,-9.301944278667602095e-01,6.770508475159824069e-02,-3.607691060282318118e-01,0.000000000000000000e+00,4.242412162071199089e-01,-1.837175028936702537e-01,3.732428413467230865e-01,1.000000000000000000e+00
9.633978188140043808e-02,9.833204357627909342e-01,-1.542086701178873032e-01,0.000000000000000000e+00,3.505299352715870453e-01,-1.785223173885388537e-01,-9.193689648742398024e-01,0.000000000000000000e+00,-9.315819161564377060e-01,3.451771496274884388e-02,-3.618890173023356360e-01,0.000000000000000000e+00,4.253154387202544018e-01,-1.935614121604832816e-01,3.779905208941318762e-01,1.000000000000000000e+00
7.516486221777299304e-02,9.877459508646491138e-01,-1.367074501974263057e-01,0.000000000000000000e+00,3.554939546237579351e-01,-1.546308676192466869e-01,-9.217885277581234771e-01,0.000000000000000000e+00,-9.316500146303864360e-01,2.068783389055931649e-02,-3.627675064943347016e-01,0.000000000000000000e+00,4.258596650795865579e-01,-1.973477500165877196e-01,3.805062922036131501e-01,1.000000000000000000e+00
4.368946454630425608e-02,9.935956839438691013e-01,-1.041133729978079847e-01,0.000000000000000000e+00,3.622527390833803485e-01,-1.128762072940867334e-01,-9.252095231647257112e-01,0.000000000000000000e+00,-9.310540373081844789e-01,2.706606227099891699e-03,-3.648712840096646759e-01,0.000000000000000000e+00,4.269594545829588639e-01,-2.021078120076706397e-01,3.843792338075567305e-01,1.000000000000000000e+00
3.235250701743515311e-02,9.955221823191406916e-01,-8.871102919835147094e-02,0.000000000000000000e+00,3.644060313096371684e-01,-9.439697079489833831e-02,-9.264330537880843819e-01,0.000000000000000000e+00,-9.306766263211512236e-01,-2.354447540112830292e-03,-3.658353096630520551e-01,0.000000000000000000e+00,4.273230173583162927e-01,-2.037559431830273660e-01,3.856856025814339728e-01,1.000000000000000000e+00
2.459549315986616150e-02,9.969266268860014213e-01,-7.425031463320905245e-02,0.000000000000000000e+00,3.662692890112013155e-01,-7.809463832406901562e-02,-9.272156072313872954e-01,0.000000000000000000e+00,-9.301823880733831595e-01,-4.390369352397625706e-03,-3.670714502314877392e-01,0.000000000000000000e+00,4.275131089919265159e-01,-2.049835168594599244e-01,3.865789688854088801e-01,1.000000000000000000e+00
2.126527908064365299e-02,9.980869223768673582e-01,-5.788808329098480560e-02,0.000000000000000000e+00,3.686162559089515844e-01,-6.164929758653126673e-02,-9.275247527090380029e-01,0.000000000000000000e+00,-9.293369781498994620e-01,-1.614446887011016137e-03,-3.692291627220991024e-01,0.000000000000000000e+00,4.272951306846557995e-01,-2.065816999506241425e-01,3.872223743888935088e-01,1.000000000000000000e+00
2.550122245177002464e-02,9.980012346915627663e-01,-5.765388199236746308e-02,0.000000000000000000e+00,3.658193358008566820e-01,-6.298876390871342712e-02,-9.285415316918680384e-01,0.000000000000000000e+00,-9.303350536848152830e-01,2.588089167329211265e-03,-3.667014994238960712e-01,0.000000000000000000e+00,4.262717561254278920e-01,-2.081965081346812130e-01,3.869679058670560945e-01,1.000000000000000000e+00
2.760021629484303921e-02,9.979552342011137611e-01,-5.748326271434571477e-02,0.000000000000000000e+00,3.640840474545463112e-01,-6.359125666991061188e-02,-9.291822777934722888e-01,0.000000000000000000e+00,-9.309556743459697081e-01,4.716983711056037948e-03,-3.651017426248613362e-01,0.000000000000000000e+00,4.257890837132290440e-01,-2.091911778387108567e-01,3.863734779626997740e-01,1.000000000000000000e+00
2.960772513205942036e-02,9.979298940175311827e-01,-5.692149101940006950e-02,0.000000000000000000e+00,3.619206920570382513e-01,-6.378546033394986992e-02,-9.300137496898359668e-01,0.000000000000000000e+00,-9.317372249992328381e-01,6.934659560878441049e-03,-3.630670104092406092e-01,0.000000000000000000e+00,4.253310794200569900e-01,-2.101712213481801705e-01,3.855067055667938392e-01,1.000000000000000000e+00
3.079612525532622602e-02,9.980210401905302842e-01,-5.464749680889798011e-02,0.000000000000000000e+00,3.594678132741501164e-01,-6.207426303199418960e-02,-9.310802457308092750e-01,0.000000000000000000e+00,-9.326478347969736626e-01,9.029821543531603781e-03,-3.606750318103669195e-01,0.000000000000000000e+00,4.249822104721192595e-01,-2.110830167251497858e-01,3.843895755409905690e-01,1.000000000000000000e+00
2.726303639604778922e-02,9.989728893072228333e-01,-3.592548088550850949e-02,0.000000000000000000e+00,3.545276851261659479e-01,-4.326554965933073621e-02,-9.340337036707864193e-01,0.000000000000000000e+00,-9.346466781884497088e-01,1.272826234142054869e-02,-3.553499377924025926e-01,0.000000000000000000e+00,4.245242273962653856e-01,-2.126308971137388093e-01,3.817224068149534522e-01,1.000000000000000000e+00
2.246067058036988265e-02,9.996083620581823759e-01,-1.610551711825246313e-02,0.000000000000000000e+00,3.492192636237447800e-01,-2.293952485908441058e-02,-9.367499298182719869e-01,0.000000000000000000e+00,-9.367705516500386409e-01,1.541597156674059596e-02,-3.496044641905132200e-01,0.000000000000000000e+00,4.242010139335434249e-01,-2.136417500125460944e-01,3.792146989099530741e-01,1.000000000000000000e+00
2.134607783052398094e-02,9.997078802234288242e-01,-1.045208503793688785e-02,0.000000000000000000e+00,3.467410311254239264e-01,-1.720847771546449648e-02,-9.377927663028770011e-01,0.000000000000000000e+00,-9.377167369149443932e-01,1.639434627690735877e-02,-3.470137558076651918e-01,0.000000000000000000e+00,4.239956840767160617e-01,-2.141635726386831584e-01,3.783098456220648220e-01,1.000000000000000000e+00
2.088988827873509979e-02,9.997503871434796352e-01,-6.597186928762217850e-03,0.000000000000000000e+00,3.448183192472399905e-01,-1.339843983563001294e-02,-9.385635596072797737e-01,0.000000000000000000e+00,-9.384357418843377596e-01,1.733199068868137432e-02,-3.450187827535770579e-01,0.000000000000000000e+00,4.237555794246256613e-01,-2.147435548021172369e-01,3.776552114935788906e-01,1.000000000000000000e+00
2.274175169519931233e-02,9.997111381524927953e-01,-6.418713647591152080e-03,0.000000000000000000e+00,3.428756683733707455e-01,-1.383048540568659543e-02,-9.392687265166268507e-01,0.000000000000000000e+00,-9.391042622095415737e-01,1.916016431402846679e-02,-3.430977598343246115e-01,0.000000000000000000e+00,4.233053774896792243e-01,-2.156584186121608127e-01,3.771469871802781704e-01,1.000000000000000000e+00
2.433668781204212719e-02,9.996663881950494934e-01,-7.455524167483497389e-03,0.000000000000000000e+00,3.428494721184581762e-01,-1.535157785052591005e-02,-9.392546595182811320e-01,0.000000000000000000e+00,-9.390738472172378559e-01,2.030261578778178727e-02,-3.431153060776938601e-01,0.000000000000000000e+00,4.230161558858295257e-01,-2.163214461315156323e-01,3.773029561201598492e-01,1.000000000000000000e+00
2.453170376946049031e-02,9.996599205309636416e-01,-7.680214541474599844e-03,0.000000000000000000e+00,3.432421109433569928e-01,-1.563817152555292689e-02,-9.391065156667234293e-01,0.000000000000000000e+00,-9.389253265559296402e-01,2.040210260228956032e-02,-3.435156260801628392e-01,0.000000000000000000e+00,4.230436281316736213e-01,-2.164194468718402820e-01,3.774410691218042513e-01,1.000000000000000000e+00
2.450963171478994992e-02,9.996592860396855684e-01,-7.831774322566160962e-03,0.000000000000000000e+00,3.438328934760858657e-01,-1.578575420381643502e-02,-9.388879050394076664e-01,0.000000000000000000e+00,-9.387097163583320025e-01,2.031936635837480049e-02,-3.441092730009672196e-01,0.000000000000000000e+00,4.231456636397341597e-01,-2.164385867587550749e-01,3.776172000888347036e-01,1.000000000000000000e+00
2.451923528664337951e-02,9.996575724553437015e-01,-8.018218932890210093e-03,0.000000000000000000e+00,3.444622459484386612e-01,-1.597775487352044027e-02,-9.386539401539673033e-01,0.000000000000000000e+00,-9.384787009497336241e-01,2.025349305174286088e-02,-3.447426922835401530e-01,0.000000000000000000e+00,4.232515032928552690e-01,-2.164722414253741622e-01,3.778041556570820858e-01,1.000000000000000000e+00
2.449857896500853838e-02,9.996545666102452099e-01,-8.444760812873397873e-03,0.000000000000000000e+00,3.457194285942838952e-01,-1.639804182603884011e-02,-9.381843783702230599e-01,0.000000000000000000e+00,-9.380168354320085333e-01,2.006505250883652836e-02,-3.460083960165384886e-01,0.000000000000000000e+00,4.233861708481697628e-01,-2.164823398577080948e-01,3.782809696536551525e-01,1.000000000000000000e+00
2.426452949305507936e-02,9.996572488408161927e-01,-8.795700637213655151e-03,0.000000000000000000e+00,3.467546230298836907e-01,-1.666813687134113472e-02,-9.377975002748994982e-01,0.000000000000000000e+00,-9.376407295262975117e-01,1.970564463991587856e-02,-3.470468987078230150e-01,0.000000000000000000e+00,4.233603683851979160e-01,-2.162865962084717930e-01,3.789877227439918950e-01,1.000000000000000000e+00
2.374229541507006519e-02,9.996688809890824645e-01,-8.898240931068822704e-03,0.000000000000000000e+00,3.476357382192585277e-01,-1.660102280617442236e-02,-9.374724243708443261e-01,0.000000000000000000e+00,-9.373277757938232035e-01,1.916476966917331215e-02,-3.479214743716341762e-01,0.000000000000000000e+00,4.234347844651376591e-01,-2.160501858368029660e-01,3.794160642045714682e-01,1.000000000000000000e+00
2.312026721403342283e-02,9.996825845979852021e-01,-8.996121200377798707e-03,0.000000000000000000e+00,3.484958125265139595e-01,-1.649331098575244903e-02,-9.371549424963946384e-01,0.000000000000000000e+00,-9.370238915217488085e-01,1.853251893257401237e-02,-3.487732393109475582e-01,0.000000000000000000e+00,4.235374093056180067e-01,-2.157757864402895520e-01,3.798156764865148194e-01,1.000000000000000000e+00
