9.995988961643115234e-01,2.178460506229515370e-02,1.755632850508053247e-02,0.000000000000000000e+00,2.515665002226523395e-02,-9.744337913675519269e-01,-2.232188972778153813e-01,0.000000000000000000e+00,1.224497998187093484e-02,2.235753262516410045e-01,-9.746097341791307711e-01,0.000000000000000000e+00,6.228189188379485985e-01,2.974388776003318857e-01,3.026303191484302699e-02,1.000000000000000000e+00
9.995985804281953824e-01,2.179121494123849312e-02,1.756609969600181689e-02,0.000000000000000000e+00,2.516528131350606948e-02,-9.744335186477193211e-01,-2.232191148926215285e-01,0.000000000000000000e+00,1.225301653261137540e-02,2.235758707398604606e-01,-9.746095082692168843e-01,0.000000000000000000e+00,6.228214953598312231e-01,2.974414388477219506e-01,3.026809126413051304e-02,1.000000000000000000e+00
9.995985274173613266e-01,2.178933916884061295e-02,1.757144230951110386e-02,0.000000000000000000e+00,2.516466594866397996e-02,-9.744331986835661485e-01,-2.232205810229294096e-01,0.000000000000000000e+00,1.225860380187623715e-02,2.235774481144192083e-01,-9.746090761569341510e-01,0.000000000000000000e+00,6.228222247908775655e-01,2.974436256172185988e-01,3.027255630301739150e-02,1.000000000000000000e+00
9.995987354847328810e-01,2.178327707524583406e-02,1.756712151703386515e-02,0.000000000000000000e+00,2.515781179516722588e-02,-9.744329827452157256e-01,-2.232222962545393485e-01,0.000000000000000000e+00,1.225570544971358276e-02,2.235789799931338639e-01,-9.746087611904377113e-01,0.000000000000000000e+00,6.228227358341978936e-01,2.974402037360717177e-01,3.027005132023765852e-02,1.000000000000000000e+00
9.995985033499592554e-01,2.179324523031186261e-02,1.756796698712955254e-02,0.000000000000000000e+00,2.516770661895413597e-02,-9.744329357574291750e-01,-2.232213859734515082e-01,0.000000000000000000e+00,1.225432317508330995e-02,2.235782133472184463e-01,-9.746089544427477547e-01,0.000000000000000000e+00,6.228204219134477748e-01,2.974442487334583163e-01,3.027031186915656036e-02,1.000000000000000000e+00
9.995986712400836138e-01,2.178909301755169864e-02,1.756356403866425955e-02,0.000000000000000000e+00,2.516267593730417071e-02,-9.744330362134355772e-01,-2.232215145920039279e-01,0.000000000000000000e+00,1.225095855687616080e-02,2.235781802213665792e-01,-9.746090043414025184e-01,0.000000000000000000e+00,6.228199384090953306e-01,2.974435471948556620e-01,3.026758110430011542e-02,1.000000000000000000e+00
9.995986726929381172e-01,2.179044576674587369e-02,1.756180301140047861e-02,0.000000000000000000e+00,2.516358845378381670e-02,-9.744332379718072534e-01,-2.232205309847556107e-01,0.000000000000000000e+00,1.224896552911801731e-02,2.235771690269826306e-01,-9.746092613623914547e-01,0.000000000000000000e+00,6.228197452110146859e-01,2.974430438913118757e-01,3.026585500551988092e-02,1.000000000000000000e+00
9.995985397454798527e-01,2.179866495128943496e-02,1.755916986233571619e-02,0.000000000000000000e+00,2.517103678306913117e-02,-9.744325914109299713e-01,-2.232225136599211013e-01,0.000000000000000000e+00,1.224451035189065215e-02,2.235791857954094186e-01,-9.746088546926423568e-01,0.000000000000000000e+00,6.228152683482539587e-01,2.974489028873216756e-01,3.026663424576419778e-02,1.000000000000000000e+00
9.995983483870980457e-01,2.181765846561918923e-02,1.754646921951748956e-02,0.000000000000000000e+00,2.518676567263746988e-02,-9.744312029547249621e-01,-2.232268004617000978e-01,0.000000000000000000e+00,1.222777643892387564e-02,2.235833845388565666e-01,-9.746081015677580117e-01,0.000000000000000000e+00,6.228059343651263235e-01,2.974591141922318105e-01,3.026086571895372085e-02,1.000000000000000000e+00
9.995980075980598345e-01,2.181186993438330446e-02,1.757305998290033255e-02,0.000000000000000000e+00,2.518716398787630012e-02,-9.744294703235855115e-01,-2.232343186796160173e-01,0.000000000000000000e+00,1.225478554976858030e-02,2.235915005524617971e-01,-9.746059004088921673e-01,0.000000000000000000e+00,6.228156379774417717e-01,2.974601787240379047e-01,3.027806417676154327e-02,1.000000000000000000e+00
9.995981680076014841e-01,2.180333660044268818e-02,1.757452503320731246e-02,0.000000000000000000e+00,2.517912871995734575e-02,-9.744304873691846947e-01,-2.232307856536935309e-01,0.000000000000000000e+00,1.225821304278809469e-02,2.235879003702672674e-01,-9.746066832425338555e-01,0.000000000000000000e+00,6.228190446865113916e-01,2.974538155230469494e-01,3.027802621697671046e-02,1.000000000000000000e+00
9.995983854565836380e-01,2.178753907653546359e-02,1.758174720520966697e-02,0.000000000000000000e+00,2.516526947028427039e-02,-9.744322033046664000e-01,-2.232248581061473391e-01,0.000000000000000000e+00,1.226893656332407774e-02,2.235819618084561033e-01,-9.746079106745888510e-01,0.000000000000000000e+00,6.228258787174845157e-01,2.974432804027068999e-01,3.028086107495454871e-02,1.000000000000000000e+00
9.996026934611274006e-01,2.178723161032454850e-02,1.733547418521019096e-02,0.000000000000000000e+00,2.510883580348004587e-02,-9.744533371914592124e-01,-2.231389408019820164e-01,0.000000000000000000e+00,1.203126252612527966e-02,2.234898626890215179e-01,-9.746319972160106815e-01,0.000000000000000000e+00,6.227469451594618288e-01,2.973960929720928514e-01,3.014473007839732488e-02,1.000000000000000000e+00
9.996057610184149178e-01,2.175040202566241518e-02,1.720434397836396664e-02,0.000000000000000000e+00,2.504280180557052690e-02,-9.744703742048432815e-01,-2.230719497740758506e-01,0.000000000000000000e+00,1.191344829710771699e-02,2.234191526032387187e-01,-9.746496560301668444e-01,0.000000000000000000e+00,6.227149540053218413e-01,2.973418855246669490e-01,3.007243867558456393e-02,1.000000000000000000e+00
9.996051528453537838e-01,2.170488677495657423e-02,1.729691291274885676e-02,0.000000000000000000e+00,2.501893870062348729e-02,-9.744743012022804018e-01,-2.230574721990495057e-01,0.000000000000000000e+00,1.201419125563046170e-02,2.234064502611609604e-01,-9.746513310872665370e-01,0.000000000000000000e+00,6.227586528755884032e-01,2.973148780714995332e-01,3.011987958424708692e-02,1.000000000000000000e+00
9.996009897373190345e-01,2.153639626101459467e-02,1.774237451610026148e-02,0.000000000000000000e+00,2.494580503758832973e-02,-9.746263288637929678e-01,-2.224004784116266342e-01,0.000000000000000000e+00,1.250272122436826491e-02,2.227586249477105929e-01,-9.747934534932982675e-01,0.000000000000000000e+00,6.230435938804169682e-01,2.969891901674162615e-01,3.063167934694721248e-02,1.000000000000000000e+00
9.995959351355340194e-01,2.156536454785907067e-02,1.799023106142486061e-02,0.000000000000000000e+00,2.500717336450424336e-02,-9.750086008462696130e-01,-2.207116137798957323e-01,0.000000000000000000e+00,1.278114968172877446e-02,2.210765732077126788e-01,-9.751726980343267126e-01,0.000000000000000000e+00,6.233668367353975004e-01,2.963616776461380775e-01,3.159229440527720756e-02,1.000000000000000000e+00
9.996165286250662252e-01,2.132868356912651434e-02,1.710642738821302467e-02,0.000000000000000000e+00,2.447579931855022387e-02,-9.769058599749103067e-01,-2.122183377929606207e-01,0.000000000000000000e+00,1.218526598855851177e-02,2.125597440527436932e-01,-9.770720927859007920e-01,0.000000000000000000e+00,6.243227301503939675e-01,2.929749870998128447e-01,3.466410252000987763e-02,1.000000000000000000e+00
9.997273608029852987e-01,2.052147858883187140e-02,1.023815801957157767e-02,0.000000000000000000e+00,2.210468188843246057e-02,-9.811812394209179500e-01,-1.917694067056862350e-01,0.000000000000000000e+00,6.110214441889034141e-03,1.919471296518261427e-01,-9.813862464381182260e-01,0.000000000000000000e+00,6.251658890829976389e-01,2.850901035979370723e-01,3.841229011216953926e-02,1.000000000000000000e+00
9.997820711002136651e-01,2.019806146057570931e-02,2.931811898797018028e-03,0.000000000000000000e+00,2.039888900831245133e-02,-9.842055214899000370e-01,-1.757956873681167653e-01,0.000000000000000000e+00,-6.652394471203777011e-04,1.758205672036483036e-01,-9.844220058514872029e-01,0.000000000000000000e+00,6.251352850598970168e-01,2.793367630779169941e-01,4.060921481194975508e-02,1.000000000000000000e+00
9.997648452102766425e-01,2.006870447262017534e-02,-6.946098449534345021e-03,0.000000000000000000e+00,1.873332537062182349e-02,-9.874643723340680301e-01,-1.566650018116742538e-01,0.000000000000000000e+00,-1.000328096235753896e-02,1.565010508939985723e-01,-9.876271338106613618e-01,0.000000000000000000e+00,6.246102546360476904e-01,2.728309239091447624e-01,4.306169015980491205e-02,1.000000000000000000e+00
9.996348522353134536e-01,2.015129177633817603e-02,-1.745951137449134119e-02,0.000000000000000000e+00,1.759802302670336605e-02,-9.905792539221535131e-01,-1.357342925932484567e-01,0.000000000000000000e+00,-2.003063673711827017e-02,1.353800831226282253e-01,-9.905912409695615262e-01,0.000000000000000000e+00,6.238894853118170936e-01,2.660814891378132652e-01,4.650748051914810333e-02,1.000000000000000000e+00
9.990148334186126355e-01,2.042381856482967245e-02,-3.915325204910516388e-02,0.000000000000000000e+00,1.671553031800042041e-02,-9.955344683893784241e-01,-9.280334151351578298e-02,0.000000000000000000e+00,-4.087459753636754622e-02,9.205921981639425544e-02,-9.949142512413000627e-01,0.000000000000000000e+00,6.219181303697246532e-01,2.531656199404679342e-01,5.617848224886875380e-02,1.000000000000000000e+00
9.979402649589164120e-01,2.109415235058150970e-02,-6.042359813471968877e-02,0.000000000000000000e+00,1.820707101817386001e-02,-9.986746886077012553e-01,-4.793866707010484979e-02,0.000000000000000000e+00,-6.135592489009188827e-02,4.674068927841360660e-02,-9.970209418295384873e-01,0.000000000000000000e+00,6.190844895876637111e-01,2.410885403054552623e-01,6.952784248729608485e-02,1.000000000000000000e+00
9.972123627941706925e-01,2.133194959232151758e-02,-7.136664709979124999e-02,0.000000000000000000e+00,1.969256117955336949e-02,-9.995179619665786053e-01,-2.359647519386941922e-02,0.000000000000000000e+00,-7.183698756558187792e-02,2.212573070637947545e-02,-9.971709478611032740e-01,0.000000000000000000e+00,6.170828899154733316e-01,2.349304229754295148e-01,7.714615130579460800e-02,1.000000000000000000e+00
9.954010706109228668e-01,2.040247570210912062e-02,-9.349435551444718051e-02,0.000000000000000000e+00,2.310387784018247057e-02,-9.993339789598039147e-01,2.790262042031845663e-02,0.000000000000000000e+00,-9.286459170254252049e-02,-2.993495674846724172e-02,-9.952286500962417293e-01,0.000000000000000000e+00,6.119207637168624370e-01,2.220333860111209645e-01,9.402140852647779268e-02,1.000000000000000000e+00
9.943878290483355586e-01,1.931342156204759325e-02,-1.039258586171534909e-01,0.000000000000000000e+00,2.503632085454171596e-02,-9.982148385704150417e-01,5.404688332472960821e-02,0.000000000000000000e+00,-1.026984812050527884e-01,-5.634656896358816724e-02,-9.931153438167226177e-01,0.000000000000000000e+00,6.089256141638076381e-01,2.155579268296751727e-01,1.031160653672893862e-01,1.000000000000000000e+00
9.932401339476297775e-01,1.804061674672294280e-02,-1.145832420744880842e-01,0.000000000000000000e+00,2.734342987469907602e-02,-9.963986764516967742e-01,8.014213192324348700e-02,0.000000000000000000e+00,-1.127269476023304573e-01,-8.273507359731586963e-02,-9.901755111499718209e-01,0.000000000000000000e+00,6.054754987986663561e-01,2.090986202859755339e-01,1.125410979021856106e-01,1.000000000000000000e+00
9.919123025839213792e-01,1.633190996245794877e-02,-1.257934799615998134e-01,0.000000000000000000e+00,2.974639411071275732e-02,-9.939635320870996438e-01,1.055101692708126787e-01,0.000000000000000000e+00,-1.233133232350994007e-01,-1.084008244307087115e-01,-9.864294630511897255e-01,0.000000000000000000e+00,6.015792873741803160e-01,2.026664273946024719e-01,1.223267550322344466e-01,1.000000000000000000e+00
9.885549576040472131e-01,7.324161134178995211e-03,-1.506193857421712079e-01,0.000000000000000000e+00,3.081108807879625808e-02,-9.875494103341003749e-01,1.541998245828434810e-01,0.000000000000000000e+00,-1.476175433076033772e-01,-1.570787724666450058e-01,-9.764913313226081248e-01,0.000000000000000000e+00,5.923756527218950740e-01,1.894847578833151747e-01,1.424225477401979412e-01,1.000000000000000000e+00
9.836381172048253019e-01,-4.152868670329136480e-03,-1.800543111529455398e-01,0.000000000000000000e+00,3.179374002421461731e-02,-9.800198484726636572e-01,1.962931521885016017e-01,0.000000000000000000e+00,-1.772753915155094728e-01,-1.988098543036994070e-01,-9.638714008594531091e-01,0.000000000000000000e+00,5.818240034615077549e-01,1.760413234568517227e-01,1.634243917255628342e-01,1.000000000000000000e+00
9.801424629247683651e-01,-4.043737974262403764e-03,-1.982048118895532174e-01,0.000000000000000000e+00,3.880611940347860472e-02,-9.765274344235984616e-01,2.118230436381175197e-01,0.000000000000000000e+00,-1.944127363779203366e-01,-2.153124647243695733e-01,-9.569975080784517418e-01,0.000000000000000000e+00,5.762138925239753684e-01,1.697911306482334237e-01,1.730845776789553814e-01,1.000000000000000000e+00
9.679569465438436771e-01,9.676218769954812032e-03,-2.508913456639001449e-01,0.000000000000000000e+00,7.046637993303375702e-02,-9.695558292935069211e-01,2.344711711134688792e-01,0.000000000000000000e+00,-2.409890121460437629e-01,-2.446421138478014068e-01,-9.391882304186703889e-01,0.000000000000000000e+00,5.618913737962805133e-01,1.557183159928018368e-01,1.956206269644769347e-01,1.000000000000000000e+00
9.511384102975398713e-01,2.068871551203238165e-02,-3.080396864177392668e-01,0.000000000000000000e+00,9.956406848325491388e-02,-9.649902036956612417e-01,2.426141997898645652e-01,0.000000000000000000e+00,-2.922415301390208220e-01,-2.614344021601700541e-01,-9.199168122331270459e-01,0.000000000000000000e+00,5.470485258649077087e-01,1.420450834788727912e-01,2.178734370560853617e-01,1.000000000000000000e+00
9.416161717854765190e-01,2.286474881466330974e-02,-3.358823234332442564e-01,0.000000000000000000e+00,1.101723681810176519e-01,-9.636745120451705171e-01,2.432575405308062266e-01,0.000000000000000000e+00,-3.181253364761514324e-01,-2.660653076570045350e-01,-9.099480877244143784e-01,0.000000000000000000e+00,5.397362856482198490e-01,1.352363756739783651e-01,2.291954237429785213e-01,1.000000000000000000e+00
9.312493361774459855e-01,2.479652145039166339e-02,-3.635114211331392231e-01,0.000000000000000000e+00,1.198619601336388674e-01,-9.629911767067508288e-01,2.413749179162525127e-01,0.000000000000000000e+00,-3.440796574532852814e-01,-2.683565902433219241e-01,-8.997743771634130194e-01,0.000000000000000000e+00,5.324151520093240997e-01,1.286087504749073018e-01,2.405113319407064243e-01,1.000000000000000000e+00
9.072453082683380465e-01,3.368395441830031312e-02,-4.192279675081830304e-01,0.000000000000000000e+00,1.418155902933331824e-01,-9.629035069546183490e-01,2.295341402612225412e-01,0.000000000000000000e+00,-3.959520859137103943e-01,-2.677019876118623687e-01,-8.783835104834561980e-01,0.000000000000000000e+00,5.178639762105337052e-01,1.154557973010695016e-01,2.625417417149306099e-01,1.000000000000000000e+00
8.939398328519974068e-01,4.151934964451337029e-02,-4.462381267292697129e-01,0.000000000000000000e+00,1.541073118144039023e-01,-9.634503806534463477e-01,2.190777199198399861e-01,0.000000000000000000e+00,-4.208404310891162847e-01,-2.646159531431693246e-01,-8.676818131682020319e-01,0.000000000000000000e+00,5.107594660874807957e-01,1.088740740581257832e-01,2.731073493836417287e-01,1.000000000000000000e+00
8.651908530697638433e-01,6.259164308750875261e-02,-4.975015787725990402e-01,0.000000000000000000e+00,1.804229929745219951e-01,-9.645752280189128225e-01,1.924134090950682940e-01,0.000000000000000000e+00,-4.678432347890380538e-01,-2.562399788223524433e-01,-8.458509212120358667e-01,0.000000000000000000e+00,4.969905636315132824e-01,9.515470923570851225e-02,2.931882868434650402e-01,1.000000000000000000e+00
8.300869446568833743e-01,9.274682252670793381e-02,-5.498494686026418332e-01,0.000000000000000000e+00,2.112759545951554130e-01,-9.648536738551694025e-01,1.562069331345331269e-01,0.000000000000000000e+00,-5.160465186383061953e-01,-2.458400404051137023e-01,-8.205234092546636049e-01,0.000000000000000000e+00,4.829971510821304825e-01,7.979242985306327085e-02,3.118161269160627524e-01,1.000000000000000000e+00
8.099282733832341430e-01,1.098512008359349562e-01,-5.761333635110579277e-01,0.000000000000000000e+00,2.274189150794501679e-01,-9.642646529798875044e-01,1.358494128764312081e-01,0.000000000000000000e+00,-5.406322255444413472e-01,-2.410565459673870981e-01,-8.059829640563981323e-01,0.000000000000000000e+00,4.760063397008736930e-01,7.116777941972408927e-02,3.211617888501220874e-01,1.000000000000000000e+00
7.881717839144136706e-01,1.277611704659764313e-01,-6.020324486799220054e-01,0.000000000000000000e+00,2.427504195865931858e-01,-9.634339935868215798e-01,1.133486686868858812e-01,0.000000000000000000e+00,-5.655478562671018006e-01,-2.354863857677111094e-01,-7.903807844259286286e-01,0.000000000000000000e+00,4.691548946968085443e-01,6.227403393659906167e-02,3.303386077610301896e-01,1.000000000000000000e+00
7.661145595598363167e-01,1.469036636743391577e-01,-6.256744697769783814e-01,0.000000000000000000e+00,2.573975432995710966e-01,-9.621637438022673239e-01,8.926467227833587148e-02,0.000000000000000000e+00,-5.888993209845444499e-01,-2.294384539138461521e-01,-7.749552152283165629e-01,0.000000000000000000e+00,4.627799777902855127e-01,5.310194132656666233e-02,3.397350543109698418e-01,1.000000000000000000e+00
7.220476012440335545e-01,1.937753827209156010e-01,-6.641378693391214449e-01,0.000000000000000000e+00,2.867267904173378401e-01,-9.574552633495942988e-01,3.237148810820036221e-02,0.000000000000000000e+00,-6.296216232584287420e-01,-2.138039913968098338e-01,-7.469032499515676493e-01,0.000000000000000000e+00,4.523916381787033703e-01,3.456990814385180188e-02,3.573299777515245856e-01,1.000000000000000000e+00
6.781413086248244682e-01,2.513103308791053148e-01,-6.906143859139146635e-01,0.000000000000000000e+00,3.178248464312901644e-01,-9.475741379262505593e-01,-3.273174339166989855e-02,0.000000000000000000e+00,-6.626469146403667354e-01,-1.973014625136802480e-01,-7.224757431274529962e-01,0.000000000000000000e+00,4.448130423923574717e-01,1.561172424774908210e-02,3.728677308814568603e-01,1.000000000000000000e+00
6.544286033068659192e-01,2.837237389028475776e-01,-7.008600359972180227e-01,0.000000000000000000e+00,3.323776331460756572e-01,-9.405065117008388764e-01,-7.038009188499996793e-02,0.000000000000000000e+00,-6.791450061061024002e-01,-1.868950530074385830e-01,-7.098114537273180202e-01,0.000000000000000000e+00,4.412965207729512285e-01,5.970310784545177461e-03,3.797013095705984997e-01,1.000000000000000000e+00
6.286056795517099838e-01,3.170356069823092593e-01,-7.101577785548082167e-01,0.000000000000000000e+00,3.450982048344850561e-01,-9.320156247363595714e-01,-1.106112614904899843e-01,0.000000000000000000e+00,-6.969592726925922799e-01,-1.755466871509190063e-01,-6.952921205063021803e-01,0.000000000000000000e+00,4.373980322737659465e-01,-3.370572661030440086e-03,3.857375110794676321e-01,1.000000000000000000e+00
6.010877891549234464e-01,3.506166485267616650e-01,-7.181519215360463448e-01,0.000000000000000000e+00,3.547736175689956695e-01,-9.222824647676390875e-01,-1.533345439238816554e-01,0.000000000000000000e+00,-7.161143555862863330e-01,-1.626169640396580574e-01,-6.787753330298340604e-01,0.000000000000000000e+00,4.331362200309730737e-01,-1.283620159276728338e-02,3.911956415644594620e-01,1.000000000000000000e+00
5.406765829332502715e-01,4.224306653200866624e-01,-7.274626537259911707e-01,0.000000000000000000e+00,3.676667581738252144e-01,-8.964613491635694542e-01,-2.473033588348344525e-01,0.000000000000000000e+00,-7.566252418143328828e-01,-1.337552757887680854e-01,-6.400216946698548126e-01,0.000000000000000000e+00,4.233372635939048334e-01,-3.121878347365774492e-02,4.004225884922008039e-01,1.000000000000000000e+00
4.820972317186854594e-01,4.999043903943636291e-01,-7.194849592137616545e-01,0.000000000000000000e+00,3.743602334863428416e-01,-8.600180570370350441e-01,-3.467046351802961501e-01,0.000000000000000000e+00,-7.921044764528342164e-01,-1.022031802046435567e-01,-6.017682347377919516e-01,0.000000000000000000e+00,4.139480366561503755e-01,-4.893896756956082894e-02,4.079003321905960711e-01,1.000000000000000000e+00
4.548211177945599704e-01,5.405106922643065914e-01,-7.077900036432240860e-01,0.000000000000000000e+00,3.764172879336479816e-01,-8.369449906004006179e-01,-3.972579199396542027e-01,0.000000000000000000e+00,-8.071189908019631432e-01,-8.574475325043916241e-02,-5.841290713334181817e-01,0.000000000000000000e+00,4.095837565478921971e-01,-5.771187301759949512e-02,4.109894207390850651e-01,1.000000000000000000e+00
4.291596640318476319e-01,5.808079189647352703e-01,-6.917115662883868143e-01,0.000000000000000000e+00,3.772779093497367620e-01,-8.110866421286063721e-01,-4.469682147294614660e-01,0.000000000000000000e+00,-8.206564904432523955e-01,-6.914809605122855529e-02,-5.672225890299623652e-01,0.000000000000000000e+00,4.053106609759021817e-01,-6.606056234719955012e-02,4.136789293393505762e-01,1.000000000000000000e+00
3.675402701544276951e-01,6.786244859876583435e-01,-6.358959849959782140e-01,0.000000000000000000e+00,3.664174702873052025e-01,-7.341153354719870405e-01,-5.716586906488103637e-01,0.000000000000000000e+00,-8.547790365977754323e-01,-2.289624941464230012e-02,-5.184867986320591537e-01,0.000000000000000000e+00,3.924789753614545962e-01,-8.847284668390917317e-02,4.190885513916337013e-01,1.000000000000000000e+00
3.502822369327377450e-01,7.014019560329194380e-01,-6.207402012628150390e-01,0.000000000000000000e+00,3.594522824994004218e-01,-7.126495422415065617e-01,-6.024163290035809970e-01,0.000000000000000000e+00,-8.649228642354805929e-01,-1.211097606869227308e-02,-5.017586702602716553e-01,0.000000000000000000e+00,3.882328742764421525e-01,-9.538846619206184374e-02,4.204231341187183446e-01,1.000000000000000000e+00
3.148832088904793824e-01,7.446759782409654305e-01,-5.884615527720604700e-01,0.000000000000000000e+00,3.477207286577758127e-01,-6.674061404231459438e-01,-6.585135423728154525e-01,0.000000000000000000e+00,-8.831390732382358166e-01,2.734630053304246914e-03,-4.691032925895761707e-01,0.000000000000000000e+00,3.806142063926394314e-01,-1.085657390089925650e-01,4.225861875259816491e-01,1.000000000000000000e+00
2.957971547997325645e-01,7.691608819740602954e-01,-5.664594670004881038e-01,0.000000000000000000e+00,3.456380382218025016e-01,-6.389964402214722838e-01,-6.871671141867010668e-01,0.000000000000000000e+00,-8.905247919162722070e-01,7.472282206740082748e-03,-4.548733449885833391e-01,0.000000000000000000e+00,3.774696200109527444e-01,-1.147634470107636445e-01,4.232724207620456869e-01,1.000000000000000000e+00
2.759770824823276070e-01,7.947046311639689442e-01,-5.406125655701049526e-01,0.000000000000000000e+00,3.475378963655562647e-01,-6.069081468982473471e-01,-7.147451704765466207e-01,0.000000000000000000e+00,-8.961307207331482561e-01,9.370113483151264883e-03,-4.436912578940465646e-01,0.000000000000000000e+00,3.751751396136056571e-01,-1.207202756259362492e-01,4.233149672699025867e-01,1.000000000000000000e+00
2.337234721000419901e-01,8.450379670343497462e-01,-4.809001141205543339e-01,0.000000000000000000e+00,3.610494761452645029e-01,-5.346654323767136008e-01,-7.640398537366096532e-01,0.000000000000000000e+00,-9.027807335077332462e-01,4.945408371140522057e-03,-4.300726568189164323e-01,0.000000000000000000e+00,3.728262749359126937e-01,-1.333849118327300187e-01,4.214253200432219737e-01,1.000000000000000000e+00
1.837974987279192840e-01,8.862882893053364297e-01,-4.250791627482924384e-01,0.000000000000000000e+00,3.708091289686752390e-01,-4.630124665676953466e-01,-8.050470747587369358e-01,0.000000000000000000e+00,-9.103382731615108359e-01,-9.657781324761976691e-03,-4.137522878211085664e-01,0.000000000000000000e+00,3.711355456452625212e-01,-1.467189125741502065e-01,4.188717342250684594e-01,1.000000000000000000e+00
1.581050643677689715e-01,9.026164167398755822e-01,-4.003337854267849383e-01,0.000000000000000000e+00,3.724299184410203578e-01,-4.300009055395932478e-01,-8.224207706438066978e-01,0.000000000000000000e+00,-9.144919861071234557e-01,-1.906775728906809006e-02,-4.041544605442501381e-01,0.000000000000000000e+00,3.704671171254981799e-01,-1.533254735827729587e-01,4.174336355096473494e-01,1.000000000000000000e+00
1.331146514527469238e-01,9.171941930803374499e-01,-3.755210362277067171e-01,0.000000000000000000e+00,3.723136190362663633e-01,-3.974193053838587786e-01,-8.387020994903598980e-01,0.000000000000000000e+00,-9.185096889092693173e-01,-2.816860070869234983e-02,-3.943938150046367164e-01,0.000000000000000000e+00,3.699503490451959142e-01,-1.595022400277873176e-01,4.158910356404719177e-01,1.000000000000000000e+00
1.095789869477327011e-01,9.305802303002138620e-01,-3.492758615981324533e-01,0.000000000000000000e+00,3.706128564129854142e-01,-3.643041851843357160e-01,-8.543473053856922572e-01,0.000000000000000000e+00,-9.222991274824660080e-01,-3.582830232314521135e-02,-3.848124896592146071e-01,0.000000000000000000e+00,3.696716833327172713e-01,-1.649917511716577079e-01,4.140187969156649550e-01,1.000000000000000000e+00
6.976896688947108183e-02,9.545066266492369111e-01,-2.898795229799413509e-01,0.000000000000000000e+00,3.637767570757304281e-01,-2.949216473156096585e-01,-8.835544351409937436e-01,0.000000000000000000e+00,-9.288681933788009992e-01,-4.380759611388114483e-02,-3.678107853936931071e-01,0.000000000000000000e+00,3.700879211919900214e-01,-1.735626825245603355e-01,4.091217298849961215e-01,1.000000000000000000e+00
3.787277673347584639e-02,9.716435879345214355e-01,-2.333562463475844506e-01,0.000000000000000000e+00,3.547237615229520968e-01,-2.313875527887142569e-01,-9.058761506556324283e-01,0.000000000000000000e+00,-9.342024703101320382e-01,-4.846989347297788603e-02,-3.534351622195577858e-01,0.000000000000000000e+00,3.715176843044575294e-01,-1.809825444941561279e-01,4.036806184515933094e-01,1.000000000000000000e+00
2.363172235356579901e-02,9.780260352308233207e-01,-2.070926435450775038e-01,0.000000000000000000e+00,3.498038150199165308e-01,-2.021450164533727945e-01,-9.147433685038584006e-01,0.000000000000000000e+00,-9.365236067698308187e-01,-5.082581401979754249e-02,-3.469009521348307423e-01,0.000000000000000000e+00,3.724842637571963433e-01,-1.845739129468480233e-01,4.012783821055146416e-01,1.000000000000000000e+00
9.725299031891471851e-03,9.834838893361440570e-01,-1.806809477399314579e-01,0.000000000000000000e+00,3.449093828158852904e-01,-1.728996789019621450e-01,-9.225638002774506630e-01,0.000000000000000000e+00,-9.385843829633865321e-01,-5.334737244010448465e-02,-3.409008857585671404e-01,0.000000000000000000e+00,3.736318310054094205e-01,-1.881060572760057670e-01,3.989709532030675243e-01,1.000000000000000000e+00
-3.265557940655852785e-03,9.878082204302207625e-01,-1.555795702623751220e-01,0.000000000000000000e+00,3.404722302967657654e-01,-1.451865858943685306e-01,-9.289673097446926597e-01,0.000000000000000000e+00,-9.402477144001956111e-01,-5.600519812440212658e-02,-3.358536189298171326e-01,0.000000000000000000e+00,3.748405888860464330e-01,-1.914307112873087080e-01,3.969671373268990888e-01,1.000000000000000000e+00
-3.102303163927256843e-02,9.933914349706527425e-01,-1.104163725905910470e-01,0.000000000000000000e+00,3.357864738759421819e-01,-9.369053957176230740e-02,-9.372567810679853784e-01,0.000000000000000000e+00,-9.414259535735595152e-01,-6.615414485584812654e-02,-3.306672089223630651e-01,0.000000000000000000e+00,3.797054634580634969e-01,-2.015185678225307198e-01,3.906441969915132040e-01,1.000000000000000000e+00
-3.757452762149373487e-02,9.940988928074547815e-01,-1.016675616616355554e-01,0.000000000000000000e+00,3.385080524213550102e-01,-8.306184761581233977e-02,-9.372799874198517456e-01,0.000000000000000000e+00,-9.402117952494485342e-01,-6.963448174844519278e-02,-3.333958893349384667e-01,0.000000000000000000e+00,3.817860423781568313e-01,-2.045481865816413114e-01,3.879500012354772376e-01,1.000000000000000000e+00
-4.755808424751388486e-02,9.955482681170002568e-01,-8.125651588122489999e-02,0.000000000000000000e+00,3.471746854253993098e-01,-5.980173071730492118e-02,-9.358815297377112152e-01,0.000000000000000000e+00,-9.365925486836900182e-01,-7.272033806863953398e-02,-3.427917008642016872e-01,0.000000000000000000e+00,3.862833938749133389e-01,-2.083558092674385187e-01,3.814129018983931085e-01,1.000000000000000000e+00
-5.100934687445753124e-02,9.959603456424811485e-01,-7.376844406898384887e-02,0.000000000000000000e+00,3.502430965359952242e-01,-5.133295814582514854e-02,-9.352408500691598014e-01,0.000000000000000000e+00,-9.352675595444446266e-01,-7.354432916593869884e-02,-3.462164405560637648e-01,0.000000000000000000e+00,3.881882806332802027e-01,-2.093795215074197580e-01,3.787409461668726496e-01,1.000000000000000000e+00
-5.348237145838345002e-02,9.963976472368362147e-01,-6.566666905891509198e-02,0.000000000000000000e+00,3.491695166024751384e-01,-4.294854221030160180e-02,-9.360645374645981676e-01,0.000000000000000000e+00,-9.355308023664102857e-01,-7.299315573833610460e-02,-3.456213492234233020e-01,0.000000000000000000e+00,3.901950256061155198e-01,-2.102154445197912114e-01,3.754017249878868756e-01,1.000000000000000000e+00
-5.330588101029646447e-02,9.964743774447951674e-01,-6.463779890228497915e-02,0.000000000000000000e+00,3.476302593839272204e-01,-4.216239153218883512e-02,-9.366729858398599173e-01,0.000000000000000000e+00,-9.361139377133518291e-01,-7.240162748283278382e-02,-3.441637690934941096e-01,0.000000000000000000e+00,3.905032001792448360e-01,-2.104270718637159809e-01,3.743495829608555203e-01,1.000000000000000000e+00
-5.451496768600568033e-02,9.967253851940854892e-01,-5.955981622792252267e-02,0.000000000000000000e+00,3.448357750587227044e-01,-3.718515659691942754e-02,-9.379159340099307851e-01,0.000000000000000000e+00,-9.370774033428598271e-01,-7.167019209934089030e-02,-3.416860016281712542e-01,0.000000000000000000e+00,3.905790344075247833e-01,-2.104684910255576191e-01,3.729933756630584019e-01,1.000000000000000000e+00
-5.585056600546007416e-02,9.968916678367555351e-01,-5.539371603106317543e-02,0.000000000000000000e+00,3.436536327190978790e-01,-3.289655181177193050e-02,-9.385098531710101000e-01,0.000000000000000000e+00,-9.374329635477970379e-01,-7.145393395483662369e-02,-3.407547126253317460e-01,0.000000000000000000e+00,3.906061492778558630e-01,-2.104417380877981192e-01,3.724816550775518209e-01,1.000000000000000000e+00
-5.635451824588917635e-02,9.969661810801234703e-01,-5.351026964047421453e-02,0.000000000000000000e+00,3.424274564315865077e-01,-3.104411503139247949e-02,-9.390210045067787226e-01,0.000000000000000000e+00,-9.378514203292719342e-01,-7.124283350301797990e-02,-3.396456566199961280e-01,0.000000000000000000e+00,3.905866381525074371e-01,-2.104279304919546290e-01,3.719624879410608487e-01,1.000000000000000000e+00
-5.607700284553195774e-02,9.970858927022141494e-01,-5.153483508558955734e-02,0.000000000000000000e+00,3.381726593661885105e-01,-2.959663397545453378e-02,-9.406083343324844748e-01,0.000000000000000000e+00,-9.394106449380146273e-01,-7.017551956799668311e-02,-3.355339574923899004e-01,0.000000000000000000e+00,3.900119190480813014e-01,-2.099803756940559207e-01,3.712214668058614886e-01,1.000000000000000000e+00
-5.574038431095620222e-02,9.970915136792957156e-01,-5.179063435415761502e-02,0.000000000000000000e+00,3.365703531485094713e-01,-3.007057854383991466e-02,-9.411678408173191901e-01,0.000000000000000000e+00,-9.400059393922129969e-01,-6.989359491092210497e-02,-3.339217263039212513e-01,0.000000000000000000e+00,3.896817640839960184e-01,-2.098562998477937480e-01,3.712518549010092039e-01,1.000000000000000000e+00
-5.571962146711384456e-02,9.970882638572201584e-01,-5.187547361677014024e-02,0.000000000000000000e+00,3.367694463735510513e-01,-3.014281482436710624e-02,-9.410943085604779323e-01,0.000000000000000000e+00,-9.399358597215997646e-01,-6.990883912991670279e-02,-3.341157491363203613e-01,0.000000000000000000e+00,3.896910184034613200e-01,-2.098600488333304814e-01,3.713351630453420871e-01,1.000000000000000000e+00
-5.573401154868899005e-02,9.970883592111599025e-01,-5.185817952354139504e-02,0.000000000000000000e+00,3.367685405959812694e-01,-3.012173134880848091e-02,-9.410953077486953200e-01,0.000000000000000000e+00,-9.399353310841016551e-01,-6.991656629714841642e-02,-3.341156194149512704e-01,0.000000000000000000e+00,3.896984730541557251e-01,-2.098602506995662365e-01,3.713193360186025083e-01,1.000000000000000000e+00
-5.574747869140566497e-02,9.970891087498691130e-01,-5.182928451320843732e-02,0.000000000000000000e+00,3.367077532280636221e-01,-3.009446239046407665e-02,-9.411179305223903446e-01,0.000000000000000000e+00,-9.399563100982970543e-01,-6.991761984859935775e-02,-3.340563747948851470e-01,0.000000000000000000e+00,3.896987875206052721e-01,-2.098562515677634688e-01,3.712903688265175028e-01,1.000000000000000000e+00
-5.574401322694893385e-02,9.970878900202162498e-01,-5.185645056881212078e-02,0.000000000000000000e+00,3.367610677671405983e-01,-3.011729980429566148e-02,-9.410981236778883652e-01,0.000000000000000000e+00,-9.399374154164543693e-01,-6.992516619445696135e-02,-3.341079559557256218e-01,0.000000000000000000e+00,3.897010816522220034e-01,-2.098563964274600679e-01,3.713145784528931181e-01,1.000000000000000000e+00
-5.573348805680982537e-02,9.970860054923992299e-01,-5.190397731812914500e-02,0.000000000000000000e+00,3.368589015677452836e-01,-3.015840981573094867e-02,-9.410617926858823035e-01,0.000000000000000000e+00,-9.399029812546622065e-01,-6.993431942212162411e-02,-3.342028976468678914e-01,0.000000000000000000e+00,3.897048351001134447e-01,-2.098589747687436280e-01,3.713584660247846725e-01,1.000000000000000000e+00
-5.574045386565127519e-02,9.970848323122650791e-01,-5.191903193321165816e-02,0.000000000000000000e+00,3.368997815556382669e-01,-3.016723860546553088e-02,-9.410468754551456483e-01,0.000000000000000000e+00,-9.398879155905608407e-01,-6.994723716466944019e-02,-3.342425618317635405e-01,0.000000000000000000e+00,3.897110912266949501e-01,-2.098571636476998237e-01,3.713723738202422409e-01,1.000000000000000000e+00
-5.574756409107604199e-02,9.970849255384192089e-01,-5.190960665584821304e-02,0.000000000000000000e+00,3.368837715610295547e-01,-3.015714814438041208e-02,-9.410529303794884504e-01,0.000000000000000000e+00,-9.398932325704405510e-01,-6.995025937915143321e-02,-3.342269776380673574e-01,0.000000000000000000e+00,3.897130934107903011e-01,-2.098544615483060871e-01,3.713634592287489156e-01,1.000000000000000000e+00
-5.573763827209132771e-02,9.970847204760522331e-01,-5.192420220138585507e-02,0.000000000000000000e+00,3.369084804038103842e-01,-3.017241593182416748e-02,-9.410435951910200991e-01,0.000000000000000000e+00,-9.398849643906382889e-01,-6.994659825564088218e-02,-3.342509941718537214e-01,0.000000000000000000e+00,3.897123473004036054e-01,-2.098578379121613935e-01,3.713752271231817170e-01,1.000000000000000000e+00
-5.573885734178261886e-02,9.970847516770321439e-01,-5.192229440801001544e-02,0.000000000000000000e+00,3.369158740163620269e-01,-3.016965595417533952e-02,-9.410410366166853668e-01,0.000000000000000000e+00,-9.398822417171378563e-01,-6.994734399727450813e-02,-3.342584939421801016e-01,0.000000000000000000e+00,3.897135570699318263e-01,-2.098572287883836429e-01,3.713784335150349114e-01,1.000000000000000000e+00
-5.573811940738838261e-02,9.970846547597095322e-01,-5.192494765376997473e-02,0.000000000000000000e+00,3.369158433544930387e-01,-3.017241003629154983e-02,-9.410409592948337787e-01,0.000000000000000000e+00,-9.398822964716643247e-01,-6.994753759317813568e-02,-3.342582994688412246e-01,0.000000000000000000e+00,3.897137791943300344e-01,-2.098575495441260264e-01,3.713777398256932760e-01,1.000000000000000000e+00
-5.574574174731973530e-02,9.970840736722470510e-01,-5.192792319558547920e-02,0.000000000000000000e+00,3.369257918565924381e-01,-3.017191942795450707e-02,-9.410374131569102518e-01,0.000000000000000000e+00,-9.398782780725436492e-01,-6.995603212094936296e-02,-3.342678207325424089e-01,0.000000000000000000e+00,3.897146263666075860e-01,-2.098552194456360098e-01,3.713832624507354963e-01,1.000000000000000000e+00
-5.574064268750556633e-02,9.970843890990325198e-01,-5.192734028429778909e-02,0.000000000000000000e+00,3.369193914544579282e-01,-3.017355717941924698e-02,-9.410396521987296481e-01,0.000000000000000000e+00,-9.398808749211170488e-01,-6.995082966665232271e-02,-3.342616077063924052e-01,0.000000000000000000e+00,3.897132000524863860e-01,-2.098567824774107415e-01,3.713813806422655017e-01,1.000000000000000000e+00
-5.573712667566709661e-02,9.970846729294214894e-01,-5.192566437107695720e-02,0.000000000000000000e+00,3.369147485016566468e-01,-3.017350115776786315e-02,-9.410413162933686237e-01,0.000000000000000000e+00,-9.398827478188606088e-01,-6.994680789844537339e-02,-3.342571830451608328e-01,0.000000000000000000e+00,3.897126344012926680e-01,-2.098581974311337639e-01,3.713779508760784998e-01,1.000000000000000000e+00
-5.574297446452926297e-02,9.970845138982229461e-01,-5.192244065334153391e-02,0.000000000000000000e+00,3.369183734612908876e-01,-3.016822604791125073e-02,-9.410401875916504233e-01,0.000000000000000000e+00,-9.398811015538030000e-01,-6.995135017833704894e-02,-3.342608615291914886e-01,0.000000000000000000e+00,3.897135449156528542e-01,-2.098561392033336248e-01,3.713796056521069811e-01,1.000000000000000000e+00
-5.573887458376412113e-02,9.970844056450238746e-01,-5.192892046685692459e-02,0.000000000000000000e+00,3.369193394896160543e-01,-3.017564587752944241e-02,-9.410396038291710674e-01,0.000000000000000000e+00,-9.398809984089627756e-01,-6.994969278863731599e-02,-3.342614983939171114e-01,0.000000000000000000e+00,3.897139648382169086e-01,-2.098570333205471150e-01,3.713799015206156184e-01,1.000000000000000000e+00
-5.574444809023731268e-02,9.970843723766115163e-01,-5.192357625069347199e-02,0.000000000000000000e+00,3.369169545564419943e-01,-3.016890879622152397e-02,-9.410406737095190488e-01,0.000000000000000000e+00,-9.398815227946113460e-01,-6.995307297989002138e-02,-3.342593165342627182e-01,0.000000000000000000e+00,3.897139153017316615e-01,-2.098554141663397932e-01,3.713791040681371225e-01,1.000000000000000000e+00
-5.573688287694938959e-02,9.970846878437583660e-01,-5.192563967718197282e-02,0.000000000000000000e+00,3.369181560906628348e-01,-3.017330608740463604e-02,-9.410401025447491241e-01,0.000000000000000000e+00,-9.398815407462098870e-01,-6.994667944224282341e-02,-3.342606040195805761e-01,0.000000000000000000e+00,3.897133594369090459e-01,-2.098579397614632747e-01,3.713788977686157677e-01,1.000000000000000000e+00
-5.574018950420384783e-02,9.970845562790339178e-01,-5.192461656176103335e-02,0.000000000000000000e+00,3.369206546005816816e-01,-3.017104465759376519e-02,-9.410392805133022121e-01,0.000000000000000000e+00,-9.398804489879970525e-01,-6.994953037380249872e-02,-3.342630772469572520e-01,0.000000000000000000e+00,3.897136679136417037e-01,-2.098569887328368688e-01,3.713805232507774168e-01,1.000000000000000000e+00
-5.573603884016472415e-02,9.970846026433219933e-01,-5.192818162832886497e-02,0.000000000000000000e+00,3.369210703135154250e-01,-3.017577158221337527e-02,-9.410389801115688346e-01,0.000000000000000000e+00,-9.398805461169235098e-01,-6.994683037249395385e-02,-3.342633691444447663e-01,0.000000000000000000e+00,3.897130821323001593e-01,-2.098583272365547869e-01,3.713804294983539256e-01,1.000000000000000000e+00
-5.573743395223825642e-02,9.970844089144451639e-01,-5.193040397840100603e-02,0.000000000000000000e+00,3.369157162406553052e-01,-3.017779920670799268e-02,-9.410408319973656566e-01,0.000000000000000000e+00,-9.398823826888007549e-01,-6.994871720042468433e-02,-3.342578101903344590e-01,0.000000000000000000e+00,3.897127609600315457e-01,-2.098571566570164304e-01,3.713791664159214467e-01,1.000000000000000000e+00
