9.996697069752173981e-01,1.960429318827767650e-02,1.602796137627266262e-02,0.000000000000000000e+00,2.266553341563763355e-02,-9.749678008325860512e-01,-2.211443145004274025e-01,0.000000000000000000e+00,1.129158567448172203e-02,2.214388177534704349e-01,-9.751088913987510098e-01,0.000000000000000000e+00,6.231067370298628560e-01,2.952615319539166894e-01,2.885478838733596119e-02,1.000000000000000000e+00
9.996697785005509429e-01,1.960676285996445709e-02,1.602047764647324124e-02,0.000000000000000000e+00,2.266622231066208262e-02,-9.749690050872210634e-01,-2.211389345787080352e-01,0.000000000000000000e+00,1.128386775203466669e-02,2.214332967331406055e-01,-9.751102344998986426e-01,0.000000000000000000e+00,6.231037857877204100e-01,2.952607593558728705e-01,2.884792868920758521e-02,1.000000000000000000e+00
9.996701907625081818e-01,1.959478410739109652e-02,1.600940466861311418e-02,0.000000000000000000e+00,2.265200858563994404e-02,-9.749708766596950626e-01,-2.211321393955887060e-01,0.000000000000000000e+00,1.127588386960128551e-02,2.214261162842059150e-01,-9.751119574029704085e-01,0.000000000000000000e+00,6.231039359156594903e-01,2.952516407113525698e-01,2.883900837412315885e-02,1.000000000000000000e+00
9.996707240870578159e-01,1.956956514596636804e-02,1.600694925536680358e-02,0.000000000000000000e+00,2.262668932647005082e-02,-9.749749860770247079e-01,-2.211166125722748843e-01,0.000000000000000000e+00,1.127943633690029791e-02,2.214102512991108773e-01,-9.751155187646162181e-01,0.000000000000000000e+00,6.231110810946355327e-01,2.952286558796803906e-01,2.883334624520907455e-02,1.000000000000000000e+00
9.996703944379533580e-01,1.959399293924860702e-02,1.599765064539237017e-02,0.000000000000000000e+00,2.264855385254617437e-02,-9.749725272753667626e-01,-2.211252155858323687e-01,0.000000000000000000e+00,1.126476084888156093e-02,2.214189181373283910e-01,-9.751137204725984775e-01,0.000000000000000000e+00,6.231005893725199973e-01,2.952452807208396646e-01,2.883162045120678599e-02,1.000000000000000000e+00
9.996703030283975444e-01,1.959416977923297484e-02,1.600314515908643487e-02,0.000000000000000000e+00,2.264997945562073969e-02,-9.749717814781748704e-01,-2.211283578674212713e-01,0.000000000000000000e+00,1.127000534047723108e-02,2.214221864898067160e-01,-9.751129177227112477e-01,0.000000000000000000e+00,6.231013822589058782e-01,2.952491695192597798e-01,2.883608807489962747e-02,1.000000000000000000e+00
9.996701983247734402e-01,1.958325541160240227e-02,1.602303310863517280e-02,0.000000000000000000e+00,2.264372297642219811e-02,-9.749722444956454570e-01,-2.211269571402331435e-01,0.000000000000000000e+00,1.129184427647983435e-02,2.214211132648527258e-01,-9.751129087717939070e-01,0.000000000000000000e+00,6.231120415550129854e-01,2.952419233364398932e-01,2.884598591360879039e-02,1.000000000000000000e+00
9.996705464437588562e-01,1.957890917125789526e-02,1.600661706010111235e-02,0.000000000000000000e+00,2.263573359739268209e-02,-9.749746850596895387e-01,-2.211170141768277753e-01,0.000000000000000000e+00,1.127703360809749478e-02,2.214107507527876550e-01,-9.751154331483472548e-01,0.000000000000000000e+00,6.231075048309545616e-01,2.952351758624011668e-01,2.883542877543791849e-02,1.000000000000000000e+00
9.996716513311030283e-01,1.952447631474810152e-02,1.600410106156692491e-02,0.000000000000000000e+00,2.258173741967041750e-02,-9.749828110843576923e-01,-2.210867027352864667e-01,0.000000000000000000e+00,1.128733866707031137e-02,2.213797718651608903e-01,-9.751223475004272556e-01,0.000000000000000000e+00,6.231240288487531753e-01,2.951943830978904226e-01,2.882651998792613510e-02,1.000000000000000000e+00
9.996721667141522660e-01,1.952010233437904280e-02,1.597722138220743215e-02,0.000000000000000000e+00,2.257140468451928131e-02,-9.749853095465542685e-01,-2.210767395276706515e-01,0.000000000000000000e+00,1.126233239049241608e-02,2.213691535854621084e-01,-9.751250472170130967e-01,0.000000000000000000e+00,6.231173891565230383e-01,2.951840977503873420e-01,2.880799639144243293e-02,1.000000000000000000e+00
9.996717965275743190e-01,1.950724734577440750e-02,1.601603663616596451e-02,0.000000000000000000e+00,2.256741476769438468e-02,-9.749863112024925726e-01,-2.210727293441397956e-01,0.000000000000000000e+00,1.130311368722232077e-02,2.213658750274744569e-01,-9.751253196355298414e-01,0.000000000000000000e+00,6.231335005771553304e-01,2.951785951697744048e-01,2.882953104110599907e-02,1.000000000000000000e+00
9.996718312644850002e-01,1.954978927923350582e-02,1.596190517002418069e-02,0.000000000000000000e+00,2.259703409850843600e-02,-9.749834028179599210e-01,-2.210825302475767917e-01,0.000000000000000000e+00,1.124069215662443222e-02,2.213749317420160845e-01,-9.751239851608910492e-01,0.000000000000000000e+00,6.231022799215500951e-01,2.952059953208263643e-01,2.880499149282264235e-02,1.000000000000000000e+00
9.996743833266586998e-01,1.948887413654420281e-02,1.587633479625826308e-02,0.000000000000000000e+00,2.251792408228073944e-02,-9.750001307824012198e-01,-2.210168205601855951e-01,0.000000000000000000e+00,1.117227460564719846e-02,2.213066167381246840e-01,-9.751402779436713075e-01,0.000000000000000000e+00,6.230918488221552920e-01,2.951492719179457103e-01,2.875713092468154541e-02,1.000000000000000000e+00
9.996791570465355381e-01,1.936102996056926137e-02,1.573150936186849466e-02,0.000000000000000000e+00,2.235953518163857207e-02,-9.750366198278430652e-01,-2.208718816018997166e-01,0.000000000000000000e+00,1.106270358716993606e-02,2.211570236101302878e-01,-9.751754649791238849e-01,0.000000000000000000e+00,6.230874184735292198e-01,2.950135705806008479e-01,2.865803864661428668e-02,1.000000000000000000e+00
9.996894978771063700e-01,1.906787050076427792e-02,1.542955119221357807e-02,0.000000000000000000e+00,2.200248205144540725e-02,-9.751329258908338904e-01,-2.204822317747295313e-01,0.000000000000000000e+00,1.084194549709349524e-02,2.207575102630258412e-01,-9.752684624657500523e-01,0.000000000000000000e+00,6.230759073897900180e-01,2.946705324493711364e-01,2.844051278483262016e-02,1.000000000000000000e+00
9.997873863702875230e-01,1.791453922070146421e-02,9.219449039263690610e-03,0.000000000000000000e+00,1.945382620188710471e-02,-9.774106285662298443e-01,-2.104061755583293281e-01,0.000000000000000000e+00,5.241958720132541827e-03,2.105448475376666684e-01,-9.775701453318412781e-01,0.000000000000000000e+00,6.226006302222056865e-01,2.902461857581998261e-01,2.659751979497828808e-02,1.000000000000000000e+00
9.998046731844033586e-01,1.771073044055309492e-02,7.595551796861966902e-03,0.000000000000000000e+00,1.889079464569744238e-02,-9.786327829230327957e-01,-2.046991963032153139e-01,0.000000000000000000e+00,3.807957020647771522e-03,2.048066422327775860e-01,-9.787950443073686335e-01,0.000000000000000000e+00,6.225523883405505998e-01,2.876926725823431008e-01,2.594699837125049105e-02,1.000000000000000000e+00
9.998059721179046733e-01,1.791378176205466258e-02,6.918196409573635144e-03,0.000000000000000000e+00,1.892933408162989634e-02,-9.799981397068122657e-01,-1.980557330238678637e-01,0.000000000000000000e+00,3.231954658537610717e-03,1.981520765820377061e-01,-9.801659599350057706e-01,0.000000000000000000e+00,6.226036445219073068e-01,2.847436004114257679e-01,2.546477286055117903e-02,1.000000000000000000e+00
9.997599525467241177e-01,1.985343459051747139e-02,8.162433457031496170e-03,0.000000000000000000e+00,2.100761692594380059e-02,-9.830722109359915084e-01,-1.819572889931111714e-01,0.000000000000000000e+00,4.411869312084940910e-03,1.820885896541376003e-01,-9.832722313413209125e-01,0.000000000000000000e+00,6.231943446524763619e-01,2.779590559714565368e-01,2.512520211782453411e-02,1.000000000000000000e+00
9.997081099583832176e-01,2.151055491308546952e-02,1.008651634492855990e-02,0.000000000000000000e+00,2.292539164973067187e-02,-9.848262699653443919e-01,-1.719662504826497962e-01,0.000000000000000000e+00,6.234496828099462228e-03,1.721506070168725699e-01,-9.850509121629310583e-01,0.000000000000000000e+00,6.237063312915036573e-01,2.741231439597567876e-01,2.532225455778427947e-02,1.000000000000000000e+00
9.996292335272903840e-01,2.182651680201138158e-02,1.567627325425166931e-02,0.000000000000000000e+00,2.391600356332473226e-02,-9.885986217192471726e-01,-1.485985760684549184e-01,0.000000000000000000e+00,1.225438875049166161e-02,1.489212617013283280e-01,-9.887731224955683684e-01,0.000000000000000000e+00,6.249516022993736319e-01,2.659389102445298136e-01,2.684778734715908416e-02,1.000000000000000000e+00
9.996878119845132860e-01,1.095387332050475580e-02,2.202358122792114417e-02,0.000000000000000000e+00,1.354549000378734575e-02,-9.925259867540480174e-01,-1.211999679029213961e-01,0.000000000000000000e+00,2.053176289530201509e-02,1.214627894599201174e-01,-9.923836140772509529e-01,0.000000000000000000e+00,6.263726422784975378e-01,2.568794484576745751e-01,2.952982073863083534e-02,1.000000000000000000e+00
9.996532418536985265e-01,5.186531503758016505e-03,2.544096781885058639e-02,0.000000000000000000e+00,7.824224275608158974e-03,-9.944632817366474420e-01,-1.047010491507634061e-01,0.000000000000000000e+00,2.475754971734403509e-02,1.048658180390017736e-01,-9.941781650886344357e-01,0.000000000000000000e+00,6.267960749686940503e-01,2.520861991839423166e-01,3.137855178788752364e-02,1.000000000000000000e+00
9.995933396023191086e-01,-1.286815813552692625e-03,2.814687245420038550e-02,0.000000000000000000e+00,1.172233946574974175e-03,-9.961827924422058667e-01,-8.717348685713909029e-02,0.000000000000000000e+00,2.815214823744169662e-02,8.717270991648316814e-02,-9.957953480487010678e-01,0.000000000000000000e+00,6.268841327373656513e-01,2.472921353846788961e-01,3.335029699807782327e-02,1.000000000000000000e+00
9.994414152020356656e-01,-1.448492239851123173e-02,2.979583030005416439e-02,0.000000000000000000e+00,-1.304083854816342342e-02,-9.987476734924004562e-01,-4.810164367967690452e-02,0.000000000000000000e+00,3.045585113740537087e-02,4.768713034544055929e-02,-9.983979060128848060e-01,0.000000000000000000e+00,6.256473249025311656e-01,2.375571792558282269e-01,3.807735140861735063e-02,1.000000000000000000e+00
9.993302291016704642e-01,-2.254801256442312551e-02,2.848556185518454770e-02,0.000000000000000000e+00,-2.176985594098095403e-02,-9.993795261734454982e-01,-2.733830533988421824e-02,0.000000000000000000e+00,2.908487173582117308e-02,2.670038242567322750e-02,-9.992202759223980379e-01,0.000000000000000000e+00,6.244451668623932639e-01,2.324605561662282105e-01,4.076485191334676406e-02,1.000000000000000000e+00
9.989255379615492592e-01,-4.006307113106604562e-02,2.287939774086444888e-02,0.000000000000000000e+00,-4.040071381338581485e-02,-9.990688407253126568e-01,1.449071138201075103e-02,0.000000000000000000e+00,2.227797989676936347e-02,-1.539978215659903137e-02,-9.996332018901975536e-01,0.000000000000000000e+00,6.211568475787101473e-01,2.225846901191955440e-01,4.725359586871663575e-02,1.000000000000000000e+00
9.987344361593656350e-01,-4.668205493884327456e-02,1.819501792604504009e-02,0.000000000000000000e+00,-4.732163225076987251e-02,-9.982041625761991499e-01,3.646724335455304999e-02,0.000000000000000000e+00,1.646029368584181474e-02,-3.728282748704921795e-02,-9.991691796219230870e-01,0.000000000000000000e+00,6.189754823717429355e-01,2.176215190190908533e-01,5.094155269284428994e-02,1.000000000000000000e+00
9.986259151829270930e-01,-5.051773026231519415e-02,1.322827862624435108e-02,0.000000000000000000e+00,-5.120103229122618255e-02,-9.970065571712896091e-01,5.776786434492216238e-02,0.000000000000000000e+00,1.027057688207905738e-02,-5.836691166462715935e-02,-9.982423647958661439e-01,0.000000000000000000e+00,6.167532414269623064e-01,2.129556680843443517e-01,5.526702879020278097e-02,1.000000000000000000e+00
9.984991884145941743e-01,-5.458825293232041909e-02,-4.901820093320772426e-04,0.000000000000000000e+00,-5.425959157227572965e-02,-9.933945607664337318e-01,1.010143072207223547e-01,0.000000000000000000e+00,-6.001254236944553525e-03,-1.008380481474343004e-01,-9.948847536239557865e-01,0.000000000000000000e+00,6.115938197779355878e-01,2.033833626649927118e-01,6.492520527795148100e-02,1.000000000000000000e+00
9.983311918156335674e-01,-5.642960909948142173e-02,-1.145764225591640491e-02,0.000000000000000000e+00,-5.422429629941116769e-02,-9.882781419150531432e-01,1.426421634895237434e-01,0.000000000000000000e+00,-1.937295191557960802e-02,-1.417855683026330305e-01,-9.897078060494298724e-01,0.000000000000000000e+00,6.068945293262160146e-01,1.935564147578691385e-01,7.636618195482355875e-02,1.000000000000000000e+00
9.981384341204592170e-01,-5.888765964595691488e-02,-1.525309064381350638e-02,0.000000000000000000e+00,-5.563373768711077361e-02,-9.851083083124381190e-01,1.626261203680895995e-01,0.000000000000000000e+00,-2.460309163219572340e-02,-1.614779036375259547e-01,-9.865695994297452032e-01,0.000000000000000000e+00,6.046690848686300246e-01,1.884129095733377557e-01,8.255381963626112762e-02,1.000000000000000000e+00
9.979046250234823168e-01,-6.175310539929924902e-02,-1.880585630845038603e-02,0.000000000000000000e+00,-5.731302057913424675e-02,-9.816028889841026395e-01,1.820761733763303081e-01,0.000000000000000000e+00,-2.970422390576201235e-02,-1.806203125899252249e-01,-9.831042476574263222e-01,0.000000000000000000e+00,6.022375105773044579e-01,1.830290490780410173e-01,8.863966832438427423e-02,1.000000000000000000e+00
9.976950327821748621e-01,-6.444399646456691610e-02,-2.079278198458223842e-02,0.000000000000000000e+00,-5.901388543602180403e-02,-9.780657179204279572e-01,1.997136942118650504e-01,0.000000000000000000e+00,-3.320769519406484294e-02,-1.980301105331035427e-01,-9.796332601040783628e-01,0.000000000000000000e+00,5.999624705661688040e-01,1.776217188395930180e-01,9.473586817504901780e-02,1.000000000000000000e+00
9.972850916395296084e-01,-7.056629330381249121e-02,-2.058132998869668939e-02,0.000000000000000000e+00,-6.391182392918372257e-02,-9.707395174872675003e-01,2.314320955525409340e-01,0.000000000000000000e+00,-3.631111457862642306e-02,-2.294928067306580555e-01,-9.726327953636679791e-01,0.000000000000000000e+00,5.957086233857038504e-01,1.664046568442125174e-01,1.071174298669861913e-01,1.000000000000000000e+00
9.968784353591993996e-01,-7.726264700047255629e-02,-1.564018527649938331e-02,0.000000000000000000e+00,-7.059117675128651070e-02,-9.632528026428565093e-01,2.591170987541334680e-01,0.000000000000000000e+00,-3.508620075235810432e-02,-2.572091409705608567e-01,-9.657186010002869470e-01,0.000000000000000000e+00,5.915177037311878383e-01,1.544151953212324069e-01,1.190051448137792872e-01,1.000000000000000000e+00
9.966274481818466757e-01,-8.099552925900692368e-02,-1.241775631111359524e-02,0.000000000000000000e+00,-7.456964500774107552e-02,-9.593069847976239961e-01,2.723053871356919675e-01,0.000000000000000000e+00,-3.396861331696825193e-02,-2.704662427405933878e-01,-9.621300041299557515e-01,0.000000000000000000e+00,5.891503726623694703e-01,1.480906140213260891e-01,1.248663697522975069e-01,1.000000000000000000e+00
9.963463474991052227e-01,-8.480338775610141155e-02,-9.115270236753587191e-03,0.000000000000000000e+00,-7.869509670549766633e-02,-9.552322405484776624e-01,2.851652069808934820e-01,0.000000000000000000e+00,-3.289080888360130378e-02,-2.834114418849507100e-01,-9.584342175129576535e-01,0.000000000000000000e+00,5.865317512934669075e-01,1.417674231417235253e-01,1.307598082177246490e-01,1.000000000000000000e+00
9.951338981872832612e-01,-9.833534160486923081e-02,-4.408193648638798409e-03,0.000000000000000000e+00,-9.145843636680515976e-02,-9.402429511450326460e-01,3.279623364665935625e-01,0.000000000000000000e+00,-3.639576212659210303e-02,-3.259695477722103218e-01,-9.446794178050059720e-01,0.000000000000000000e+00,5.759075477117114872e-01,1.215212602193074254e-01,1.474775739761156890e-01,1.000000000000000000e+00
9.947121856902760850e-01,-1.025433369315977561e-01,-3.643980161149945607e-03,0.000000000000000000e+00,-9.510230303146499642e-02,-9.347003981419723662e-01,3.424492145889054817e-01,0.000000000000000000e+00,-3.852265658151220878e-02,-3.402984076249827572e-01,-9.395280723308930826e-01,0.000000000000000000e+00,5.717301517793917931e-01,1.149853279327389538e-01,1.528383963879162699e-01,1.000000000000000000e+00
9.943224022624072012e-01,-1.062887096726801428e-01,-2.533269910698606690e-03,0.000000000000000000e+00,-9.841507041014918578e-02,-9.291575331335928389e-01,3.563165719391535591e-01,0.000000000000000000e+00,-4.022700998198897038e-02,-3.540510544197438825e-01,-9.343605506078349610e-01,0.000000000000000000e+00,5.675271136225256141e-01,1.087256828549906101e-01,1.582501061165789147e-01,1.000000000000000000e+00
9.939852497286281174e-01,-1.094253674092315887e-01,-3.989868172985862218e-04,0.000000000000000000e+00,-1.015521204693387858e-01,-9.238130031376992068e-01,3.691035748446427345e-01,0.000000000000000000e+00,-4.075866823000280637e-02,-3.668500540606781102e-01,-9.293867702952276488e-01,0.000000000000000000e+00,5.635029333608695401e-01,1.028905213998798224e-01,1.638047814789723722e-01,1.000000000000000000e+00
9.937110482272029088e-01,-1.118661784221999245e-01,2.248923656909495444e-03,0.000000000000000000e+00,-1.042812002482410710e-01,-9.186743824307657125e-01,3.809771085530542223e-01,0.000000000000000000e+00,-4.055320542339477252e-02,-3.788229758652125190e-01,-9.245802239321975202e-01,0.000000000000000000e+00,5.595212076147170199e-01,9.724087393643476851e-02,1.692830688341409040e-01,1.000000000000000000e+00
9.933854326694683268e-01,-1.144551542614965778e-01,8.133063646553341519e-03,0.000000000000000000e+00,-1.074991758511422146e-01,-9.035389218454706883e-01,4.147795689313277800e-01,0.000000000000000000e+00,-4.012589253581787252e-02,-4.129182291399105531e-01,-9.098837556480302569e-01,0.000000000000000000e+00,5.468069003245987769e-01,8.067681462212580867e-02,1.854687772545179636e-01,1.000000000000000000e+00
9.934470620792368312e-01,-1.139455378640986394e-01,7.752170547822018719e-03,0.000000000000000000e+00,-1.063978203329446898e-01,-8.986966123905922865e-01,4.254464121452670167e-01,0.000000000000000000e+00,-4.151167008252658330e-02,-4.234914557898408760e-01,-9.049484892080656984e-01,0.000000000000000000e+00,5.419336707525728158e-01,7.531264516065075409e-02,1.905456276295179885e-01,1.000000000000000000e+00
9.935191334967794496e-01,-1.133703111183569923e-01,6.902958347217694537e-03,0.000000000000000000e+00,-1.049574805528419585e-01,-8.931679119768283215e-01,4.372822374532958078e-01,0.000000000000000000e+00,-4.341015819322825708e-02,-4.351811653505854305e-01,-8.992957864294400805e-01,0.000000000000000000e+00,5.367923807920783608e-01,6.970258544211271889e-02,1.956101060050368379e-01,1.000000000000000000e+00
9.934827563243768811e-01,-1.136511711214770459e-01,7.494737489996058932e-03,0.000000000000000000e+00,-1.042918678503562263e-01,-8.812716976965695448e-01,4.609383343143617640e-01,0.000000000000000000e+00,-4.578216292651686448e-02,-4.587247589151804972e-01,-8.873982133833598906e-01,0.000000000000000000e+00,5.266609595156656054e-01,5.773509584294907182e-02,2.056564502147492091e-01,1.000000000000000000e+00
9.947252559522583581e-01,-1.024343637898078863e-01,3.100513973516225152e-03,0.000000000000000000e+00,-9.142924477134728445e-02,-8.733768037820345276e-01,4.783663854382192437e-01,0.000000000000000000e+00,-4.629413067199412979e-02,-4.761357699340075800e-01,-8.781523683590873874e-01,0.000000000000000000e+00,5.171548331467482607e-01,4.616356968818387946e-02,2.155393073777639168e-01,1.000000000000000000e+00
9.957803991174611902e-01,-9.150161035782594654e-02,-5.440490474469698856e-03,0.000000000000000000e+00,-7.754224564182859991e-02,-8.725433855317002996e-01,4.823235298084774803e-01,0.000000000000000000e+00,-4.888138478662377301e-02,-4.798756882616789232e-01,-8.759737062473519353e-01,0.000000000000000000e+00,5.120929008969506979e-01,4.086228393125354574e-02,2.199733252347952084e-01,1.000000000000000000e+00
9.964191448174077870e-01,-7.872684793852291474e-02,-3.052405864590412854e-02,0.000000000000000000e+00,-5.449391384568093993e-02,-8.757120105940109367e-01,4.797287095394464629e-01,0.000000000000000000e+00,-6.449905574264226671e-02,-4.763566664235422410e-01,-8.768832294907672464e-01,0.000000000000000000e+00,5.006611096543397421e-01,2.966667882142142929e-02,2.281345203800245469e-01,1.000000000000000000e+00
9.960000727448554692e-01,-7.730435720369839558e-02,-4.459415153105170809e-02,0.000000000000000000e+00,-4.709866500064947836e-02,-8.797391342234630596e-01,4.730977894390505645e-01,0.000000000000000000e+00,-7.580520025144328600e-02,-4.691141395936497260e-01,-8.798781140863480843e-01,0.000000000000000000e+00,4.945467076775271198e-01,2.411099827935225121e-02,2.318993479912807298e-01,1.000000000000000000e+00
9.952556994841667004e-01,-7.619401947297657629e-02,-6.034327586435443008e-02,0.000000000000000000e+00,-3.959200222987074164e-02,-8.848155896520427666e-01,4.642354925782238850e-01,0.000000000000000000e+00,-8.876634840428192230e-02,-4.596527585187073495e-01,-8.836514454110921957e-01,0.000000000000000000e+00,4.882038923094544347e-01,1.847489570194876460e-02,2.354879147432835385e-01,1.000000000000000000e+00
9.926715799551903974e-01,-7.088389384203647170e-02,-9.777195325994629538e-02,0.000000000000000000e+00,-1.969129250040497700e-02,-8.937772476686215439e-01,4.480571743101268711e-01,0.000000000000000000e+00,-1.191486784440987240e-01,-4.428568933702328736e-01,-8.886401771355439960e-01,0.000000000000000000e+00,4.745640850996655224e-01,5.888415245622649966e-03,2.421688114486984233e-01,1.000000000000000000e+00
9.886746741761238688e-01,-6.609785817970258159e-02,-1.346633160441243482e-01,0.000000000000000000e+00,-6.970132060018707429e-04,-8.996986920772120921e-01,4.364888595924906745e-01,0.000000000000000000e+00,-1.500102762167112580e-01,-4.314599258700441697e-01,-8.895725093535671313e-01,0.000000000000000000e+00,4.607936575508376764e-01,-7.930480450640447002e-03,2.485053352567584140e-01,1.000000000000000000e+00
9.861584204898046213e-01,-6.270482655587832077e-02,-1.534288803480590158e-01,0.000000000000000000e+00,9.861194252624126688e-03,-9.018319892743733579e-01,4.319520423270931664e-01,0.000000000000000000e+00,-1.654557358066346129e-01,-4.274943663729749987e-01,-8.887479767673474029e-01,0.000000000000000000e+00,4.538821636281631378e-01,-1.478522079937433578e-02,2.515199605223977231e-01,1.000000000000000000e+00
9.829066767714419450e-01,-5.690243152603998572e-02,-1.750352105884782350e-01,0.000000000000000000e+00,2.387656969721667702e-02,-9.035416832177345370e-01,4.278119715584934313e-01,0.000000000000000000e+00,-1.824986638799166172e-01,-4.246866601869042634e-01,-8.867555910967451771e-01,0.000000000000000000e+00,4.466452802585795800e-01,-2.169873209130418826e-02,2.543343034763116961e-01,1.000000000000000000e+00
9.791158368717135518e-01,-4.777585660791605626e-02,-1.975611105799728318e-01,0.000000000000000000e+00,4.088409225850710149e-02,-9.058148047538542302e-01,4.216737807715141839e-01,0.000000000000000000e+00,-1.991034382505767752e-01,-4.209526880622950773e-01,-8.849613863270683334e-01,0.000000000000000000e+00,4.396384682349472883e-01,-2.770838542180778172e-02,2.571372064584052097e-01,1.000000000000000000e+00
9.691039674808750171e-01,-3.300205513782486499e-02,-2.443953998558808793e-01,0.000000000000000000e+00,7.101737724567017129e-02,-9.116709218499947642e-01,4.047139845415963499e-01,0.000000000000000000e+00,-2.361691197027926958e-01,-4.095741339941901260e-01,-8.811771533929583233e-01,0.000000000000000000e+00,4.253765122574476587e-01,-3.862795926895154497e-02,2.629888075547257009e-01,1.000000000000000000e+00
9.548985764544365429e-01,-2.276999926132332319e-02,-2.960253075670025713e-01,0.000000000000000000e+00,9.637892600685518674e-02,-9.192775690961890733e-01,3.816026735749828425e-01,0.000000000000000000e+00,-2.808239244573278448e-01,-3.929300161025330862e-01,-8.756391527895772686e-01,0.000000000000000000e+00,4.108816153237299096e-01,-4.875006432239108178e-02,2.700978703854126084e-01,1.000000000000000000e+00
9.467617939489844092e-01,-1.806272498383903677e-02,-3.213978692926691139e-01,0.000000000000000000e+00,1.070480311534113826e-01,-9.239259791073576311e-01,3.672631904478002030e-01,0.000000000000000000e+00,-3.035874600743546092e-01,-3.821231232187104476e-01,-8.728210428187328507e-01,0.000000000000000000e+00,4.041786746261981644e-01,-5.319873781318214950e-02,2.745125643757730938e-01,1.000000000000000000e+00
9.373156285807475729e-01,-8.145869097987177426e-03,-3.483587290941981829e-01,0.000000000000000000e+00,1.213460625711186291e-01,-9.295091327801978665e-01,3.482364887226768735e-01,0.000000000000000000e+00,-3.266455979690052747e-01,-3.686865618185060645e-01,-8.702717233496213289e-01,0.000000000000000000e+00,3.975493858470768860e-01,-5.675601406917954450e-02,2.788997482341506462e-01,1.000000000000000000e+00
9.155407234245628301e-01,3.292878724792965006e-02,-4.008511265081052821e-01,0.000000000000000000e+00,1.618287188572506141e-01,-9.425598413940525777e-01,2.921868546759893714e-01,0.000000000000000000e+00,-3.682119046700164655e-01,-3.323845879938048808e-01,-8.682974599314841058e-01,0.000000000000000000e+00,3.860392749586935013e-01,-6.159158128189783088e-02,2.870865783181469899e-01,1.000000000000000000e+00
8.937974639589661985e-01,8.350078882325545626e-02,-4.406069207214324823e-01,0.000000000000000000e+00,2.014171418140627834e-01,-9.525754486227232531e-01,2.280611684743354406e-01,0.000000000000000000e+00,-4.006757619549632943e-01,-2.925919139461107821e-01,-8.682447268340656166e-01,0.000000000000000000e+00,3.772995799877883472e-01,-6.611227046995887813e-02,2.946012154075799416e-01,1.000000000000000000e+00
8.827545789966785295e-01,1.089903170539466282e-01,-4.569969485128816955e-01,0.000000000000000000e+00,2.195006604167106246e-01,-9.556969551398980522e-01,1.960702346460666823e-01,0.000000000000000000e+00,-4.153888326853019120e-01,-2.733982932101162722e-01,-8.675860135745259161e-01,0.000000000000000000e+00,3.735140466076620203e-01,-6.870961027634965579e-02,2.980564609494785189e-01,1.000000000000000000e+00
8.711024884938249890e-01,1.341985097418529338e-01,-4.723896288278776612e-01,0.000000000000000000e+00,2.365521738138807728e-01,-9.576405754860537467e-01,1.641595082469346212e-01,0.000000000000000000e+00,-4.303578003589241807e-01,-2.547494544466075150e-01,-8.659647100946922249e-01,0.000000000000000000e+00,3.698491400913468952e-01,-7.174499589256068399e-02,3.013177477938899229e-01,1.000000000000000000e+00
8.585353087605571698e-01,1.594047946372135760e-01,-4.873273868348577120e-01,0.000000000000000000e+00,2.532990963272847562e-01,-9.582181275972465606e-01,1.328093921566397551e-01,0.000000000000000000e+00,-4.458040653668463027e-01,-2.374657111531056630e-01,-8.630578030056517136e-01,0.000000000000000000e+00,3.663914409336038180e-01,-7.493298933321249078e-02,3.044113235930353545e-01,1.000000000000000000e+00
8.068318967508967265e-01,2.494821441019779706e-01,-5.355013511288635453e-01,0.000000000000000000e+00,3.103730348352386481e-01,-9.502781823451807997e-01,2.491389787069108255e-02,0.000000000000000000e+00,-5.026693558781755167e-01,-1.863100940293501429e-01,-8.441635312685540349e-01,0.000000000000000000e+00,3.551050565842001072e-01,-8.510181602674034285e-02,3.139913103876460498e-01,1.000000000000000000e+00
7.841255524720667225e-01,2.846857238668968892e-01,-5.514362188757329086e-01,0.000000000000000000e+00,3.303126266223690433e-01,-9.436991070991254116e-01,-1.750173863800754542e-02,0.000000000000000000e+00,-5.253824777489850550e-01,-1.684260281157599626e-01,-8.340299305945120256e-01,0.000000000000000000e+00,3.510347981519078009e-01,-8.814877162084644446e-02,3.180712342539994686e-01,1.000000000000000000e+00
7.578992437810159188e-01,3.244705106449376486e-01,-5.659402538247177983e-01,0.000000000000000000e+00,3.514226165355792131e-01,-9.339581840907966725e-01,-6.484598567619245801e-02,0.000000000000000000e+00,-5.496157236574714666e-01,-1.497403642616975117e-01,-8.218883011816435769e-01,0.000000000000000000e+00,3.469247878675997820e-01,-9.105377104700072832e-02,3.225596995810489087e-01,1.000000000000000000e+00
7.290019998739235563e-01,3.680913658569786584e-01,-5.771010114898186272e-01,0.000000000000000000e+00,3.740634591287485544e-01,-9.203007642846714464e-01,-1.144717375726103797e-01,0.000000000000000000e+00,-5.732535970867982389e-01,-1.324248245933357104e-01,-8.086061954118771711e-01,0.000000000000000000e+00,3.433479266947359609e-01,-9.383007397134408845e-02,3.276795775223139695e-01,1.000000000000000000e+00
6.422078411127880582e-01,4.901970587079615971e-01,-5.892848881046615084e-01,0.000000000000000000e+00,4.306793479819557846e-01,-8.667098188533401970e-01,-2.516150552456186129e-01,0.000000000000000000e+00,-6.340921668693774160e-01,-9.220544520431742108e-02,-7.677403726453174704e-01,0.000000000000000000e+00,3.377304999034131394e-01,-1.034516779490316923e-01,3.436058946569596761e-01,1.000000000000000000e+00
6.148767765609101099e-01,5.264975819554307268e-01,-5.871180398713340409e-01,0.000000000000000000e+00,4.441018851215453589e-01,-8.463902969192157455e-01,-2.939008809338611861e-01,0.000000000000000000e+00,-6.516816621309970969e-01,-8.002894280384356684e-02,-7.542588279601902812e-01,0.000000000000000000e+00,3.371658623521158749e-01,-1.066598568344384046e-01,3.484932896253541412e-01,1.000000000000000000e+00
5.871112741004832491e-01,5.629791368157956999e-01,-5.816662189223791302e-01,0.000000000000000000e+00,4.566998534510167684e-01,-8.236356566078160135e-01,-3.361997857275342283e-01,0.000000000000000000e+00,-6.683673714582939462e-01,-6.826150663398644625e-02,-7.406925296518045432e-01,0.000000000000000000e+00,3.371230606818988451e-01,-1.095480146828845952e-01,3.530221407232702613e-01,1.000000000000000000e+00
5.578710642443581724e-01,5.999199814370770323e-01,-5.734602326688510443e-01,0.000000000000000000e+00,4.682025165154136692e-01,-7.980251941755565070e-01,-3.793717700236899359e-01,0.000000000000000000e+00,-6.852416117823305619e-01,-5.685608562552237760e-02,-7.260931889291464270e-01,0.000000000000000000e+00,3.371922343180457915e-01,-1.122856352009774794e-01,3.572797439860717073e-01,1.000000000000000000e+00
4.949790324606506697e-01,6.742495256309988250e-01,-5.480548161561025200e-01,0.000000000000000000e+00,4.861409468763743247e-01,-7.376821658228838174e-01,-4.684791872625823084e-01,0.000000000000000000e+00,-7.201759991711477182e-01,-3.454517752881564735e-02,-6.929308485897720526e-01,0.000000000000000000e+00,3.371743217952507532e-01,-1.178199688151550240e-01,3.644990424715210953e-01,1.000000000000000000e+00
4.317203440901491440e-01,7.410893104236270235e-01,-5.141837467051288968e-01,0.000000000000000000e+00,4.931351974613408240e-01,-6.712322576717588696e-01,-5.533946875303792368e-01,0.000000000000000000e+00,-7.552661457467130246e-01,-1.465064061480097872e-02,-6.552544603575626292e-01,0.000000000000000000e+00,3.371871482901033779e-01,-1.234179702353626062e-01,3.697625453477304536e-01,1.000000000000000000e+00
4.022040020267499405e-01,7.693762623479939444e-01,-4.962588584502097833e-01,0.000000000000000000e+00,4.932652922443881427e-01,-6.387392194006820123e-01,-5.904932751248519462e-01,0.000000000000000000e+00,-7.713063548617935528e-01,-7.288652746362444569e-03,-6.364223302893732281e-01,0.000000000000000000e+00,3.375778371819437851e-01,-1.265616176595690257e-01,3.714727180807296802e-01,1.000000000000000000e+00
3.736014027464844012e-01,7.942644350076197846e-01,-4.791103693817260756e-01,0.000000000000000000e+00,4.937373980819537711e-01,-6.075424712886409173e-01,-6.221706150381595135e-01,0.000000000000000000e+00,-7.852630086120965247e-01,-4.110971795664010095e-03,-6.191486955621997579e-01,0.000000000000000000e+00,3.386368111462000341e-01,-1.302047663965311408e-01,3.724557599619708337e-01,1.000000000000000000e+00
2.756737199936503124e-01,8.629512910834318262e-01,-4.234380901897099037e-01,0.000000000000000000e+00,5.041220680122046049e-01,-5.048599244778018136e-01,-7.006840544072449051e-01,0.000000000000000000e+00,-8.184488893038290858e-01,-2.030469681123010448e-02,-5.742204584345047547e-01,0.000000000000000000e+00,3.445213909477589653e-01,-1.448215507125973911e-01,3.734119849358275012e-01,1.000000000000000000e+00
2.357210807194793922e-01,8.865752471346713959e-01,-3.979957916533104489e-01,0.000000000000000000e+00,5.090380208238913795e-01,-4.615012490147231139e-01,-7.265518821218167611e-01,0.000000000000000000e+00,-8.278344077765527054e-01,-3.133199846497426028e-02,-5.600968658843175074e-01,0.000000000000000000e+00,3.467587295254777047e-01,-1.503141824381491187e-01,3.736641720456712612e-01,1.000000000000000000e+00
1.528692205956242167e-01,9.263993754279635784e-01,-3.440871190590746309e-01,0.000000000000000000e+00,5.107529627540235984e-01,-3.721358174471434133e-01,-7.750013492324652198e-01,0.000000000000000000e+00,-8.460241957962880699e-01,-5.727076592690901607e-02,-5.300595433509233123e-01,0.000000000000000000e+00,3.510432357627399913e-01,-1.622138451480696075e-01,3.747742597995926683e-01,1.000000000000000000e+00
1.155136444879900359e-01,9.399693055063933489e-01,-3.210841782837313696e-01,0.000000000000000000e+00,5.061547702532752657e-01,-3.338341773820631686e-01,-7.951998726500800752e-01,0.000000000000000000e+00,-8.546687995842460195e-01,-7.066321359079963393e-02,-5.143422530399821557e-01,0.000000000000000000e+00,3.530443278216462422e-01,-1.680807681790520702e-01,3.758799248971156359e-01,1.000000000000000000e+00
8.291555342374411219e-02,9.498130964108998375e-01,-3.015971481761411943e-01,0.000000000000000000e+00,4.983149294355694314e-01,-3.016029075365389001e-01,-8.128337247975980784e-01,0.000000000000000000e+00,-8.630193096078914161e-01,-8.289539947160218247e-02,-4.983232123736178187e-01,0.000000000000000000e+00,3.550270114158355916e-01,-1.736713122795606190e-01,3.770800281033946377e-01,1.000000000000000000e+00
2.620773208587489148e-02,9.637632771333030091e-01,-2.654321897008716236e-01,0.000000000000000000e+00,4.816893604919834093e-01,-2.448396029654156258e-01,-8.414331082800163841e-01,0.000000000000000000e+00,-8.759475065688925310e-01,-1.058058453314050101e-01,-4.706602690151851509e-01,0.000000000000000000e+00,3.595750162117269944e-01,-1.845023599780479806e-01,3.792619597548824717e-01,1.000000000000000000e+00
-2.142430445676203263e-02,9.730736182551628088e-01,-2.294547439813740819e-01,0.000000000000000000e+00,4.698311588192219945e-01,-1.927859359183624610e-01,-8.614365977922439077e-01,0.000000000000000000e+00,-8.824938654220476630e-01,-1.262630991585570461e-01,-4.530587238795090732e-01,0.000000000000000000e+00,3.653710399613201432e-01,-1.947938146663561187e-01,3.804265773754103575e-01,1.000000000000000000e+00
-3.923328650391365302e-02,9.766789032487882549e-01,-2.110445831573374009e-01,0.000000000000000000e+00,4.675288672789298383e-01,-1.687188250075045137e-01,-8.677162342898604441e-01,0.000000000000000000e+00,-8.831043366269305528e-01,-1.327153497146343619e-01,-4.500148515114043013e-01,0.000000000000000000e+00,3.687252522599762106e-01,-1.987137157319588676e-01,3.800639165677276443e-01,1.000000000000000000e+00
-5.188290737305826378e-02,9.801352129079103914e-01,-1.913736534680050561e-01,0.000000000000000000e+00,4.669774027647148884e-01,-1.455784064620330442e-01,-8.721925130269719828e-01,0.000000000000000000e+00,-8.827434615101383830e-01,-1.346216469028040652e-01,-4.501566320140975574e-01,0.000000000000000000e+00,3.720439056068650108e-01,-2.015676717669007134e-01,3.792789611264381078e-01,1.000000000000000000e+00
-6.092749921272929553e-02,9.835353852650303708e-01,-1.700786073333732107e-01,0.000000000000000000e+00,4.664125858927924972e-01,-1.225933494535289825e-01,-8.760199297343478353e-01,0.000000000000000000e+00,-8.824640954029152606e-01,-1.327030615757826548e-01,-4.512726645534035352e-01,0.000000000000000000e+00,3.750083396027449334e-01,-2.034916163587982829e-01,3.780276948860572528e-01,1.000000000000000000e+00
-7.969774169259266627e-02,9.888947242989581943e-01,-1.253644332496121616e-01,0.000000000000000000e+00,4.629355658272845675e-01,-7.465997532222405642e-02,-8.832311684254950945e-01,0.000000000000000000e+00,-8.827993449080779875e-01,-1.284296570259223502e-01,-4.518530068795296728e-01,0.000000000000000000e+00,3.793630105423740351e-01,-2.065795811059475406e-01,3.762552369087253656e-01,1.000000000000000000e+00
-8.460854116753833976e-02,9.917121446755572389e-01,-9.658759633470405392e-02,0.000000000000000000e+00,4.498483821793970994e-01,-4.847539808178404769e-02,-8.917776156265639909e-01,0.000000000000000000e+00,-8.890859316080377273e-01,-1.189040663255282737e-01,-4.420271815487390454e-01,0.000000000000000000e+00,3.794589408545075981e-01,-2.091648053853428502e-01,3.756152093678021830e-01,1.000000000000000000e+00
-8.091127956657152842e-02,9.924164908422247189e-01,-9.243170692199226268e-02,0.000000000000000000e+00,4.422239997773560471e-01,-4.736403278823943241e-02,-8.956424115237954231e-01,0.000000000000000000e+00,-8.932454352338488057e-01,-1.133452749395478659e-01,-4.350464815198145652e-01,0.000000000000000000e+00,3.785410021384303381e-01,-2.102675104798020500e-01,3.753371218660450093e-01,1.000000000000000000e+00
-7.645143057378155083e-02,9.928785755027363935e-01,-9.125820495762310136e-02,0.000000000000000000e+00,4.346833919083988307e-01,-4.918007020150675507e-02,-8.992287897944508668e-01,0.000000000000000000e+00,-8.973303611785358180e-01,-1.084178408427681484e-01,-4.278361774022747532e-01,0.000000000000000000e+00,3.773624114939309049e-01,-2.110871187117916992e-01,3.747397759595236244e-01,1.000000000000000000e+00
-7.351101209028919337e-02,9.932467129943176598e-01,-8.965403018634018895e-02,0.000000000000000000e+00,4.279231176607471432e-01,-4.978584262021324564e-02,-9.024322257916713719e-01,0.000000000000000000e+00,-9.008186869560216303e-01,-1.047057542792587531e-01,-4.213815352523652136e-01,0.000000000000000000e+00,3.763314119223898913e-01,-2.116187020805698760e-01,3.738140397598065379e-01,1.000000000000000000e+00
-7.215687581035187814e-02,9.936007582651784631e-01,-8.678516779588825447e-02,0.000000000000000000e+00,4.205593597836232989e-01,-4.858790904575301800e-02,-9.059524197738858531e-01,0.000000000000000000e+00,-9.043891333722242631e-01,-1.018709721825565434e-01,-4.143701249665791564e-01,0.000000000000000000e+00,3.757883979204892366e-01,-2.121423500312234478e-01,3.712218502005385501e-01,1.000000000000000000e+00
-7.319894061739200264e-02,9.937332305261336041e-01,-8.436189034033080014e-02,0.000000000000000000e+00,4.161801250373385330e-01,-4.643483277114859170e-02,-9.080851594044628827e-01,0.000000000000000000e+00,-9.063291789632674789e-01,-1.015825695082537838e-01,-4.101809368216299267e-01,0.000000000000000000e+00,3.760364275712674842e-01,-2.120270376814529789e-01,3.690977655654298917e-01,1.000000000000000000e+00
-7.377127488536930344e-02,9.937457590219180847e-01,-8.371327450857002361e-02,0.000000000000000000e+00,4.146688469619936313e-01,-4.577507778970620056e-02,-9.088097361460018009e-01,0.000000000000000000e+00,-9.069752647899531617e-01,-1.017592990614460680e-01,-4.087063910849908499e-01,0.000000000000000000e+00,3.761364737338987463e-01,-2.118550789587566319e-01,3.684011249435980573e-01,1.000000000000000000e+00
-7.362293607640024717e-02,9.937680327218174625e-01,-8.357934747835263356e-02,0.000000000000000000e+00,4.126775260035155379e-01,-4.593650790985919635e-02,-9.097075594243863028e-01,0.000000000000000000e+00,-9.078951148322168541e-01,-1.014686134233129811e-01,-4.067315834229571214e-01,0.000000000000000000e+00,3.760530824744332534e-01,-2.118764572709587179e-01,3.675338125624029728e-01,1.000000000000000000e+00
-7.260082250470301091e-02,9.936845966458810464e-01,-8.544465964331139640e-02,0.000000000000000000e+00,4.123856746138546137e-01,-4.809563064111874175e-02,-9.097283180091281229e-01,0.000000000000000000e+00,-9.081100154605383779e-01,-1.012851278050126841e-01,-4.062973328804688755e-01,0.000000000000000000e+00,3.759172274718490248e-01,-2.118725727249891888e-01,3.674932661688894431e-01,1.000000000000000000e+00
