9.996604185913773311e-01,2.033965038616047244e-02,1.568735239259523920e-02,0.000000000000000000e+00,2.330722783016066224e-02,-9.749537399325328701e-01,-2.211396052805750523e-01,0.000000000000000000e+00,1.079674849772537491e-02,2.214344023766027236e-01,-9.751154986287490223e-01,0.000000000000000000e+00,6.227926875082270275e-01,2.956985916559421446e-01,2.863448546153676832e-02,1.000000000000000000e+00
9.996603255596130388e-01,2.034152180212592254e-02,1.569085383370832573e-02,0.000000000000000000e+00,2.330984370042200882e-02,-9.749533654448792053e-01,-2.211409805883433610e-01,0.000000000000000000e+00,1.079971460186833314e-02,2.214358793267658110e-01,-9.751151303878431431e-01,0.000000000000000000e+00,6.227924806663984736e-01,2.957010568541543760e-01,2.863713816933880288e-02,1.000000000000000000e+00
9.996605499082281687e-01,2.033999933910600466e-02,1.567852943588191050e-02,0.000000000000000000e+00,2.330558846967569972e-02,-9.749543048800897171e-01,-2.211372873196001121e-01,0.000000000000000000e+00,1.078812519461001471e-02,2.214318828518838378e-01,-9.751161662137772801e-01,0.000000000000000000e+00,6.227891745977899296e-01,2.956981006856021499e-01,2.862981225856706807e-02,1.000000000000000000e+00
9.996606497799178648e-01,2.035196456345993166e-02,1.565661908614204845e-02,0.000000000000000000e+00,2.331241754589896339e-02,-9.749538938981016090e-01,-2.211383794421562798e-01,0.000000000000000000e+00,1.076408852334557846e-02,2.214325929895056833e-01,-9.751162705853110291e-01,0.000000000000000000e+00,6.227763088371454092e-01,2.957056935967013467e-01,2.862257508026073288e-02,1.000000000000000000e+00
9.996603987529896207e-01,2.034655496487218496e-02,1.567966094288096232e-02,0.000000000000000000e+00,2.331226658155920520e-02,-9.749534499658706332e-01,-2.211403525539499815e-01,0.000000000000000000e+00,1.078770288907626544e-02,2.214350447610598238e-01,-9.751154528659897736e-01,0.000000000000000000e+00,6.227846396126288653e-01,2.957066997999021618e-01,2.863577459997501337e-02,1.000000000000000000e+00
9.996601777149590751e-01,2.035894408810441647e-02,1.567767162948520421e-02,0.000000000000000000e+00,2.332392930513496263e-02,-9.749527529491336386e-01,-2.211421957471783328e-01,0.000000000000000000e+00,1.078297512194694753e-02,2.214369749536107268e-01,-9.751150668361725504e-01,0.000000000000000000e+00,6.227816189104118383e-01,2.957124434172044847e-01,2.863440558752510315e-02,1.000000000000000000e+00
9.996593979327011992e-01,2.038156997970373349e-02,1.569798175562668249e-02,0.000000000000000000e+00,2.335065723198940721e-02,-9.749487731153539949e-01,-2.211569205539549998e-01,0.000000000000000000e+00,1.079741068388375379e-02,2.214524158860673997e-01,-9.751114005182933697e-01,0.000000000000000000e+00,6.227823269818635321e-01,2.957303736806430883e-01,2.864839606879535788e-02,1.000000000000000000e+00
9.996598169424689706e-01,2.038556648688745129e-02,1.566607707009805978e-02,0.000000000000000000e+00,2.334745746021358453e-02,-9.749494847259789765e-01,-2.211541212907863763e-01,0.000000000000000000e+00,1.076548899277012666e-02,2.214489150514214744e-01,-9.751125485139112703e-01,0.000000000000000000e+00,6.227701015152320441e-01,2.957293917746343648e-01,2.863151653407406197e-02,1.000000000000000000e+00
9.996592051779011889e-01,2.043488429936561948e-02,1.564084102492176859e-02,0.000000000000000000e+00,2.339004846583896471e-02,-9.749467788661725365e-01,-2.211615493535173116e-01,0.000000000000000000e+00,1.072978348507929586e-02,2.214562823919526413e-01,-9.751112688998619937e-01,0.000000000000000000e+00,6.227473653714307167e-01,2.957550810396091245e-01,2.862185826622324139e-02,1.000000000000000000e+00
9.996555727475786579e-01,2.055862270119347343e-02,1.571069089979488034e-02,0.000000000000000000e+00,2.352709123968787369e-02,-9.749251609490883208e-01,-2.212422957469984131e-01,0.000000000000000000e+00,1.076851829764200776e-02,2.215399860604307936e-01,-9.750918282859403208e-01,0.000000000000000000e+00,6.227323105455158103e-01,2.958628326800804564e-01,2.868066447524862325e-02,1.000000000000000000e+00
9.996547691458080864e-01,2.060299820558761721e-02,1.570369033667069411e-02,0.000000000000000000e+00,2.356915469819767864e-02,-9.749172098670116915e-01,-2.212728536290474168e-01,0.000000000000000000e+00,1.075112075376799710e-02,2.215708520451609709e-01,-9.750850070258075819e-01,0.000000000000000000e+00,6.227157254650058649e-01,2.959022427297517410e-01,2.868236171603897461e-02,1.000000000000000000e+00
9.996536984423490813e-01,2.065424303547201343e-02,1.570453235129787642e-02,0.000000000000000000e+00,2.361971340893413013e-02,-9.749078380787737919e-01,-2.213087510521429269e-01,0.000000000000000000e+00,1.073971372530369006e-02,2.216073146678130268e-01,-9.750768465279130437e-01,0.000000000000000000e+00,6.227003497695108303e-01,2.959454507694664338e-01,2.869609610547154202e-02,1.000000000000000000e+00
9.996575885441494336e-01,2.047149154206606356e-02,1.569619703456669874e-02,0.000000000000000000e+00,2.343888025558740415e-02,-9.749277751468246045e-01,-2.212401388555773063e-01,0.000000000000000000e+00,1.077375024990690454e-02,2.215365502453883473e-01,-9.750925511001122814e-01,0.000000000000000000e+00,6.227486952340733906e-01,2.958332620699531401e-01,2.866654718982554126e-02,1.000000000000000000e+00
9.996768844586132463e-01,1.978235247616539835e-02,1.534705544516968417e-02,0.000000000000000000e+00,2.268365679332037116e-02,-9.750661313311425049e-01,-2.207084913332752751e-01,0.000000000000000000e+00,1.059846486349960010e-02,2.209895590619283257e-01,-9.752185843841122415e-01,0.000000000000000000e+00,6.228420950497122188e-01,2.952300073198073638e-01,2.836239133486982353e-02,1.000000000000000000e+00
9.996958025246820423e-01,1.884042425945279056e-02,1.529992579928252973e-02,0.000000000000000000e+00,2.174416685468111982e-02,-9.752988414322066868e-01,-2.197728554894787800e-01,0.000000000000000000e+00,1.078159364699345785e-02,2.200429217892510003e-01,-9.754306073775216301e-01,0.000000000000000000e+00,6.231012456515981901e-01,2.944065557954571588e-01,2.808048812065207234e-02,1.000000000000000000e+00
9.997501487738279513e-01,1.613513910326256143e-02,1.483388735414826153e-02,0.000000000000000000e+00,1.897615643022742410e-02,-9.758796290352731440e-01,-2.174387316517495394e-01,0.000000000000000000e+00,1.096789547265436711e-02,2.176700853085862808e-01,-9.759607775062754120e-01,0.000000000000000000e+00,6.235038112867892224e-01,2.929519077894305878e-01,2.777211186234415305e-02,1.000000000000000000e+00
9.998494264006754229e-01,1.073573147814320221e-02,1.290796254556418783e-02,0.000000000000000000e+00,1.324577079697311123e-02,-9.768268961286515895e-01,-2.135755403993323531e-01,0.000000000000000000e+00,1.031615395463305815e-02,2.137184722176804497e-01,-9.768408220383323348e-01,0.000000000000000000e+00,6.238024826487953423e-01,2.908428881329613302e-01,2.722391771895733489e-02,1.000000000000000000e+00
9.998797713631549788e-01,-1.267084262776032970e-02,7.787134715406746240e-03,0.000000000000000000e+00,-1.083816785419286673e-02,-9.793377421904585489e-01,-2.018932087517255336e-01,0.000000000000000000e+00,1.018458809090661346e-02,2.017884221857276783e-01,-9.793761824943535421e-01,0.000000000000000000e+00,6.248081814178105819e-01,2.848658524361501465e-01,2.639833542717997389e-02,1.000000000000000000e+00
9.993097195088800344e-01,-3.638671988540935487e-02,6.069432615370371452e-03,0.000000000000000000e+00,-3.466540902114293582e-02,-9.825284873316406653e-01,-1.828027021146110542e-01,0.000000000000000000e+00,1.261522404483629047e-02,1.824696307173059306e-01,-9.831305559223498802e-01,0.000000000000000000e+00,6.263726319096828421e-01,2.769717780492454429e-01,2.717156067397881111e-02,1.000000000000000000e+00
9.991044372172966925e-01,-4.122596433822441758e-02,8.455193569669604628e-03,0.000000000000000000e+00,-3.919709597373925020e-02,-9.847214244219621992e-01,-1.696114702866980684e-01,0.000000000000000000e+00,1.531870161355709976e-02,1.691314098363052576e-01,-9.854744560807543463e-01,0.000000000000000000e+00,6.273796228206315329e-01,2.726644154539289988e-01,2.855716667920200555e-02,1.000000000000000000e+00
9.990290307337389430e-01,-4.181001424926329008e-02,1.317821539097583511e-02,0.000000000000000000e+00,-3.927664474886010532e-02,-9.871989462198037524e-01,-1.545196837331374029e-01,0.000000000000000000e+00,1.947036539057150212e-02,1.538550159706869314e-01,-9.879015836267384110e-01,0.000000000000000000e+00,6.284986894981461347e-01,2.683869982027561329e-01,3.085341783196901902e-02,1.000000000000000000e+00
9.990154319575814679e-01,-3.997416700370301501e-02,1.873444912921213776e-02,0.000000000000000000e+00,-3.701821985048122515e-02,-9.897503970894117042e-01,-1.378569902531658897e-01,0.000000000000000000e+00,2.405360992242507046e-02,1.370303829689965558e-01,-9.902747588387121880e-01,0.000000000000000000e+00,6.295060696902241570e-01,2.639287890915777979e-01,3.367147633273492174e-02,1.000000000000000000e+00
9.987871996294575005e-01,-4.003717907302201118e-02,2.831785743006266093e-02,0.000000000000000000e+00,-3.749311854649548664e-02,-9.956414267636565230e-01,-8.528283693039863389e-02,0.000000000000000000e+00,3.160952476989845050e-02,8.411930064576611521e-02,-9.959542063783295429e-01,0.000000000000000000e+00,6.304754050072189919e-01,2.494203172071241259e-01,4.532625899153189947e-02,1.000000000000000000e+00
9.986121036028047238e-01,-4.475618241262500907e-02,2.741345609436258296e-02,0.000000000000000000e+00,-4.277332812644710908e-02,-9.966838705101117579e-01,-6.908293253169216219e-02,0.000000000000000000e+00,3.041502343762679181e-02,6.781579349009121682e-02,-9.972341472806663942e-01,0.000000000000000000e+00,6.298419862316304574e-01,2.445301785460373689e-01,4.990166629719475222e-02,1.000000000000000000e+00
9.985199869288502450e-01,-4.772659964254551829e-02,2.570514134132729708e-02,0.000000000000000000e+00,-4.633114646496146877e-02,-9.975416977761053516e-01,-5.239019914464833338e-02,0.000000000000000000e+00,2.814289823297219315e-02,5.112269656705416276e-02,-9.982957713898030772e-01,0.000000000000000000e+00,6.287428071861540513e-01,2.396201599727253162e-01,5.493937922147814484e-02,1.000000000000000000e+00
9.985295711678747743e-01,-4.803194747693206174e-02,2.474620023521853507e-02,0.000000000000000000e+00,-4.760851496186529336e-02,-9.987044292272285739e-01,-1.742524737987883460e-02,0.000000000000000000e+00,2.555160029586395209e-02,1.622180726963472902e-02,-9.995418794083753555e-01,0.000000000000000000e+00,6.268113841027470601e-01,2.297471113144207433e-01,6.702031888440034002e-02,1.000000000000000000e+00
9.986722770993413656e-01,-4.662597930670975277e-02,2.145804996067387713e-02,0.000000000000000000e+00,-4.715125085409072742e-02,-9.985736589015018483e-01,2.466078247278065058e-02,0.000000000000000000e+00,2.027800074320973076e-02,-2.564030733904900522e-02,-9.994655458420852456e-01,0.000000000000000000e+00,6.240098121261260511e-01,2.185267922465051749e-01,8.126174226130301881e-02,1.000000000000000000e+00
9.987781626765626086e-01,-4.719025171991818313e-02,1.400031443393096563e-02,0.000000000000000000e+00,-4.810217602827532996e-02,-9.960754384050413135e-01,7.416635739173133013e-02,0.000000000000000000e+00,1.044564137408627094e-02,-7.475062293860697260e-02,-9.971475482327447626e-01,0.000000000000000000e+00,6.197810155068371740e-01,2.058619183744875014e-01,9.739040057336514900e-02,1.000000000000000000e+00
9.987554164359782050e-01,-4.850752656629390980e-02,1.074173670429264156e-02,0.000000000000000000e+00,-4.933742379236588649e-02,-9.937998039144052553e-01,9.954152527679396845e-02,0.000000000000000000e+00,5.846735216383469776e-03,-9.994953148474636229e-02,-9.949753297661650953e-01,0.000000000000000000e+00,6.175345474076093799e-01,1.993443329914418305e-01,1.062124673802947450e-01,1.000000000000000000e+00
9.987023451072214453e-01,-5.008092668191122671e-02,8.140857523949900434e-03,0.000000000000000000e+00,-5.070533711210190031e-02,-9.909040258270765955e-01,1.245749866114725518e-01,0.000000000000000000e+00,1.828012918190685112e-03,-1.248285195315303880e-01,-9.921766471149868760e-01,0.000000000000000000e+00,6.151602692433411068e-01,1.929221399698679840e-01,1.154054458600571320e-01,1.000000000000000000e+00
9.984896756022276776e-01,-5.455453727107353878e-02,4.787178720879064348e-03,0.000000000000000000e+00,-5.455848151936245477e-02,-9.833624532987977895e-01,1.732120216315237438e-01,0.000000000000000000e+00,-4.742061177923991185e-03,-1.732149314152259534e-01,-9.848726315573010925e-01,0.000000000000000000e+00,6.099858150561292547e-01,1.803955116496202271e-01,1.344034411976398613e-01,1.000000000000000000e+00
9.983317160308733396e-01,-5.737228126004373374e-02,4.790930084905662030e-03,0.000000000000000000e+00,-5.719720240653840271e-02,-9.789133354411708732e-01,1.960558814050609999e-01,0.000000000000000000e+00,-6.558394090785869650e-03,-1.960066060533920407e-01,-9.805806432162427200e-01,0.000000000000000000e+00,6.074384987663508095e-01,1.744262803785222304e-01,1.442572457172136002e-01,1.000000000000000000e+00
9.978631401180272364e-01,-6.495143313668816365e-02,5.586754736788582601e-03,0.000000000000000000e+00,-6.438278543998034176e-02,-9.684080553404780245e-01,2.408764043900341878e-01,0.000000000000000000e+00,-1.023520644306829402e-02,-2.407260108181716596e-01,-9.705391430873033798e-01,0.000000000000000000e+00,6.020186617387524031e-01,1.624859292661108845e-01,1.642899805177935324e-01,1.000000000000000000e+00
9.975730278355541270e-01,-6.924760321498060756e-02,5.794004245199321952e-03,0.000000000000000000e+00,-6.833623188004060711e-02,-9.624719859793132715e-01,2.625996620688655359e-01,0.000000000000000000e+00,-1.260807317516169854e-02,-2.623633317233904361e-01,-9.648867905914204623e-01,0.000000000000000000e+00,5.989834663924598068e-01,1.568567125447977995e-01,1.742525418027350281e-01,1.000000000000000000e+00
9.972108902936001051e-01,-7.439171184177684193e-02,4.130422533311292610e-03,0.000000000000000000e+00,-7.247379111943398622e-02,-9.556554872581198845e-01,2.853960163972693032e-01,0.000000000000000000e+00,-1.728417002779625983e-02,-2.849048482788721359e-01,-9.583999608167996787e-01,0.000000000000000000e+00,5.952542349165255153e-01,1.509612901895893700e-01,1.838147106323872182e-01,1.000000000000000000e+00
9.961600833106599717e-01,-8.741563174117582269e-02,-2.083901868767095572e-03,0.000000000000000000e+00,-8.177033071530249997e-02,-9.397410792312694827e-01,3.319353309323478940e-01,0.000000000000000000e+00,-3.097526121159880838e-02,-3.304966886557288430e-01,-9.432987183180475688e-01,0.000000000000000000e+00,5.865674174184897227e-01,1.385848923652823750e-01,2.020596781298708844e-01,1.000000000000000000e+00
9.945941717338540045e-01,-1.033581865411507678e-01,-8.959114307889662343e-03,0.000000000000000000e+00,-9.242161577410266948e-02,-9.219531544059420547e-01,3.760869220271361724e-01,0.000000000000000000e+00,-4.713245338519145289e-02,-3.732330307856879803e-01,-9.265396033459240011e-01,0.000000000000000000e+00,5.772325743719548541e-01,1.257594140023556017e-01,2.187892030279872391e-01,1.000000000000000000e+00
9.938414165147645418e-01,-1.101790364078199941e-01,-1.098023940443107124e-02,0.000000000000000000e+00,-9.689754625252954001e-02,-9.134307450709263643e-01,3.952668546572297159e-01,0.000000000000000000e+00,-5.358084102755556605e-02,-3.917761553833458699e-01,-9.184990677991045072e-01,0.000000000000000000e+00,5.729295747437455066e-01,1.196227618267645953e-01,2.267699857895108251e-01,1.000000000000000000e+00
9.930824047888980877e-01,-1.167301714458192363e-01,-1.192272092004906595e-02,0.000000000000000000e+00,-1.014698696183111565e-01,-9.053676401471894009e-01,4.123033454086457161e-01,0.000000000000000000e+00,-5.892382036688897928e-02,-4.082492608870240680e-01,-9.109668075064915049e-01,0.000000000000000000e+00,5.689492337066494043e-01,1.135582113111174851e-01,2.342373437113891010e-01,1.000000000000000000e+00
9.923110401946458881e-01,-1.232593070931879281e-01,-1.032906694406831097e-02,0.000000000000000000e+00,-1.071173505420607991e-01,-8.981009949056178998e-01,4.265222421675061715e-01,0.000000000000000000e+00,-6.185057214348996246e-02,-4.221444350952837654e-01,-9.044161556737067009e-01,0.000000000000000000e+00,5.655509197159508394e-01,1.080039204086501448e-01,2.413669389211536009e-01,1.000000000000000000e+00
9.903180385053880208e-01,-1.386741548283462466e-01,-4.517554060885688866e-03,0.000000000000000000e+00,-1.218505578004196732e-01,-8.848245203188825903e-01,4.496873988754789830e-01,0.000000000000000000e+00,-6.635854018848232061e-02,-4.447916399301272139e-01,-8.931724028385122915e-01,0.000000000000000000e+00,5.593425755348097050e-01,9.696339615535926049e-02,2.534696244038676660e-01,1.000000000000000000e+00
9.875445236969773166e-01,-1.572767327071155352e-01,7.680926329167515106e-04,0.000000000000000000e+00,-1.391283903094766017e-01,-8.712923108763949154e-01,4.706099732461837548e-01,0.000000000000000000e+00,-7.334817794615791642e-02,-4.648641154428155287e-01,-8.823385965521101104e-01,0.000000000000000000e+00,5.521889013465242080e-01,8.507691617214559188e-02,2.646341289786642292e-01,1.000000000000000000e+00
9.856658327037275402e-01,-1.686493638222517910e-01,-1.002608610307120698e-03,0.000000000000000000e+00,-1.473711983520748225e-01,-8.641665112159867546e-01,4.811223521000366210e-01,0.000000000000000000e+00,-8.200897831418192674e-02,-4.740872358310668777e-01,-8.766503409558010773e-01,0.000000000000000000e+00,5.474385153464660370e-01,7.893809143115110283e-02,2.691859256594872352e-01,1.000000000000000000e+00
9.830961538520525123e-01,-1.829405055694460491e-01,-5.955720317895589477e-03,0.000000000000000000e+00,-1.563753081562743730e-01,-8.563595818772499202e-01,4.921135808197738548e-01,0.000000000000000000e+00,-9.512957697311424932e-02,-4.828729377626520547e-01,-8.705079491661072977e-01,0.000000000000000000e+00,5.416823468354828863e-01,7.258906207977709746e-02,2.735155850537691058e-01,1.000000000000000000e+00
9.728679478709851836e-01,-2.285836992709674165e-01,-3.547104923887393207e-02,0.000000000000000000e+00,-1.771797043501013025e-01,-8.349398497610583947e-01,5.210216373132700030e-01,0.000000000000000000e+00,-1.487161090255950391e-01,-5.006101393686793743e-01,-8.528030295898102464e-01,0.000000000000000000e+00,5.216732892308536540e-01,5.389271649090399130e-02,2.856639628734104486e-01,1.000000000000000000e+00
9.689888619813840087e-01,-2.427481314958336300e-01,-4.598561636546905779e-02,0.000000000000000000e+00,-1.833160552846636870e-01,-8.311847169694074333e-01,5.248884996383178514e-01,0.000000000000000000e+00,-1.656414331651261396e-01,-5.001908383633238975e-01,-8.499247265707702281e-01,0.000000000000000000e+00,5.155649026507521659e-01,4.880399142677542546e-02,2.898102503876657243e-01,1.000000000000000000e+00
9.655383743717937950e-01,-2.539528630415947563e-01,-5.678325342616285382e-02,0.000000000000000000e+00,-1.874725068181146148e-01,-8.301716015873057408e-01,5.250237308984312401e-01,0.000000000000000000e+00,-1.804745987618512348e-01,-4.962948159863161401e-01,-8.491880679960462919e-01,0.000000000000000000e+00,5.101494899287802864e-01,4.440320879533983522e-02,2.938539736730542140e-01,1.000000000000000000e+00
9.620258041705485041e-01,-2.644713321670086881e-01,-6.739446173852699229e-02,0.000000000000000000e+00,-1.918810297183917990e-01,-8.310169819010975178e-01,5.220854270398753716e-01,0.000000000000000000e+00,-1.940863073478665268e-01,-4.893373553384997576e-01,-8.502231812708896941e-01,0.000000000000000000e+00,5.052428279129692612e-01,4.027572670407602445e-02,2.976467525998913732e-01,1.000000000000000000e+00
9.547775281644029777e-01,-2.804506321460047413e-01,-9.863093603118251729e-02,0.000000000000000000e+00,-1.932762853253271740e-01,-8.376544649709087853e-01,5.108424627479115632e-01,0.000000000000000000e+00,-2.258890846203160385e-01,-4.686869066049155208e-01,-8.539945579607112203e-01,0.000000000000000000e+00,4.943026133457462112e-01,3.273511753831580273e-02,3.044970494352717827e-01,1.000000000000000000e+00
9.461000642106177638e-01,-2.904465728626808296e-01,-1.432347852799613908e-01,0.000000000000000000e+00,-1.838267100550515232e-01,-8.457853309781115936e-01,5.008349643083941372e-01,0.000000000000000000e+00,-2.666168124285964169e-01,-4.475182286603046067e-01,-8.536058284402455731e-01,0.000000000000000000e+00,4.807662285527372625e-01,2.393677632337137817e-02,3.105856890797281111e-01,1.000000000000000000e+00
9.339735300615397140e-01,-3.089619054976603940e-01,-1.794902030664891901e-01,0.000000000000000000e+00,-1.831213669258220933e-01,-8.452234620293855860e-01,5.020404476847325492e-01,0.000000000000000000e+00,-3.068266115528530125e-01,-4.360323927971913593e-01,-8.460101553022577603e-01,0.000000000000000000e+00,4.662267971075421125e-01,1.344456763670079900e-02,3.172608336326969702e-01,1.000000000000000000e+00
9.287451921898046692e-01,-3.167793139470728159e-01,-1.925200798378004785e-01,0.000000000000000000e+00,-1.822023527978660351e-01,-8.423852739841165560e-01,5.071194136599734836e-01,0.000000000000000000e+00,-3.228272355747168754e-01,-4.359154985196907472e-01,-8.400953839425114866e-01,0.000000000000000000e+00,4.593071916218053885e-01,7.911260617918164373e-03,3.205595073560194574e-01,1.000000000000000000e+00
9.257322274545416452e-01,-3.209696450699369152e-01,-1.999476854003053583e-01,0.000000000000000000e+00,-1.799936983389662237e-01,-8.390025197361291598e-01,5.134761799109044400e-01,0.000000000000000000e+00,-3.325732821503898928e-01,-4.393605834569719870e-01,-8.344802512367002212e-01,0.000000000000000000e+00,4.533348053316290094e-01,2.657859084813135511e-03,3.239763604552307608e-01,1.000000000000000000e+00
9.238114356960395179e-01,-3.234612196098922698e-01,-2.047584371568412775e-01,0.000000000000000000e+00,-1.775300770468909717e-01,-8.358486401105289509e-01,5.194428452393130557e-01,0.000000000000000000e+00,-3.391732076227174653e-01,-4.435249987287274709e-01,-8.296065999819428605e-01,0.000000000000000000e+00,4.436435970225760528e-01,-6.136010702046129466e-03,3.289559505586762134e-01,1.000000000000000000e+00
9.233614567587692390e-01,-3.240503284707385023e-01,-2.058537143010499837e-01,0.000000000000000000e+00,-1.765640676956016231e-01,-8.345836017266674567e-01,5.218008131738915978e-01,0.000000000000000000e+00,-3.408984225664883350e-01,-4.454729665779477710e-01,-8.278539131633808612e-01,0.000000000000000000e+00,4.387071037946139729e-01,-9.830882704799294436e-03,3.306418719330916911e-01,1.000000000000000000e+00
9.238933072582398154e-01,-3.142981643844941497e-01,-2.182167903007865561e-01,0.000000000000000000e+00,-1.606288104962840801e-01,-8.362165066939130087e-01,5.243291772087322888e-01,0.000000000000000000e+00,-3.472788662115379732e-01,-4.493809661431712454e-01,-8.230760210035635849e-01,0.000000000000000000e+00,4.274525526079605564e-01,-1.652775116787924548e-02,3.322210033152657727e-01,1.000000000000000000e+00
9.240116711993477949e-01,-3.068665361070937458e-01,-2.280704001097697831e-01,0.000000000000000000e+00,-1.492711064239093666e-01,-8.387059455222839466e-01,5.237090992466731931e-01,0.000000000000000000e+00,-3.519995748658925061e-01,-4.498776605893379243e-01,-8.207961926062370406e-01,0.000000000000000000e+00,4.212069365333968030e-01,-1.939360010654156072e-02,3.322447885090475950e-01,1.000000000000000000e+00
9.232209714091250685e-01,-2.905750118430857620e-01,-2.514158852260353072e-01,0.000000000000000000e+00,-1.255529506415412333e-01,-8.465175692530632068e-01,5.173250510387992218e-01,0.000000000000000000e+00,-3.631566887570801261e-01,-4.460479177306574394e-01,-8.180210721608204283e-01,0.000000000000000000e+00,4.083793364117420666e-01,-2.383611808031544516e-02,3.314289142806000066e-01,1.000000000000000000e+00
9.224185906485453668e-01,-2.808373826468862910e-01,-2.650567015474341592e-01,0.000000000000000000e+00,-1.128480290710043854e-01,-8.524439252862007210e-01,5.104756835331651921e-01,0.000000000000000000e+00,-3.693137403927711504e-01,-4.409696242350653050e-01,-8.180178186684483599e-01,0.000000000000000000e+00,4.020025016372705817e-01,-2.573478982815449387e-02,3.308798935938045971e-01,1.000000000000000000e+00
9.204078914075348727e-01,-2.571020604555623867e-01,-2.944971830857608386e-01,0.000000000000000000e+00,-8.590537993333594025e-02,-8.679094357448776664e-01,4.892179718128980004e-01,0.000000000000000000e+00,-3.813831753733589736e-01,-4.249893718350621907e-01,-8.209329493749005779e-01,0.000000000000000000e+00,3.899065968780560665e-01,-2.891291349294776436e-02,3.300278682567330257e-01,1.000000000000000000e+00
9.194369561703269467e-01,-2.395269646348103521e-01,-3.118385219024213950e-01,0.000000000000000000e+00,-6.820044802173230725e-02,-8.781674686740328362e-01,4.734462406160649395e-01,0.000000000000000000e+00,-3.872570422447215721e-01,-4.140444151161674080e-01,-8.237713308576483096e-01,0.000000000000000000e+00,3.842217529940835652e-01,-3.015752463294001443e-02,3.296414189359218594e-01,1.000000000000000000e+00
9.183115554197177621e-01,-2.178954080761859313e-01,-3.304636518940305967e-01,0.000000000000000000e+00,-4.786309363378875303e-02,-8.898444043254907232e-01,4.537254756563975366e-01,0.000000000000000000e+00,-3.929334943309670813e-01,-4.008520522145722076e-01,-8.275994811913681692e-01,0.000000000000000000e+00,3.788946914774365959e-01,-3.117134349663781834e-02,3.293276598879859574e-01,1.000000000000000000e+00
9.153390371162027916e-01,-1.692647369183273576e-01,-3.653555020365237826e-01,0.000000000000000000e+00,-6.013052663196762765e-03,-9.129906101957077080e-01,4.079126570644103777e-01,0.000000000000000000e+00,-4.026191229920988435e-01,-3.711886234015516206e-01,-8.367298534523160969e-01,0.000000000000000000e+00,3.694804258740723157e-01,-3.350765339891345618e-02,3.292451275595021376e-01,1.000000000000000000e+00
9.112137390236757506e-01,-1.137496282632351474e-01,-3.958930294734636646e-01,0.000000000000000000e+00,4.037650954590839975e-02,-9.318107371906901859e-01,3.606649891994503920e-01,0.000000000000000000e+00,-4.099307765290631789e-01,-3.446343073054243256e-01,-8.445021922306592543e-01,0.000000000000000000e+00,3.614367302410504412e-01,-3.732294655102277869e-02,3.296355889061565736e-01,1.000000000000000000e+00
9.081830027750911194e-01,-8.330211596575459732e-02,-4.101769591862209352e-01,0.000000000000000000e+00,6.696463494947296757e-02,-9.384423278003354296e-01,3.388546620012476418e-01,0.000000000000000000e+00,-4.131626854003440652e-01,-3.352158487210737947e-01,-8.467153773015974050e-01,0.000000000000000000e+00,3.577903014058581022e-01,-4.017784835400651372e-02,3.298083742034279009e-01,1.000000000000000000e+00
9.040850739473006437e-01,-5.259824054755118244e-02,-4.240805950031362181e-01,0.000000000000000000e+00,9.471494233543270580e-02,-9.430391035162244417e-01,3.188841103581674385e-01,0.000000000000000000e+00,-4.167053501430685869e-01,-3.284714576885061632e-01,-8.476220576684694308e-01,0.000000000000000000e+00,3.542629062821493480e-01,-4.371010698402819777e-02,3.298450203928951496e-01,1.000000000000000000e+00
8.983414818139404678e-01,-2.292377848900458218e-02,-4.386773635980421582e-01,0.000000000000000000e+00,1.220283166132894587e-01,-9.462993371308746626e-01,2.993449538432242929e-01,0.000000000000000000e+00,-4.219903404225637811e-01,-3.224512578111948802e-01,-8.473189121729945983e-01,0.000000000000000000e+00,3.505663095741390900e-01,-4.773310998942513483e-02,3.296565342451078240e-01,1.000000000000000000e+00
8.813887897113126257e-01,4.273473384016752280e-02,-4.704341513921428408e-01,0.000000000000000000e+00,1.814609691023056637e-01,-9.501074397295856677e-01,2.536700939491132178e-01,0.000000000000000000e+00,-4.361308600629583143e-01,-3.089533624118114274e-01,-8.451850050463388664e-01,0.000000000000000000e+00,3.431543076333181119e-01,-5.564620776939910307e-02,3.292988527517053399e-01,1.000000000000000000e+00
8.587734219343318154e-01,1.143537519777222400e-01,-4.994118301452461495e-01,0.000000000000000000e+00,2.427689261110858310e-01,-9.492099880570163961e-01,2.001109541951098247e-01,0.000000000000000000e+00,-4.511719453616850339e-01,-2.930972856232079704e-01,-8.429340762354196048e-01,0.000000000000000000e+00,3.373271645349464887e-01,-6.356090199500682991e-02,3.297342286970699199e-01,1.000000000000000000e+00
8.464276155628712717e-01,1.475955587754209930e-01,-5.116215295934407603e-01,0.000000000000000000e+00,2.696543791708140292e-01,-9.473102239060249286e-01,1.728311383354519670e-01,0.000000000000000000e+00,-4.591640376484705799e-01,-2.842555070485940361e-01,-8.416455270735422323e-01,0.000000000000000000e+00,3.349574314838218436e-01,-6.761549497950668230e-02,3.302778764498655595e-01,1.000000000000000000e+00
8.323621763274894336e-01,1.810036480098562162e-01,-5.238240484434615318e-01,0.000000000000000000e+00,2.957485278700125453e-01,-9.443979603017732538e-01,1.436177138857846203e-01,0.000000000000000000e+00,-4.687120569343964371e-01,-2.744674284277289211e-01,-8.396288694516146345e-01,0.000000000000000000e+00,3.323880718124088696e-01,-7.188132032668020921e-02,3.307191143706331715e-01,1.000000000000000000e+00
8.156531284637842383e-01,2.157466237749502691e-01,-5.367905692708841991e-01,0.000000000000000000e+00,3.221902929851001574e-01,-9.400463854602889580e-01,1.117450454849317071e-01,0.000000000000000000e+00,-4.805086693861952973e-01,-2.640989914491104762e-01,-8.362793440951836743e-01,0.000000000000000000e+00,3.293340405471624210e-01,-7.614245182792309108e-02,3.309194709357709541e-01,1.000000000000000000e+00
7.804694303364663188e-01,2.846446664531180337e-01,-5.566198245402990130e-01,0.000000000000000000e+00,3.714400744714316804e-01,-9.272749873142402954e-01,4.662741553250707854e-02,0.000000000000000000e+00,-5.028770775396927961e-01,-2.431468628488127337e-01,-8.294541867830425019e-01,0.000000000000000000e+00,3.239881613846122277e-01,-8.424054440683122202e-02,3.310183444872680791e-01,1.000000000000000000e+00
7.503751638891346110e-01,3.505108164838371954e-01,-5.604105886289055816e-01,0.000000000000000000e+00,4.163667220926882684e-01,-9.091183262106008467e-01,-1.110714108283229577e-02,0.000000000000000000e+00,-5.133825936205458351e-01,-2.250061290683130766e-01,-8.281367969418671482e-01,0.000000000000000000e+00,3.227677294800769259e-01,-9.137687722947973601e-02,3.304782694133904797e-01,1.000000000000000000e+00
7.382765431496749464e-01,3.785079732657652962e-01,-5.582653552840415312e-01,0.000000000000000000e+00,4.352804901954567818e-01,-8.996298006049959772e-01,-3.432001777136142739e-02,0.000000000000000000e+00,-5.152324704495968577e-01,-2.176685442200881060e-01,-8.289486752818372439e-01,0.000000000000000000e+00,3.235924917952059943e-01,-9.447989117778621271e-02,3.303292686608947926e-01,1.000000000000000000e+00
7.150307155146875537e-01,4.268687392413196835e-01,-5.536198174110896764e-01,0.000000000000000000e+00,4.668839022936621674e-01,-8.810102026198540770e-01,-7.629673361274412480e-02,0.000000000000000000e+00,-5.203234158353424732e-01,-2.039255989131423530e-01,-8.292634641905776149e-01,0.000000000000000000e+00,3.259381308130859245e-01,-1.003601696679792821e-01,3.299755527884098982e-01,1.000000000000000000e+00
6.848667467214465399e-01,4.674656396580684770e-01,-5.589402131493701464e-01,0.000000000000000000e+00,4.910589766089358266e-01,-8.628212457740649377e-01,-1.199221673998743659e-01,0.000000000000000000e+00,-5.383353483391700722e-01,-1.923456076567598427e-01,-8.204865751148500141e-01,0.000000000000000000e+00,3.259846332575951355e-01,-1.044031089868523304e-01,3.304305695695959888e-01,1.000000000000000000e+00
6.654678192458709507e-01,4.855098153642704584e-01,-5.669334596178858821e-01,0.000000000000000000e+00,4.992116005347737584e-01,-8.541632732910122705e-01,-1.455116055629277483e-01,0.000000000000000000e+00,-5.549117361261033388e-01,-1.861900536791319116e-01,-8.108059132865743646e-01,0.000000000000000000e+00,3.246016536142872777e-01,-1.059011898489819470e-01,3.309835150500369250e-01,1.000000000000000000e+00
6.268557882636737189e-01,5.141534509925467233e-01,-5.853877317248729062e-01,0.000000000000000000e+00,5.075913183536654438e-01,-8.395074351697785486e-01,-1.938016169381888143e-01,0.000000000000000000e+00,-5.910925037592776876e-01,-1.756554470534025802e-01,-7.872450799592574100e-01,0.000000000000000000e+00,3.217123122568081861e-01,-1.076254037696639659e-01,3.328955222266661851e-01,1.000000000000000000e+00
6.065316445619812757e-01,5.281697021478557463e-01,-5.942532093133297000e-01,0.000000000000000000e+00,5.106310888989888941e-01,-8.316877197416937539e-01,-2.180187486935541430e-01,0.000000000000000000e+00,-6.093957269192431525e-01,-1.712121895281369377e-01,-7.741596955212461939e-01,0.000000000000000000e+00,3.208702306765121581e-01,-1.080270899924745953e-01,3.340960099414861939e-01,1.000000000000000000e+00
5.851748470809902125e-01,5.431460259912401778e-01,-6.021158856024902972e-01,0.000000000000000000e+00,5.137186358049200541e-01,-8.228231969340826790e-01,-2.429730370125791350e-01,0.000000000000000000e+00,-6.274168371109909437e-01,-1.671396595259196372e-01,-7.605343165980088527e-01,0.000000000000000000e+00,3.204026274685603526e-01,-1.082573474566466548e-01,3.355806549690811269e-01,1.000000000000000000e+00
5.406662943227188434e-01,5.779349126764699029e-01,-6.112707598063138459e-01,0.000000000000000000e+00,5.216428509255385260e-01,-8.003964386932982400e-01,-2.953557582079105459e-01,0.000000000000000000e+00,-6.599680499847674353e-01,-1.591791832281780339e-01,-7.342371283353311684e-01,0.000000000000000000e+00,3.217150197098992970e-01,-1.090675444930232774e-01,3.387625862015496980e-01,1.000000000000000000e+00
4.931438388596334765e-01,6.199512292066650110e-01,-6.102871246398184901e-01,0.000000000000000000e+00,5.309884413085568244e-01,-7.701919774401426722e-01,-3.533218645721776241e-01,0.000000000000000000e+00,-6.890938387714673485e-01,-1.498197929102847714e-01,-7.090160160528972133e-01,0.000000000000000000e+00,3.253801449755019393e-01,-1.108886122057633622e-01,3.421097715261390837e-01,1.000000000000000000e+00
4.690591504402488177e-01,6.414348804037169893e-01,-6.070630564372614391e-01,0.000000000000000000e+00,5.337654322092910686e-01,-7.535248177943293379e-01,-3.837649791834318314e-01,0.000000000000000000e+00,-7.036108692067915005e-01,-1.440235724930973293e-01,-6.958368740591354129e-01,0.000000000000000000e+00,3.277404349857821475e-01,-1.121211641136764525e-01,3.440582636297930264e-01,1.000000000000000000e+00
4.447796413339159538e-01,6.624610112847989507e-01,-6.027414255579276459e-01,0.000000000000000000e+00,5.340182246104837605e-01,-7.364209151191561942e-01,-4.153185746630406738e-01,0.000000000000000000e+00,-7.190175984830895484e-01,-1.371522999044757496e-01,-6.813244012234722646e-01,0.000000000000000000e+00,3.300741400476498999e-01,-1.136167764439810907e-01,3.463066511831527361e-01,1.000000000000000000e+00
4.188071670278025738e-01,6.841632622816612441e-01,-5.970778293417612348e-01,0.000000000000000000e+00,5.315729788940327660e-01,-7.178017679457024958e-01,-4.496348929353197188e-01,0.000000000000000000e+00,-7.362213712317854375e-01,-1.290826099079332434e-01,-6.643160184437419957e-01,0.000000000000000000e+00,3.320991376644642501e-01,-1.152880210995544941e-01,3.487728429532467866e-01,1.000000000000000000e+00
3.588970949639397889e-01,7.341186031213177143e-01,-5.764056719697147058e-01,0.000000000000000000e+00,5.192108052424950770e-01,-6.702088264545664753e-01,-5.303027583965983505e-01,0.000000000000000000e+00,-7.756322225218770239e-01,-1.089540313525632215e-01,-6.217102817533246562e-01,0.000000000000000000e+00,3.346654255928816490e-01,-1.192787158445815232e-01,3.544987874103729397e-01,1.000000000000000000e+00
3.009015841045739603e-01,7.820589078762203439e-01,-5.457314799386415727e-01,0.000000000000000000e+00,4.974133018035124532e-01,-6.169521745161735682e-01,-6.098612698392161802e-01,0.000000000000000000e+00,-8.136533272444281817e-01,-8.794756841897308219e-02,-5.746594541754809216e-01,0.000000000000000000e+00,3.372908566645140827e-01,-1.243327991380529934e-01,3.605768770923690192e-01,1.000000000000000000e+00
2.760966034246838952e-01,8.023652508691117013e-01,-5.291138031428669342e-01,0.000000000000000000e+00,4.859046986126547285e-01,-5.915050440781397523e-01,-6.434276599567907429e-01,0.000000000000000000e+00,-8.292534449462286572e-01,-7.945222128583340204e-02,-5.531962297210269996e-01,0.000000000000000000e+00,3.394865477432884027e-01,-1.274278879596398573e-01,3.634216028396219378e-01,1.000000000000000000e+00
2.537154819382596571e-01,8.224096114030411409e-01,-5.091675875367004389e-01,0.000000000000000000e+00,4.754189376979616188e-01,-5.644482790568366992e-01,-6.748005044819729292e-01,0.000000000000000000e+00,-8.423774075776554460e-01,-7.086194268209056180e-02,-5.342086561279856260e-01,0.000000000000000000e+00,3.422490279551725356e-01,-1.305592946015939892e-01,3.659792695642957727e-01,1.000000000000000000e+00
2.335721559177682538e-01,8.414585088393764511e-01,-4.872087568824551851e-01,0.000000000000000000e+00,4.674689983613763422e-01,-5.365406037101063674e-01,-7.025508259497064145e-01,0.000000000000000000e+00,-8.525910659580968609e-01,-6.365990416427495802e-02,-5.186866981620328332e-01,0.000000000000000000e+00,3.458046809880598316e-01,-1.337983981117512877e-01,3.683070276637386842e-01,1.000000000000000000e+00
1.954054713901089979e-01,8.776023600383107137e-01,-4.377345614721378508e-01,0.000000000000000000e+00,4.590902492298493121e-01,-4.762700634880568384e-01,-7.499224737186941381e-01,0.000000000000000000e+00,-8.666302854830482127e-01,-5.442176222728907498e-02,-4.959740114962142843e-01,0.000000000000000000e+00,3.543445564975765683e-01,-1.408939344559671791e-01,3.731542055328806451e-01,1.000000000000000000e+00
1.549923990532992013e-01,9.143694105186552790e-01,-3.740142834768181990e-01,0.000000000000000000e+00,4.513876629253639194e-01,-4.023061053609876536e-01,-7.964795805601422307e-01,0.000000000000000000e+00,-8.787617131879408294e-01,-4.537802599894101563e-02,-4.750986068085600311e-01,0.000000000000000000e+00,3.620583374026952739e-01,-1.487336883303092272e-01,3.789392190220343126e-01,1.000000000000000000e+00
1.360570570428318582e-01,9.321759127593319816e-01,-3.354359727300548211e-01,0.000000000000000000e+00,4.433465440029394911e-01,-3.600795122875415921e-01,-8.208333166073510379e-01,0.000000000000000000e+00,-8.859617251046816300e-01,-3.703492690093733442e-02,-4.622772283370431556e-01,0.000000000000000000e+00,3.648696413145313677e-01,-1.523148524406079118e-01,3.822633597959058660e-01,1.000000000000000000e+00
1.192121209268286325e-01,9.478576707151393776e-01,-2.955250466403926968e-01,0.000000000000000000e+00,4.318470047732579919e-01,-3.175192730687528275e-01,-8.441980944064401138e-01,0.000000000000000000e+00,-8.940317502507247882e-01,-2.698348042616658532e-02,-4.471902518254578518e-01,0.000000000000000000e+00,3.669382175451859074e-01,-1.557995672220264527e-01,3.860019983451520864e-01,1.000000000000000000e+00
9.361614481180050018e-02,9.760471447211065410e-01,-1.963383192694682644e-01,0.000000000000000000e+00,3.908423379935925257e-01,-2.174024151657862891e-01,-8.944043848355137660e-01,0.000000000000000000e+00,-9.156829005768614138e-01,6.993497316554111477e-03,-4.018406606933017655e-01,0.000000000000000000e+00,3.723691258072462928e-01,-1.671274684466305949e-01,3.953774887757380285e-01,1.000000000000000000e+00
9.387857756754022787e-02,9.799543217595579891e-01,-1.756618536844815892e-01,0.000000000000000000e+00,3.805546342122936854e-01,-1.983639839030234830e-01,-9.032223686174276622e-01,0.000000000000000000e+00,-9.199793612067241888e-01,1.794464420904492985e-02,-3.915558257744073956e-01,0.000000000000000000e+00,3.747765002619770081e-01,-1.707954745489744242e-01,3.972284358023054351e-01,1.000000000000000000e+00
9.726533915052941459e-02,9.848079584467204217e-01,-1.437827725464470574e-01,0.000000000000000000e+00,3.678048637246471575e-01,-1.698087696350883968e-01,-9.142566985681427338e-01,0.000000000000000000e+00,-9.248006537923153525e-01,3.604217871810339036e-02,-3.787409564577862708e-01,0.000000000000000000e+00,3.805928004681838894e-01,-1.783262174087955898e-01,3.984635470229230814e-01,1.000000000000000000e+00
