9.996689258240135656e-01,1.996332067300463781e-02,1.562854666237665016e-02,0.000000000000000000e+00,2.292662928111804943e-02,-9.749739204921757940e-01,-2.210904134763218565e-01,0.000000000000000000e+00,1.082393498334675332e-02,2.213797882923271287e-01,-9.751275976851033755e-01,0.000000000000000000e+00,6.228821316325607871e-01,2.953829318271457005e-01,2.864886100276237829e-02,1.000000000000000000e+00
9.996686624004194055e-01,1.995881131021533597e-02,1.565113947442459824e-02,0.000000000000000000e+00,2.292730733834313570e-02,-9.749724049631933731e-01,-2.210970263022742077e-01,0.000000000000000000e+00,1.084680409916805206e-02,2.213868694124981884e-01,-9.751257359400210545e-01,0.000000000000000000e+00,6.228897451273187613e-01,2.953853626556730561e-01,2.866286481058916841e-02,1.000000000000000000e+00
9.996688325232560013e-01,1.995858784277598080e-02,1.564055478943145172e-02,0.000000000000000000e+00,2.292470755298251645e-02,-9.749732440063302308e-01,-2.210935959194463840e-01,0.000000000000000000e+00,1.083661512389871330e-02,2.213831943681874304e-01,-9.751266835770591168e-01,0.000000000000000000e+00,6.228869500779143920e-01,2.953824082416261487e-01,2.865533283932135758e-02,1.000000000000000000e+00
9.996687402661991184e-01,1.995128221461722751e-02,1.565576487404014838e-02,0.000000000000000000e+00,2.292093171421679537e-02,-9.749737103610348621e-01,-2.210919308690339480e-01,0.000000000000000000e+00,1.085310061545847159e-02,2.213817990181276840e-01,-9.751268170194726803e-01,0.000000000000000000e+00,6.228935193285748406e-01,2.953795456696891031e-01,2.866380145654344111e-02,1.000000000000000000e+00
9.996687810683346775e-01,1.994881592304921861e-02,1.565630230376210616e-02,0.000000000000000000e+00,2.291865381264934082e-02,-9.749735914199032516e-01,-2.210926915173810625e-01,0.000000000000000000e+00,1.085415285652009849e-02,2.213825451047954085e-01,-9.751266359241197446e-01,0.000000000000000000e+00,6.228947175560167748e-01,2.953802426964516892e-01,2.866422173475352900e-02,1.000000000000000000e+00
9.996686823940342803e-01,1.995020465286884148e-02,1.566083254788071255e-02,0.000000000000000000e+00,2.292100448166707605e-02,-9.749736755912324915e-01,-2.210920766533301662e-01,0.000000000000000000e+00,1.085827635113163075e-02,2.213820492592771250e-01,-9.751267025881539263e-01,0.000000000000000000e+00,6.228960283004639775e-01,2.953809964682582168e-01,2.866680658808235319e-02,1.000000000000000000e+00
9.996687096484631052e-01,1.994827436768595308e-02,1.566155167079215718e-02,0.000000000000000000e+00,2.291931538528761692e-02,-9.749730173416589762e-01,-2.210951544905026545e-01,0.000000000000000000e+00,1.085933256138480948e-02,2.213851221908429701e-01,-9.751259931767111144e-01,0.000000000000000000e+00,6.228969114354030445e-01,2.953803572342026951e-01,2.866615631753020518e-02,1.000000000000000000e+00
9.996687969495029469e-01,1.994746670765441821e-02,1.565700733502892877e-02,0.000000000000000000e+00,2.291750458329383511e-02,-9.749734035820488698e-01,-2.210936389689187043e-01,0.000000000000000000e+00,1.085511672337022629e-02,2.213834939368874155e-01,-9.751264097814282827e-01,0.000000000000000000e+00,6.228955460531274690e-01,2.953802323723163648e-01,2.866350666759455434e-02,1.000000000000000000e+00
9.996688690529920152e-01,1.994468137204895297e-02,1.565595198280013076e-02,0.000000000000000000e+00,2.291454687609002089e-02,-9.749736259098330526e-01,-2.210929651140094432e-01,0.000000000000000000e+00,1.085472051594675406e-02,2.213827657409537519e-01,-9.751265795143759796e-01,0.000000000000000000e+00,6.228955703145495626e-01,2.953791393157043088e-01,2.866381225541957123e-02,1.000000000000000000e+00
9.996690994961170418e-01,1.992711040638988143e-02,1.566361020589733186e-02,0.000000000000000000e+00,2.289900801019056562e-02,-9.749759782664004781e-01,-2.210842014636788255e-01,0.000000000000000000e+00,1.086628360163463883e-02,2.213739878608455003e-01,-9.751284435289923058e-01,0.000000000000000000e+00,6.229039985833658699e-01,2.953639593135783392e-01,2.866345151877817965e-02,1.000000000000000000e+00
9.996696779834574054e-01,1.989425683303330458e-02,1.566845131849340170e-02,0.000000000000000000e+00,2.286784814430446733e-02,-9.749805653259456806e-01,-2.210671971576882444e-01,0.000000000000000000e+00,1.087867737492314094e-02,2.213567393639106762e-01,-9.751322209407040642e-01,0.000000000000000000e+00,6.229160038920553699e-01,2.953406049575026948e-01,2.866034955874764353e-02,1.000000000000000000e+00
9.996709272980963679e-01,1.987633611482433893e-02,1.561138298880141405e-02,0.000000000000000000e+00,2.283751058361366271e-02,-9.749858672936102533e-01,-2.210469488350340905e-01,0.000000000000000000e+00,1.082748279338365850e-02,2.213349948270865175e-01,-9.751377265193120758e-01,0.000000000000000000e+00,6.229026159578376909e-01,2.953194253208981102e-01,2.862588720507490067e-02,1.000000000000000000e+00
9.996720514446449934e-01,1.992905651964429342e-02,1.547155996983186343e-02,0.000000000000000000e+00,2.285756324869796935e-02,-9.749939463288764818e-01,-2.210092381000946793e-01,0.000000000000000000e+00,1.068037734375014078e-02,2.212946612082804243e-01,-9.751485027730428801e-01,0.000000000000000000e+00,6.228374336073033701e-01,2.953245798525822585e-01,2.855946183675383068e-02,1.000000000000000000e+00
9.996735894506403319e-01,1.986524561017935855e-02,1.545423802482739917e-02,0.000000000000000000e+00,2.279108545489803503e-02,-9.750039526822635860e-01,-2.209719565441691513e-01,0.000000000000000000e+00,1.067848656414406051e-02,2.212563076954549013e-01,-9.751572264151426861e-01,0.000000000000000000e+00,6.228531048281020777e-01,2.952735778003532929e-01,2.854753534355772282e-02,1.000000000000000000e+00
9.996721869865623500e-01,1.987115042725110317e-02,1.553714412012418417e-02,0.000000000000000000e+00,2.281389748022526198e-02,-9.750299874225965002e-01,-2.208546956930309835e-01,0.000000000000000000e+00,1.076075173316298240e-02,2.211410171126454161e-01,-9.751824735773925168e-01,0.000000000000000000e+00,6.228921428348304090e-01,2.952295773900425746e-01,2.865491771905369703e-02,1.000000000000000000e+00
9.996755995065876865e-01,2.005702219537194506e-02,1.507177869420698105e-02,0.000000000000000000e+00,2.288464968153749307e-02,-9.751916907661200007e-01,-2.201322465493819047e-01,0.000000000000000000e+00,1.028287396988696555e-02,2.204099914908208835e-01,-9.753531145969319693e-01,0.000000000000000000e+00,6.228063244117746367e-01,2.950389018203996017e-01,2.877379783081931985e-02,1.000000000000000000e+00
9.996595539261403651e-01,2.065432803950112417e-02,1.532716146698064573e-02,0.000000000000000000e+00,2.350257743843946548e-02,-9.756195869002445287e-01,-2.181623189543845098e-01,0.000000000000000000e+00,1.044768398751870671e-02,2.184524801359028767e-01,-9.757916579996827044e-01,0.000000000000000000e+00,6.226377143528220026e-01,2.942757322188082059e-01,2.988397520052708811e-02,1.000000000000000000e+00
9.996044839400439752e-01,2.198149226910078857e-02,1.698342090952926348e-02,0.000000000000000000e+00,2.511272821492154667e-02,-9.764397216915674527e-01,-2.142791816432617069e-01,0.000000000000000000e+00,1.187333921012363042e-02,2.146250630166096351e-01,-9.766243423861180606e-01,0.000000000000000000e+00,6.224854124813721246e-01,2.928629846662875180e-01,3.264626672301735449e-02,1.000000000000000000e+00
9.995728558606211678e-01,2.313252398846803518e-02,1.731297379924019372e-02,0.000000000000000000e+00,2.626766878477674802e-02,-9.771217094941780923e-01,-2.110069224290912204e-01,0.000000000000000000e+00,1.203599159045280927e-02,2.113756331561925383e-01,-9.773307918070798239e-01,0.000000000000000000e+00,6.221852572066303155e-01,2.918255222638363455e-01,3.443035525794367613e-02,1.000000000000000000e+00
9.995359899846856244e-01,2.464162707584732076e-02,1.735920048843858643e-02,0.000000000000000000e+00,2.770180163824624564e-02,-9.779808225943875666e-01,-2.068015177043154296e-01,0.000000000000000000e+00,1.188126804650252270e-02,2.071904299152634299e-01,-9.782284810928044694e-01,0.000000000000000000e+00,6.216689783376579959e-01,2.905174008778841355e-01,3.651626539973014396e-02,1.000000000000000000e+00
9.994901244998440903e-01,2.650785233885587927e-02,1.725026645810969275e-02,0.000000000000000000e+00,2.944741441961806414e-02,-9.789602388956456513e-01,-2.018674004057805782e-01,0.000000000000000000e+00,1.153647584376852643e-02,2.022763433556961921e-01,-9.792605325671788208e-01,0.000000000000000000e+00,6.209010727334979274e-01,2.890038096251044686e-01,3.886434149535638455e-02,1.000000000000000000e+00
9.993777182732297426e-01,3.094606504682768933e-02,1.634821636507645740e-02,0.000000000000000000e+00,3.348878288970216083e-02,-9.812513053168060440e-01,-1.897501624132082731e-01,0.000000000000000000e+00,1.016988358092085765e-02,1.901832278394448572e-01,-9.816959373026458158e-01,0.000000000000000000e+00,6.185978061032365583e-01,2.851376981898843255e-01,4.405266286736282677e-02,1.000000000000000000e+00
9.992095869792478879e-01,3.592121386613157663e-02,1.645036730144758957e-02,0.000000000000000000e+00,3.825364461984624015e-02,-9.837309329343121300e-01,-1.754732377392482223e-01,0.000000000000000000e+00,9.879713687054716975e-03,1.759672158261515185e-01,-9.843464482649665337e-01,0.000000000000000000e+00,6.158157568974327312e-01,2.804207402797934678e-01,5.037746716909381056e-02,1.000000000000000000e+00
9.990933837462271372e-01,3.819287008430354013e-02,1.828830583858949074e-02,0.000000000000000000e+00,4.073281058152888878e-02,-9.848490670673631930e-01,-1.685048964863697374e-01,0.000000000000000000e+00,1.157575819252065069e-02,1.691003170110643716e-01,-9.855308643614496544e-01,0.000000000000000000e+00,6.145772881436974977e-01,2.778792148330450629e-01,5.405218894809415281e-02,1.000000000000000000e+00
9.987958259007831963e-01,4.259264761310582736e-02,2.394809874888584669e-02,0.000000000000000000e+00,4.578952119193702847e-02,-9.869321903888672587e-01,-1.544309496974428375e-01,0.000000000000000000e+00,1.705785494943271724e-02,1.553445507868515263e-01,-9.877130656852501911e-01,0.000000000000000000e+00,6.121733828117507104e-01,2.725454566869491280e-01,6.232520128466736975e-02,1.000000000000000000e+00
9.983776093424189257e-01,4.694807999390174930e-02,3.191823694709639697e-02,0.000000000000000000e+00,5.099416207575006854e-02,-9.887191877622766301e-01,-1.407647331049384498e-01,0.000000000000000000e+00,2.495001972420074488e-02,1.421667386153480372e-01,-9.895282284741740986e-01,0.000000000000000000e+00,6.096167151846754173e-01,2.671571315288818194e-01,7.119598157989212583e-02,1.000000000000000000e+00
9.981433135181855265e-01,4.873267769334552885e-02,3.627393974993730480e-02,0.000000000000000000e+00,5.317394633029481205e-02,-9.895832420934936868e-01,-1.337097053343584419e-01,0.000000000000000000e+00,2.938061659462930936e-02,1.353928835899916305e-01,-9.903562724806191930e-01,0.000000000000000000e+00,6.083642723748683423e-01,2.641770491477522520e-01,7.566824837403382520e-02,1.000000000000000000e+00
9.976170798535420881e-01,5.187213692659792957e-02,4.527902711375315914e-02,0.000000000000000000e+00,5.692204478789210376e-02,-9.913132894050961097e-01,-1.184845558172949037e-01,0.000000000000000000e+00,3.874040007890523080e-02,1.207819168176917229e-01,-9.919228346860305967e-01,0.000000000000000000e+00,6.058418649892391983e-01,2.577153672283281627e-01,8.456398981371564261e-02,1.000000000000000000e+00
9.973395687411041877e-01,5.310910491818339463e-02,4.973886306809213731e-02,0.000000000000000000e+00,5.833851879756864894e-02,-9.921659153014040777e-01,-1.103818854696778928e-01,0.000000000000000000e+00,4.348775873964406957e-02,1.129920890970801672e-01,-9.926437440699861225e-01,0.000000000000000000e+00,6.046029632475189430e-01,2.542387514316767350e-01,8.891148534662049463e-02,1.000000000000000000e+00
9.970322241577026512e-01,5.411184941840404411e-02,5.458386799113117832e-02,0.000000000000000000e+00,5.947393531744374351e-02,-9.930014128940584106e-01,-1.019401388534891539e-01,0.000000000000000000e+00,4.868662596150452604e-02,1.048859401856880869e-01,-9.932917758664111529e-01,0.000000000000000000e+00,6.035243397131833110e-01,2.506247628665679850e-01,9.342947459143875755e-02,1.000000000000000000e+00
9.964715552002432197e-01,5.602937571297501862e-02,6.233695240570703150e-02,0.000000000000000000e+00,6.114221068702323236e-02,-9.946302488308502721e-01,-8.338492120397256180e-02,0.000000000000000000e+00,5.733131720922511609e-02,8.690379435728709523e-02,-9.945656592670800711e-01,0.000000000000000000e+00,6.008968727596127879e-01,2.430502886825033348e-01,1.016774756206943603e-01,1.000000000000000000e+00
9.961244016573698179e-01,5.765792671835251459e-02,6.627583881397347554e-02,0.000000000000000000e+00,6.172861787713385118e-02,-9.962109444524919200e-01,-6.110710915483563016e-02,0.000000000000000000e+00,6.250261012655733417e-02,6.496264920480936123e-02,-9.959283498001552104e-01,0.000000000000000000e+00,5.973625810590588170e-01,2.344385322791574799e-01,1.092170594923886212e-01,1.000000000000000000e+00
9.961500046077410575e-01,5.865732903383693436e-02,6.500179206623502015e-02,0.000000000000000000e+00,6.185741854748775387e-02,-9.969029770780970523e-01,-4.836177172805007640e-02,0.000000000000000000e+00,6.196490068568411003e-02,5.219742715013511031e-02,-9.967124859667002568e-01,0.000000000000000000e+00,5.947877551296313348e-01,2.296971767494555006e-01,1.124727765798801266e-01,1.000000000000000000e+00
9.963215411498440588e-01,5.966534168148728695e-02,6.135291797493910848e-02,0.000000000000000000e+00,6.183040069295482610e-02,-9.974972164276507680e-01,-3.401546222595920599e-02,0.000000000000000000e+00,5.917095994788772878e-02,3.768453879411283458e-02,-9.975363016124879634e-01,0.000000000000000000e+00,5.916712633156651080e-01,2.246784569844625934e-01,1.157267718926275196e-01,1.000000000000000000e+00
9.966457769536457567e-01,6.048244469177697230e-02,5.495285311772744874e-02,0.000000000000000000e+00,6.157104169563529239e-02,-9.979246247458325447e-01,-1.833567701536746586e-02,0.000000000000000000e+00,5.373085324067840285e-02,2.165809646102853647e-02,-9.983205508591483923e-01,0.000000000000000000e+00,5.878130069213073350e-01,2.194389780490631214e-01,1.186041976662752101e-01,1.000000000000000000e+00
9.974630882190234082e-01,5.934145127267661385e-02,3.907335028672986182e-02,0.000000000000000000e+00,5.881383797845994577e-02,-9.981537518532627162e-01,1.451781749118223781e-02,0.000000000000000000e+00,3.986348704106908863e-02,-1.218316793965138096e-02,-9.991308587066465297e-01,0.000000000000000000e+00,5.794347193664496354e-01,2.081320711235596643e-01,1.243600267674298265e-01,1.000000000000000000e+00
9.982497854110000679e-01,5.365375938906017522e-02,2.448238002158731677e-02,0.000000000000000000e+00,5.252500413997901463e-02,-9.976122985718469671e-01,4.462703865930924690e-02,0.000000000000000000e+00,2.681884814825105309e-02,-4.326382761594067816e-02,-9.987036550468908480e-01,0.000000000000000000e+00,5.712322187754405034e-01,1.965410712453845854e-01,1.303961253131118714e-01,1.000000000000000000e+00
9.986100241273192513e-01,4.890430782785012975e-02,1.916077476308864977e-02,0.000000000000000000e+00,4.772235484550677032e-02,-9.971700071042329805e-01,5.792495732369475764e-02,0.000000000000000000e+00,2.193975225872260570e-02,-5.693114183912791754e-02,-9.981370108155087628e-01,0.000000000000000000e+00,5.675959168038432479e-01,1.905045143808639929e-01,1.336178599628105867e-01,1.000000000000000000e+00
9.989615132374133344e-01,4.272220851986274770e-02,1.521364094525665296e-02,0.000000000000000000e+00,4.157174329713202859e-02,-9.967227488932691726e-01,6.925531675684386268e-02,0.000000000000000000e+00,1.812287102865284272e-02,-6.855225829456358666e-02,-9.974829068351970252e-01,0.000000000000000000e+00,5.642388381337146708e-01,1.845325105638940255e-01,1.369037295405733379e-01,1.000000000000000000e+00
9.998507906726794570e-01,1.471264800187293935e-02,7.917151078454533544e-03,0.000000000000000000e+00,1.393448511036112121e-02,-9.957717102456421499e-01,9.069331894018570206e-02,0.000000000000000000e+00,9.218191426104598366e-03,-9.057120900368959004e-02,-9.958473181399052354e-01,0.000000000000000000e+00,5.544928016914422164e-01,1.669139449365557304e-01,1.453024142096765170e-01,1.000000000000000000e+00
9.999813264281854908e-01,1.723623350357494617e-03,3.888806845487358371e-03,0.000000000000000000e+00,1.345785959883244670e-03,-9.954522684766156093e-01,9.515102178178973247e-02,0.000000000000000000e+00,4.035203809138879390e-03,-9.514584332301903591e-02,-9.954551650519326556e-01,0.000000000000000000e+00,5.506369265115146350e-01,1.607702203550968045e-01,1.471508044302703710e-01,1.000000000000000000e+00
9.999133139343721055e-01,-1.241099659548171655e-02,-2.805022222408825629e-04,0.000000000000000000e+00,-1.232380101078577386e-02,-9.951026505781039866e-01,9.797747517815899587e-02,0.000000000000000000e+00,-1.495155402089503585e-03,-9.796741121899225913e-02,-9.951885001593275826e-01,0.000000000000000000e+00,5.466754756977689755e-01,1.548412342728757163e-01,1.486880865684313824e-01,1.000000000000000000e+00
9.996606650598484078e-01,-2.543569566090612966e-02,-3.510985553336062187e-03,0.000000000000000000e+00,-2.495522053898783024e-02,-9.946292814841692920e-01,1.003522609777393187e-01,0.000000000000000000e+00,-6.044774987979730299e-03,-1.002325203170894852e-01,-9.949456781986789622e-01,0.000000000000000000e+00,5.430520235537499296e-01,1.490107372161167676e-01,1.504733880213029451e-01,1.000000000000000000e+00
9.988441442118062286e-01,-4.715044931119804356e-02,-8.243640260520620697e-03,0.000000000000000000e+00,-4.599205627088812781e-02,-9.931189632594363825e-01,1.076113491955474621e-01,0.000000000000000000e+00,-1.326109425172397778e-02,-1.071098862251867456e-01,-9.941587477118905003e-01,0.000000000000000000e+00,5.362771947010303020e-01,1.376647767488172747e-01,1.539569794419342885e-01,1.000000000000000000e+00
9.982337368335899574e-01,-5.831349710198349690e-02,-1.047328048857998871e-02,0.000000000000000000e+00,-5.658471856249364107e-02,-9.907614239389640476e-01,1.231694660248557616e-01,0.000000000000000000e+00,-1.755930266125988945e-02,-1.223616445457479801e-01,-9.923302367831539073e-01,0.000000000000000000e+00,5.305439506944541472e-01,1.261891527185691753e-01,1.581687719821137372e-01,1.000000000000000000e+00
9.973135143512095180e-01,-7.118702528259839013e-02,-1.670055163947274657e-02,0.000000000000000000e+00,-6.802799593713956816e-02,-9.870777771410204071e-01,1.450186213709361571e-01,0.000000000000000000e+00,-2.680870380592271368e-02,-1.434956886034066403e-01,-9.892877643802537868e-01,0.000000000000000000e+00,5.244834657247815501e-01,1.147769653683946983e-01,1.624918262111714473e-01,1.000000000000000000e+00
9.965500001525486873e-01,-7.950289671960741877e-02,-2.341225128762495014e-02,0.000000000000000000e+00,-7.488630193849740713e-02,-9.848053351487193741e-01,1.566245208956851542e-01,0.000000000000000000e+00,-3.550929674842158434e-02,-1.543338808089568803e-01,-9.873804449546684792e-01,0.000000000000000000e+00,5.208299524138420011e-01,1.092036889839464731e-01,1.645932476777969555e-01,1.000000000000000000e+00
9.955465056347938546e-01,-8.791769518512873582e-02,-3.373990060587634537e-02,0.000000000000000000e+00,-8.104650395045447098e-02,-9.823697919494255304e-01,1.684096284772918506e-01,0.000000000000000000e+00,-4.795216874913851846e-02,-1.649282915387701720e-01,-9.851392024289545857e-01,0.000000000000000000e+00,5.166628246635811550e-01,1.037808296152592513e-01,1.665083422101946153e-01,1.000000000000000000e+00
9.929376586328119147e-01,-1.001513647238890525e-01,-6.344491401160916311e-02,0.000000000000000000e+00,-8.647117940691330384e-02,-9.778910865578370748e-01,1.903483776235524727e-01,0.000000000000000000e+00,-8.110742726066767772e-02,-1.835214492167226430e-01,-9.796639540784121136e-01,0.000000000000000000e+00,5.074201325181941780e-01,9.365892415095383727e-02,1.707082264600005006e-01,1.000000000000000000e+00
9.912015284929511783e-01,-1.025883324074774172e-01,-8.352191849029175219e-02,0.000000000000000000e+00,-8.437321282307398695e-02,-9.765252108841100398e-01,1.981424244498515008e-01,0.000000000000000000e+00,-1.018903216750915997e-01,-1.893557070539536868e-01,-9.766077915699035161e-01,0.000000000000000000e+00,5.024163957993001972e-01,8.896913521537513914e-02,1.730364090338389338e-01,1.000000000000000000e+00
9.854495139751923150e-01,-1.063522024377903524e-01,-1.325111744114310375e-01,0.000000000000000000e+00,-7.800718148369789606e-02,-9.760110952184186672e-01,2.032190162084263896e-01,0.000000000000000000e+00,-1.509480726351419555e-01,-1.899289142423294385e-01,-9.701245728783834954e-01,0.000000000000000000e+00,4.918426027195713091e-01,8.056104242989331476e-02,1.775310541765782180e-01,1.000000000000000000e+00
9.817130719011560869e-01,-1.050640639802654236e-01,-1.586875351738579187e-01,0.000000000000000000e+00,-7.243882610880460204e-02,-9.773233578279431066e-01,1.989281720046220947e-01,0.000000000000000000e+00,-1.759926253159273535e-01,-1.837987867564444544e-01,-9.670804526104673782e-01,0.000000000000000000e+00,4.867758536644816170e-01,7.706897624453669382e-02,1.798540156970931669e-01,1.000000000000000000e+00
9.770882683677911684e-01,-1.025080348435299521e-01,-1.864708167831021224e-01,0.000000000000000000e+00,-6.628191890661339070e-02,-9.793294248477047992e-01,1.910532170750581238e-01,0.000000000000000000e+00,-2.022047406518234502e-01,-1.743195696733929601e-01,-9.637042754324647298e-01,0.000000000000000000e+00,4.815714860035788525e-01,7.392397560763012965e-02,1.819952610059003273e-01,1.000000000000000000e+00
9.651453191606343962e-01,-9.346985294865360616e-02,-2.444149062419940233e-01,0.000000000000000000e+00,-5.240916960072342090e-02,-9.841422124083566425e-01,1.694052289599006778e-01,0.000000000000000000e+00,-2.563782444898611290e-01,-1.506939828239406975e-01,-9.547573091068509710e-01,0.000000000000000000e+00,4.707693241249261140e-01,6.767026501441651687e-02,1.863298575992519135e-01,1.000000000000000000e+00
9.497722952263186746e-01,-8.006281221149059990e-02,-3.024950912370753531e-01,0.000000000000000000e+00,-3.759433434457547241e-02,-9.888975536173840730e-01,1.436977431136255423e-01,0.000000000000000000e+00,-3.106474820543936866e-01,-1.251104424620191613e-01,-9.422555487128865259e-01,0.000000000000000000e+00,4.597740125558353874e-01,6.074268003483268563e-02,1.904238331893751968e-01,1.000000000000000000e+00
9.414057246334163187e-01,-7.276881691229487858e-02,-3.293033674498715424e-01,0.000000000000000000e+00,-3.067870358854196330e-02,-9.908640386215223916e-01,1.312555561261336545e-01,0.000000000000000000e+00,-3.358526423396134275e-01,-1.134643160660681604e-01,-9.350555339728003901e-01,0.000000000000000000e+00,4.544681580148371425e-01,5.723128748841449509e-02,1.925870201562037975e-01,1.000000000000000000e+00
9.329627635760413540e-01,-6.269588619673602259e-02,-3.544438665512070208e-01,0.000000000000000000e+00,-2.154291191678670350e-02,-9.926648662669200762e-01,1.188827705205073998e-01,0.000000000000000000e+00,-3.593043517626712813e-01,-1.032794335789688350e-01,-9.274878659066189135e-01,0.000000000000000000e+00,4.495548479300015554e-01,5.341654927722962881e-02,1.948024270393973467e-01,1.000000000000000000e+00
9.246623851417404838e-01,-4.970969949540336025e-02,-3.775038624719922464e-01,0.000000000000000000e+00,-9.800145916816259753e-03,-9.942103965471842386e-01,1.069130087440639254e-01,0.000000000000000000e+00,-3.806402068466965272e-01,-9.516067686949152005e-02,-9.198138281790747550e-01,0.000000000000000000e+00,4.451273265425210734e-01,4.928806833398318571e-02,1.971197057891339588e-01,1.000000000000000000e+00
9.076736521717987394e-01,-1.964563477753865361e-02,-4.191936749147157637e-01,0.000000000000000000e+00,1.820726866579317968e-02,-9.961098552814524609e-01,8.610690146616258034e-02,0.000000000000000000e+00,-4.192626476974033456e-01,-8.579098933555549811e-02,-9.038023779536041857e-01,0.000000000000000000e+00,4.370043588592701922e-01,4.039472644511783728e-02,2.022816866610118447e-01,1.000000000000000000e+00
8.893395564562942557e-01,1.896039842436459538e-02,-4.568330149134577911e-01,0.000000000000000000e+00,5.214007453288189986e-02,-9.968181046867511386e-01,6.013173619335405312e-02,0.000000000000000000e+00,-4.542480440906612182e-01,-7.729832727414467919e-02,-8.875154550994746039e-01,0.000000000000000000e+00,4.296601545177955450e-01,3.231192151841798949e-02,2.077668276674268788e-01,1.000000000000000000e+00
8.791306486582592949e-01,3.784815700681119083e-02,-4.750553299375810945e-01,0.000000000000000000e+00,6.798446493040873062e-02,-9.965966392480976044e-01,4.641118473742761319e-02,0.000000000000000000e+00,-4.716910489802405015e-01,-7.309928474910924734e-02,-8.787286548651347395e-01,0.000000000000000000e+00,4.259302326501177571e-01,2.833369897346323801e-02,2.105050267548282394e-01,1.000000000000000000e+00
8.684308033399682492e-01,5.572428618915587634e-02,-4.926494602049359961e-01,0.000000000000000000e+00,8.231616501878676051e-02,-9.960685498874422006e-01,3.243824599043992202e-02,0.000000000000000000e+00,-4.889144484442928817e-01,-6.872470945068354098e-02,-8.696203633846968373e-01,0.000000000000000000e+00,4.222428214081550002e-01,2.463994968484274281e-02,2.132888798577523004e-01,1.000000000000000000e+00
8.574095209612834223e-01,7.280725458900211278e-02,-5.094396568244005108e-01,0.000000000000000000e+00,9.533659729804085103e-02,-9.952687446172655550e-01,1.821554569075256938e-02,0.000000000000000000e+00,-5.057128803733335065e-01,-6.418766152646512846e-02,-8.603106571072280939e-01,0.000000000000000000e+00,4.186541084013868930e-01,2.130759945236323713e-02,2.161022833234436391e-01,1.000000000000000000e+00
8.246232494362640830e-01,1.149030189035021438e-01,-5.538723134777968626e-01,0.000000000000000000e+00,1.239659964721650659e-01,-9.920494153035709362e-01,-2.123996741322027593e-02,0.000000000000000000e+00,-5.519198672834052521e-01,-5.114734705733418180e-02,-8.323271045609800245e-01,0.000000000000000000e+00,4.086708526088511650e-01,1.286739425705888881e-02,2.241896417361848859e-01,1.000000000000000000e+00
8.139289159674057972e-01,1.274857773003393591e-01,-5.667872998219526393e-01,0.000000000000000000e+00,1.323411781443486479e-01,-9.906524139662992168e-01,-3.277734234678182645e-02,0.000000000000000000e+00,-5.656787428096962111e-01,-4.833180282805732420e-02,-8.232081126717780695e-01,0.000000000000000000e+00,4.057218653396646446e-01,1.043493245225516307e-02,2.266250383988981099e-01,1.000000000000000000e+00
7.931277823433039442e-01,1.541121600404708469e-01,-5.892185586894400640e-01,0.000000000000000000e+00,1.497571363347928175e-01,-9.870920152504462086e-01,-5.659417325859441433e-02,0.000000000000000000e+00,-5.903461507990719337e-01,-4.335410759541946657e-02,-8.059850144955080786e-01,0.000000000000000000e+00,4.006227348368366914e-01,6.062079481139137811e-03,2.308193900954339794e-01,1.000000000000000000e+00
7.827290810689356837e-01,1.685340175068254787e-01,-5.990928287779755390e-01,0.000000000000000000e+00,1.593742916033597523e-01,-9.848071231398412007e-01,-6.881505860031716937e-02,0.000000000000000000e+00,-6.016001461604737477e-01,-4.161724887021545777e-02,-7.977125226146138948e-01,0.000000000000000000e+00,3.983068401069483344e-01,4.199996303533811912e-03,2.327477318682110163e-01,1.000000000000000000e+00
7.596168041422259876e-01,2.067870299990099692e-01,-6.166053697383339083e-01,0.000000000000000000e+00,1.853612892027825532e-01,-9.776099816380648955e-01,-9.950207619900822142e-02,0.000000000000000000e+00,-6.233873051411242816e-01,-3.871206246341216822e-02,-7.809543162110799130e-01,0.000000000000000000e+00,3.936972020838195307e-01,9.001942264155862522e-04,2.367149436595265277e-01,1.000000000000000000e+00
7.326292653588212245e-01,2.532325788972738523e-01,-6.317502413343727419e-01,0.000000000000000000e+00,2.158089223114732780e-01,-9.667330973478737155e-01,-1.372383854617776899e-01,0.000000000000000000e+00,-6.454995256957671845e-01,-3.579317036193625789e-02,-7.629214974569672458e-01,0.000000000000000000e+00,3.891855892284483698e-01,-2.354833231775493516e-03,2.415606875910849827e-01,1.000000000000000000e+00
7.184109717182183275e-01,2.768904285193575232e-01,-6.381207669481224753e-01,0.000000000000000000e+00,2.303642528695678537e-01,-9.602908685769704356e-01,-1.573356464020202738e-01,0.000000000000000000e+00,-6.563589170463134392e-01,-3.396921311358638840e-02,-7.536836634651399303e-01,0.000000000000000000e+00,3.870921634375293907e-01,-4.112300570686422754e-03,2.443549852749689610e-01,1.000000000000000000e+00
7.043887721591091111e-01,2.993869581353998388e-01,-6.435717938628320312e-01,0.000000000000000000e+00,2.434576844871353118e-01,-9.535880459044007162e-01,-1.771410214309418474e-01,0.000000000000000000e+00,-6.667489178588396070e-01,-3.190696645830282119e-02,-7.445991042336104204e-01,0.000000000000000000e+00,3.852134478729484779e-01,-5.904506228257833111e-03,2.473253943393315668e-01,1.000000000000000000e+00
6.912896208329692982e-01,3.199853839297259195e-01,-6.478493351861713823e-01,0.000000000000000000e+00,2.546922189611701137e-01,-9.469514987566799435e-01,-1.959476448042212771e-01,0.000000000000000000e+00,-6.761953001307836608e-01,-2.954618050679358454e-02,-7.361297027688118444e-01,0.000000000000000000e+00,3.836095284179806275e-01,-7.779983586401283298e-03,2.503364800582563721e-01,1.000000000000000000e+00
6.679055505831880124e-01,3.541458135620049741e-01,-6.545713598515310316e-01,0.000000000000000000e+00,2.709730337437203374e-01,-9.348662556005196134e-01,-2.293020846490431697e-01,0.000000000000000000e+00,-6.931563949357898435e-01,-2.421951838410998231e-02,-7.203801962081278765e-01,0.000000000000000000e+00,3.809349272106929418e-01,-1.172187453529001215e-02,2.566474155020008197e-01,1.000000000000000000e+00
6.462920561979890177e-01,3.829725958904119376e-01,-6.600146330147105278e-01,0.000000000000000000e+00,2.814714694385432314e-01,-9.235824924340166886e-01,-2.602881834864676502e-01,0.000000000000000000e+00,-7.092748568509508189e-01,-1.755344125422140730e-02,-7.047134553413874070e-01,0.000000000000000000e+00,3.781717346314570349e-01,-1.612839942462889614e-02,2.626461772941408035e-01,1.000000000000000000e+00
6.353225274391384181e-01,3.991232424319646754e-01,-6.610950539673915438e-01,0.000000000000000000e+00,2.876371308345429534e-01,-9.167778863072072459e-01,-2.770630524710386289e-01,0.000000000000000000e+00,-7.166734282690286895e-01,-1.413135784861366089e-02,-6.972657326575512071e-01,0.000000000000000000e+00,3.768638404219485372e-01,-1.825833655336076000e-02,2.654823462682061042e-01,1.000000000000000000e+00
6.243699937393488719e-01,4.170404393398585152e-01,-6.604696281997769480e-01,0.000000000000000000e+00,2.950284546394614238e-01,-9.088143581298077089e-01,-2.949498606735813100e-01,0.000000000000000000e+00,-7.232642257727448509e-01,-1.069969708421914488e-02,-6.904885054797493815e-01,0.000000000000000000e+00,3.757079153463419030e-01,-2.032077893790640299e-02,2.681497200685084015e-01,1.000000000000000000e+00
6.140128135820559496e-01,4.368136634794776985e-01,-6.573909301594397236e-01,0.000000000000000000e+00,3.040353106029851649e-01,-8.995121656507888419e-01,-3.137214379891538063e-01,0.000000000000000000e+00,-7.283829735363438473e-01,-7.241212233656196297e-03,-6.851319644475367676e-01,0.000000000000000000e+00,3.749250299742460935e-01,-2.238344263752154936e-02,2.705812074730729044e-01,1.000000000000000000e+00
5.957306496376026939e-01,4.754923165318826195e-01,-6.472965293454862046e-01,0.000000000000000000e+00,3.216406787859938388e-01,-8.797088270495562190e-01,-3.502005143662519360e-01,0.000000000000000000e+00,-7.359642940036918990e-01,4.282930982990687009e-04,-6.770202172141311925e-01,0.000000000000000000e+00,3.740177158356667309e-01,-2.692253348732765589e-02,2.750947000787695162e-01,1.000000000000000000e+00
5.777194495591291279e-01,5.123153450143672627e-01,-6.354163766894231902e-01,0.000000000000000000e+00,3.372687471915012947e-01,-8.587437421912114122e-01,-3.857327109755116501e-01,0.000000000000000000e+00,-7.432909347283995771e-01,8.539368560024880941e-03,-6.689137952944147480e-01,0.000000000000000000e+00,3.731317852083058662e-01,-3.171709246879988314e-02,2.798574030787127631e-01,1.000000000000000000e+00
5.705167637789574364e-01,5.260340758004831141e-01,-6.306976456632175099e-01,0.000000000000000000e+00,3.417293958991220459e-01,-8.503566397258047749e-01,-4.001191724397463734e-01,0.000000000000000000e+00,-7.468086281138415217e-01,1.274701535829486990e-02,-6.649168268093215151e-01,0.000000000000000000e+00,3.726178986564644413e-01,-3.415798132873631987e-02,2.820631736445610716e-01,1.000000000000000000e+00
5.624894272747668067e-01,5.404639782316266183e-01,-6.256876851428012642e-01,0.000000000000000000e+00,3.454246270007240716e-01,-8.411652785054741788e-01,-4.160571453531679009e-01,0.000000000000000000e+00,-7.511851185211547710e-01,1.790015477732749549e-02,-6.598488479730083567e-01,0.000000000000000000e+00,3.718046537938707319e-01,-3.697499590235781008e-02,2.845683433371014592e-01,1.000000000000000000e+00
5.481049863239592090e-01,5.650966687814653611e-01,-6.166258393873155219e-01,0.000000000000000000e+00,3.506387636327495949e-01,-8.245665702407509734e-01,-4.439855578515024548e-01,0.000000000000000000e+00,-7.593584332373208845e-01,2.713829866380370465e-02,-6.501063625415424152e-01,0.000000000000000000e+00,3.700809374125340612e-01,-4.177545584165243825e-02,2.889659602829111607e-01,1.000000000000000000e+00
5.322884974330930330e-01,5.942404554804141537e-01,-6.029328183737042712e-01,0.000000000000000000e+00,3.583047041153293866e-01,-8.034203588809010199e-01,-4.755146820506372940e-01,0.000000000000000000e+00,-7.669933295666162554e-01,3.707804439454862738e-02,-6.405828994159863399e-01,0.000000000000000000e+00,3.682909784364303274e-01,-4.698049961136385733e-02,2.932405661795214891e-01,1.000000000000000000e+00
5.252082837517110248e-01,6.088362358749482839e-01,-5.945211884074569353e-01,0.000000000000000000e+00,3.632495094771294175e-01,-7.921930147277471690e-01,-4.903679926161542135e-01,0.000000000000000000e+00,-7.695441514915732917e-01,4.158660241689803028e-02,-6.372380665061792016e-01,0.000000000000000000e+00,3.677430622923479886e-01,-4.954638275425045368e-02,2.950626392871398829e-01,1.000000000000000000e+00
5.193243559584845848e-01,6.228392878770917518e-01,-5.851104012801948695e-01,0.000000000000000000e+00,3.687689960799069855e-01,-7.809846529103392498e-01,-5.040368501904821663e-01,0.000000000000000000e+00,-7.709110389208865266e-01,4.598892275777951427e-02,-6.352804019120203982e-01,0.000000000000000000e+00,3.675278177483231046e-01,-5.221345987520063098e-02,2.966628066094037508e-01,1.000000000000000000e+00
5.055417045417950339e-01,6.655226010164849715e-01,-5.490792287151617934e-01,0.000000000000000000e+00,3.888332312133594981e-01,-7.438426705701502994e-01,-5.435876623364928051e-01,0.000000000000000000e+00,-7.702132637527955294e-01,6.130716304489149115e-02,-6.348330174925163050e-01,0.000000000000000000e+00,3.682357375967508228e-01,-6.155542944419727797e-02,3.004329174375104383e-01,1.000000000000000000e+00
5.010736247694553835e-01,6.807394872913753447e-01,-5.343217381914033837e-01,0.000000000000000000e+00,3.965748483658783630e-01,-7.294057730060040656e-01,-5.573834899333692805e-01,0.000000000000000000e+00,-7.691851208384522520e-01,6.739290090789322452e-02,-6.354623881772659688e-01,0.000000000000000000e+00,3.687659712771349518e-01,-6.482754085695159596e-02,3.015111115088506266e-01,1.000000000000000000e+00
4.970902201408809451e-01,6.950004308170248946e-01,-5.194771035432150796e-01,0.000000000000000000e+00,4.035873407208871444e-01,-7.151775893301607345e-01,-5.706303716338191334e-01,0.000000000000000000e+00,-7.681215254666481362e-01,7.400181903446534371e-02,-6.360134062222113638e-01,0.000000000000000000e+00,3.693152109548016870e-01,-6.838444062670082091e-02,3.025088796982406403e-01,1.000000000000000000e+00
4.885822252438470348e-01,7.235002957059295525e-01,-4.876632836193550702e-01,0.000000000000000000e+00,4.186028817494653054e-01,-6.847654114875497688e-01,-5.965305570735988105e-01,0.000000000000000000e+00,-7.655397225272558837e-01,8.731865230914102882e-02,-6.374357898579334769e-01,0.000000000000000000e+00,3.707476488451377783e-01,-7.563416054850945203e-02,3.043677251595922062e-01,1.000000000000000000e+00
4.843643223602495662e-01,7.369902689301778276e-01,-4.713992931983758128e-01,0.000000000000000000e+00,4.256741405659906774e-01,-6.692778944402781871e-01,-6.089740330820363479e-01,0.000000000000000000e+00,-7.643197783292701164e-01,9.430462152932950204e-02,-6.379043147784041468e-01,0.000000000000000000e+00,3.716837712682000694e-01,-7.948588179378478225e-02,3.052941237923305073e-01,1.000000000000000000e+00
4.753081705024078674e-01,7.605523597081248477e-01,-4.422928872334093708e-01,0.000000000000000000e+00,4.361186765887181127e-01,-6.402741332093858651e-01,-6.323213432857403005e-01,0.000000000000000000e+00,-7.641168963459225028e-01,1.076573849402004818e-01,-6.360308610331043555e-01,0.000000000000000000e+00,3.735068012650967217e-01,-8.677321964124509734e-02,3.074625329862333833e-01,1.000000000000000000e+00
4.651704459980270379e-01,7.804681265795915257e-01,-4.176921192272456396e-01,0.000000000000000000e+00,4.422342170495567881e-01,-6.136425989159027816e-01,-6.541042768301628119e-01,0.000000000000000000e+00,-7.668359810835346790e-01,1.195545326633010719e-01,-6.306102535126688613e-01,0.000000000000000000e+00,3.755029387113694161e-01,-9.368133622679160333e-02,3.101749383139251193e-01,1.000000000000000000e+00
4.576891189569464169e-01,7.909822115911691043e-01,-4.060154655132800494e-01,0.000000000000000000e+00,4.443568257278963651e-01,-5.990322500642184522e-01,-6.660991830900530042e-01,0.000000000000000000e+00,-7.701037897312760228e-01,1.244530009004340410e-01,-6.256609334203336870e-01,0.000000000000000000e+00,3.763145547682409942e-01,-9.680516297654734315e-02,3.120877915087802434e-01,1.000000000000000000e+00
4.479702219023354859e-01,8.025373622105272942e-01,-3.940015348271495021e-01,0.000000000000000000e+00,4.456951304367839928e-01,-5.824947941269945639e-01,-6.797326036178465980e-01,0.000000000000000000e+00,-7.750295753518015029e-01,1.288978815035060899e-01,-6.186392272349970911e-01,0.000000000000000000e+00,3.768262124156246951e-01,-9.988788173099702461e-02,3.144078941344061739e-01,1.000000000000000000e+00
4.238783238130000575e-01,8.269371865929515675e-01,-3.694357899993226946e-01,0.000000000000000000e+00,4.459110434355704200e-01,-5.455722585524693802e-01,-7.095738150054345938e-01,0.000000000000000000e+00,-7.883420706284353097e-01,1.360400799181554210e-01,-6.000082302211637852e-01,0.000000000000000000e+00,3.776234970714675843e-01,-1.054895463910534986e-01,3.196993588856317237e-01,1.000000000000000000e+00
4.109489469554662988e-01,8.390773635448531831e-01,-3.564419838964259513e-01,0.000000000000000000e+00,4.449458206476856748e-01,-5.258567307473638319e-01,-7.248990704346781611e-01,0.000000000000000000e+00,-7.956991368834146483e-01,1.393018205977568091e-01,-5.894555847060402032e-01,0.000000000000000000e+00,3.780950876313705633e-01,-1.079995701284423709e-01,3.226737334748758235e-01,1.000000000000000000e+00
3.865815509747812517e-01,8.593778728019910718e-01,-3.346716645990005512e-01,0.000000000000000000e+00,4.395792186785421607e-01,-4.907111409567258553e-01,-7.522987661482100075e-01,0.000000000000000000e+00,-8.107516372266404536e-01,1.437128818940262009e-01,-5.674754534885502189e-01,0.000000000000000000e+00,3.794857973444507038e-01,-1.132214895602728921e-01,3.280802309127123784e-01,1.000000000000000000e+00
3.745394084881704111e-01,8.674611471212608782e-01,-3.274326444104279643e-01,0.000000000000000000e+00,4.362171891235757104e-01,-4.764702358901516943e-01,-7.633291721957952136e-01,0.000000000000000000e+00,-8.181860612815275990e-01,1.430678633636690567e-01,-5.568690650387887464e-01,0.000000000000000000e+00,3.804789626786952983e-01,-1.163829697459261570e-01,3.305942439497444041e-01,1.000000000000000000e+00
