9.995671435157228446e-01,2.217298756926797121e-02,1.883165227163851110e-02,0.000000000000000000e+00,2.582501669377999451e-02,-9.743406534690501886e-01,-2.235488904277508349e-01,0.000000000000000000e+00,1.339195544831302091e-02,2.239427651674441577e-01,-9.745102839161983166e-01,0.000000000000000000e+00,6.231988201238346514e-01,2.977707758793846637e-01,3.068318173861777146e-02,1.000000000000000000e+00
9.995669799792969989e-01,2.217788400958901895e-02,1.883456655017626963e-02,0.000000000000000000e+00,2.583046564087231739e-02,-9.743401204111949987e-01,-2.235505842154788536e-01,0.000000000000000000e+00,1.339365278270488076e-02,2.239445995885083474e-01,-9.745098390371843555e-01,0.000000000000000000e+00,6.231986750568905276e-01,2.977747378339051232e-01,3.068766554975555644e-02,1.000000000000000000e+00
9.995669977453622845e-01,2.218613335767890757e-02,1.882390517843616010e-02,0.000000000000000000e+00,2.583614027890740461e-02,-9.743396080456314667e-01,-2.235521615869154877e-01,0.000000000000000000e+00,1.338137595703405881e-02,2.239460117063933886e-01,-9.745096831834439977e-01,0.000000000000000000e+00,6.231923071575261597e-01,2.977790596443186111e-01,3.068011551381389160e-02,1.000000000000000000e+00
9.995673497634148807e-01,2.218574943368581756e-02,1.880565633570409345e-02,0.000000000000000000e+00,2.583169011069889540e-02,-9.743395273890604891e-01,-2.235530273883470087e-01,0.000000000000000000e+00,1.336366014746038708e-02,2.239464006671265661e-01,-9.745098369004295824e-01,0.000000000000000000e+00,6.231855550436286029e-01,2.977792767892698533e-01,3.067111923980199439e-02,1.000000000000000000e+00
9.995671014059190895e-01,2.218433771516772207e-02,1.882051668569890632e-02,0.000000000000000000e+00,2.583362810171195567e-02,-9.743397217578450009e-01,-2.235519562991032383e-01,0.000000000000000000e+00,1.337848247270178800e-02,2.239456948488445787e-01,-9.745097957257258248e-01,0.000000000000000000e+00,6.231911553341097365e-01,2.977780552238107337e-01,3.067983403411839866e-02,1.000000000000000000e+00
9.995672103023741650e-01,2.218776157614455943e-02,1.881069445229283793e-02,0.000000000000000000e+00,2.583475821582903106e-02,-9.743398108815133352e-01,-2.235514372588884024e-01,0.000000000000000000e+00,1.336815986379483526e-02,2.239449678775905228e-01,-9.745101044443617022e-01,0.000000000000000000e+00,6.231877839162536237e-01,2.977787191074187101e-01,3.067356798083870420e-02,1.000000000000000000e+00
9.995671653300212123e-01,2.219001426194666671e-02,1.881042695870471446e-02,0.000000000000000000e+00,2.583695831251167987e-02,-9.743386789458262642e-01,-2.235561164371667742e-01,0.000000000000000000e+00,1.336727050264474581e-02,2.239496695415715555e-01,-9.745090361774638721e-01,0.000000000000000000e+00,6.231870810638129310e-01,2.977817572338881669e-01,3.067558956339431001e-02,1.000000000000000000e+00
9.995671166988372436e-01,2.218977576802123527e-02,1.881329229418234397e-02,0.000000000000000000e+00,2.583726692747679785e-02,-9.743403559038870121e-01,-2.235487718508271382e-01,0.000000000000000000e+00,1.337031020895445427e-02,2.239423969603794029e-01,-9.745106657438676878e-01,0.000000000000000000e+00,6.231881601547215599e-01,2.977792596857579133e-01,3.067584345179755895e-02,1.000000000000000000e+00
9.995670954669415575e-01,2.219092594301920809e-02,1.881306372662045964e-02,0.000000000000000000e+00,2.583834949363826919e-02,-9.743401161788962650e-01,-2.235496915702356868e-01,0.000000000000000000e+00,1.336980545704162179e-02,2.239433260139849780e-01,-9.745104591721089893e-01,0.000000000000000000e+00,6.231872169268365402e-01,2.977797706739853667e-01,3.067597683116716351e-02,1.000000000000000000e+00
9.995674126720451858e-01,2.219164057353734121e-02,1.879535884139116667e-02,0.000000000000000000e+00,2.583506591395558216e-02,-9.743404421159334028e-01,-2.235486504717881240e-01,0.000000000000000000e+00,1.335242401681810062e-02,2.239418370672690006e-01,-9.745110396418357190e-01,0.000000000000000000e+00,6.231815138733920456e-01,2.977782184589484737e-01,3.066491812084963867e-02,1.000000000000000000e+00
9.995688304773203692e-01,2.211305920309291490e-02,1.881256633450990867e-02,0.000000000000000000e+00,2.576184366855263988e-02,-9.743503727370266265e-01,-2.235138149180544709e-01,0.000000000000000000e+00,1.338771455316850774e-02,2.239063998581144188e-01,-9.745186982308861046e-01,0.000000000000000000e+00,6.232089786500684125e-01,2.977278968253597169e-01,3.066966787596612370e-02,1.000000000000000000e+00
9.995756334918661778e-01,2.193946993325851177e-02,1.865367228163690785e-02,0.000000000000000000e+00,2.555494952353519825e-02,-9.743911512000541508e-01,-2.233597455207433635e-01,0.000000000000000000e+00,1.327583438841113163e-02,2.237459605821481845e-01,-9.745570775200717017e-01,0.000000000000000000e+00,6.232175008355114176e-01,2.975650216509023172e-01,3.057018584788536580e-02,1.000000000000000000e+00
9.995755612217449571e-01,2.195490890115215157e-02,1.863937457598776812e-02,0.000000000000000000e+00,2.554825136460879206e-02,-9.747024836571367423e-01,-2.219979777070685001e-01,0.000000000000000000e+00,1.329415526991692062e-02,2.223842381692890668e-01,-9.748684608958912978e-01,0.000000000000000000e+00,6.234546876623328071e-01,2.970956768126654657e-01,3.117746739343386919e-02,1.000000000000000000e+00
9.995761840699386447e-01,2.228828312522724772e-02,1.820526233587931031e-02,0.000000000000000000e+00,2.574144641934037955e-02,-9.753048571175444437e-01,-2.193138402389943065e-01,0.000000000000000000e+00,1.286779956177082351e-02,2.196937511102813045e-01,-9.754840211185070720e-01,0.000000000000000000e+00,6.236493238649124526e-01,2.963419159196851171e-01,3.198227776789544508e-02,1.000000000000000000e+00
9.996434312301720748e-01,2.347219141596401312e-02,1.195046148517085738e-02,0.000000000000000000e+00,2.542578315934717476e-02,-9.783870047686666904e-01,-2.051661408511134821e-01,0.000000000000000000e+00,6.876609683993125700e-03,2.054007894567272119e-01,-9.786537834851541939e-01,0.000000000000000000e+00,6.235845637117929385e-01,2.920181060939075479e-01,3.376272798823081595e-02,1.000000000000000000e+00
9.996828199203778853e-01,2.451197859370226814e-02,-3.764221389831452162e-03,0.000000000000000000e+00,2.346752340769103079e-02,-9.841078524208249911e-01,-1.759595324214901224e-01,0.000000000000000000e+00,-8.017670485058886465e-03,1.758187696655506282e-01,-9.843899010012673312e-01,0.000000000000000000e+00,6.226720585042087031e-01,2.826673544635445734e-01,3.551844684568924299e-02,1.000000000000000000e+00
9.996049424180464271e-01,2.458936571058290346e-02,-1.288677960443527191e-02,0.000000000000000000e+00,2.225306227129557682e-02,-9.872383409830850498e-01,-1.576261596744787108e-01,0.000000000000000000e+00,-1.659856977699137454e-02,1.572801460861617540e-01,-9.874145244670415877e-01,0.000000000000000000e+00,6.222654023724137895e-01,2.767199255650559797e-01,3.719279135940150444e-02,1.000000000000000000e+00
9.994527480833085287e-01,2.404155972182210263e-02,-2.229247980985863548e-02,0.000000000000000000e+00,2.074579120018153755e-02,-9.902308614717246771e-01,-1.378158192576332541e-01,0.000000000000000000e+00,-2.538849754300301007e-02,1.372805672312475134e-01,-9.902067814619205377e-01,0.000000000000000000e+00,6.219196296846107863e-01,2.701311725994575696e-01,3.928392605269541427e-02,1.000000000000000000e+00
9.992376220523900843e-01,2.312763471079242947e-02,-3.114537026554145549e-02,0.000000000000000000e+00,1.933248187447431099e-02,-9.929254620180434365e-01,-1.170727505529636364e-01,0.000000000000000000e+00,-3.363329451515447571e-02,1.163836203088831345e-01,-9.926347034150350135e-01,0.000000000000000000e+00,6.217443166851202019e-01,2.632697039077625534e-01,4.239096302996295251e-02,1.000000000000000000e+00
9.985123997215941127e-01,2.114266628437030601e-02,-5.006717653133593848e-02,0.000000000000000000e+00,1.741494063698217215e-02,-9.971147797329613649e-01,-7.375352725061194714e-02,0.000000000000000000e+00,-5.148305912127258688e-02,7.277329568723732434e-02,-9.960188462365224815e-01,0.000000000000000000e+00,6.205970094601152010e-01,2.495434720095391357e-01,5.056248977020463137e-02,1.000000000000000000e+00
9.974842520400863943e-01,1.904032024901240738e-02,-6.814235128063246549e-02,0.000000000000000000e+00,1.703031670713931606e-02,-9.993964577493141821e-01,-2.995722704433757128e-02,0.000000000000000000e+00,-6.867294185620402558e-02,2.872192937418143951e-02,-9.972256905183696229e-01,0.000000000000000000e+00,6.186832610188958137e-01,2.365609696075677004e-01,6.175935834875463659e-02,1.000000000000000000e+00
9.969055017980106292e-01,1.792227531051474032e-02,-7.641308417907917427e-02,0.000000000000000000e+00,1.733603995898837236e-02,-9.998054047568932790e-01,-8.328339489562118850e-03,0.000000000000000000e+00,-7.654895115411708417e-02,6.978001525420879717e-03,-9.970414061471649658e-01,0.000000000000000000e+00,6.174161692528711276e-01,2.304242512618607797e-01,6.845899077535855248e-02,1.000000000000000000e+00
9.962258356340788490e-01,1.683235475743356802e-02,-8.503824521772518352e-02,0.000000000000000000e+00,1.798001917602253669e-02,-9.997474470038690830e-01,1.274786338507579754e-02,0.000000000000000000e+00,-8.480382473162816070e-02,-1.422901408567006469e-02,-9.962960636623218180e-01,0.000000000000000000e+00,6.156733481024460053e-01,2.246076672475754432e-01,7.554568586228310734e-02,1.000000000000000000e+00
9.954754659878773948e-01,1.566419209856741504e-02,-9.361611294710692199e-02,0.000000000000000000e+00,1.891763832752652724e-02,-9.992342672740506249e-01,3.396688043680410468e-02,0.000000000000000000e+00,-9.301415509631316691e-02,-3.558487701649688112e-02,-9.950286847520728450e-01,0.000000000000000000e+00,6.135839721411782133e-01,2.189131600192825433e-01,8.308781132877272879e-02,1.000000000000000000e+00
9.938430745928021892e-01,1.281097619966001071e-02,-1.099662169666011935e-01,0.000000000000000000e+00,2.141887427948426653e-02,-9.967559838358726054e-01,7.745635811984302732e-02,0.000000000000000000e+00,-1.086192844786827427e-01,-7.933634514727497256e-02,-9.909125064192152443e-01,0.000000000000000000e+00,6.083189885335343883e-01,2.075189784496686007e-01,9.906199792470074539e-02,1.000000000000000000e+00
9.921680062156604807e-01,8.579977184494075315e-03,-1.245382605256852987e-01,0.000000000000000000e+00,2.379238133285517878e-02,-9.923353948640347699e-01,1.211822329871844878e-01,0.000000000000000000e+00,-1.225463425370792586e-01,-1.231985682308192609e-01,-9.847865285008021718e-01,0.000000000000000000e+00,6.021412372185467321e-01,1.962248897192165886e-01,1.158249508039214254e-01,1.000000000000000000e+00
9.914363889785191564e-01,5.708474994080289279e-03,-1.303918970783266018e-01,0.000000000000000000e+00,2.445145228109924310e-02,-9.894688036571567258e-01,1.425985973697806997e-01,0.000000000000000000e+00,-1.282071622665635624e-01,-1.445684930904294896e-01,-9.811538484606364685e-01,0.000000000000000000e+00,5.990201545329810751e-01,1.906115209819803369e-01,1.245721313797557156e-01,1.000000000000000000e+00
9.906940340804307743e-01,2.277231080178728894e-03,-1.360179839479240538e-01,0.000000000000000000e+00,2.479312169990605802e-02,-9.861269633973287485e-01,1.640721185282420225e-01,0.000000000000000000e+00,-1.337599466437567053e-01,-1.659207739033149720e-01,-9.770253699168637285e-01,0.000000000000000000e+00,5.957346785366590680e-01,1.849720462871373983e-01,1.334218523656959532e-01,1.000000000000000000e+00
9.900007225142803957e-01,-1.904454711552265762e-03,-1.409811667374854804e-01,0.000000000000000000e+00,2.452342925727242495e-02,-9.823324061336180524e-01,1.854788186785975290e-01,0.000000000000000000e+00,-1.388462779719911999e-01,-1.870851081400706772e-01,-9.724818113494682059e-01,0.000000000000000000e+00,5.924571664444913122e-01,1.792614590602656932e-01,1.425973855130352741e-01,1.000000000000000000e+00
9.868481443433740896e-01,-1.968599340486589661e-02,-1.603868715665690281e-01,0.000000000000000000e+00,2.169714065971946673e-02,-9.674110749187692093e-01,2.522415372473619244e-01,0.000000000000000000e+00,-1.601287440382863636e-01,-2.524088891245096500e-01,-9.542790671620392517e-01,0.000000000000000000e+00,5.804473186332866907e-01,1.614281320729945290e-01,1.700481718730772751e-01,1.000000000000000000e+00
9.851609665179000830e-01,-2.788686987659533961e-02,-1.692954206090969971e-01,0.000000000000000000e+00,2.009912538337696106e-02,-9.611430996494724210e-01,2.752829708794858332e-01,0.000000000000000000e+00,-1.703971863827107858e-01,-2.746060145599341085e-01,-9.463383832648685212e-01,0.000000000000000000e+00,5.754383039691609580e-01,1.551662717167119621e-01,1.789974851806699074e-01,1.000000000000000000e+00
9.832283611485576058e-01,-3.691035196723987943e-02,-1.785507285114918130e-01,0.000000000000000000e+00,1.834247160883748645e-02,-9.542920914389358966e-01,2.982799102413519754e-01,0.000000000000000000e+00,-1.814026571742218819e-01,-2.965580386398180557e-01,-9.376280742854470329e-01,0.000000000000000000e+00,5.701249708787231585e-01,1.488513182067630336e-01,1.877905770418029918e-01,1.000000000000000000e+00
9.785416991271068676e-01,-6.361469847960558865e-02,-1.959338156316872137e-01,0.000000000000000000e+00,1.161390438570148072e-02,-9.325670140480221137e-01,3.607833538783135063e-01,0.000000000000000000e+00,-2.056764975780350502e-01,-3.553239538087188398e-01,-9.118344510895451949e-01,0.000000000000000000e+00,5.559641864518825027e-01,1.309152236203945108e-01,2.139248380559678475e-01,1.000000000000000000e+00
9.771434676701887811e-01,-7.241396879709337264e-02,-1.998189370748943428e-01,0.000000000000000000e+00,9.029445804788507196e-03,-9.251647203295157995e-01,3.794330721843783283e-01,0.000000000000000000e+00,-2.123457739993454274e-01,-3.725719753311327875e-01,-9.033821978888431081e-01,0.000000000000000000e+00,5.514512982209651693e-01,1.252103098235827217e-01,2.223384102642373961e-01,1.000000000000000000e+00
9.756053249424906371e-01,-8.153736828295532479e-02,-2.037808980708330220e-01,0.000000000000000000e+00,6.343344410876046620e-03,-9.175662840506403350e-01,3.975080165938707499e-01,0.000000000000000000e+00,-2.193984630480817488e-01,-3.891110817112262144e-01,-8.946825585098094891e-01,0.000000000000000000e+00,5.468048464369672512e-01,1.193539608452841155e-01,2.305537898994621526e-01,1.000000000000000000e+00
9.720337469866846547e-01,-1.021513500081254883e-01,-2.114148606691391985e-01,0.000000000000000000e+00,-9.673090539565835227e-04,-9.021290506127916942e-01,4.314429130891661024e-01,0.000000000000000000e+00,-2.348004842013014515e-01,-4.191806384382899542e-01,-8.770155785260043135e-01,0.000000000000000000e+00,5.371352263415193340e-01,1.074164011881916098e-01,2.458966538915222932e-01,1.000000000000000000e+00
9.702184795205445189e-01,-1.126345034043665094e-01,-2.144068971393008893e-01,0.000000000000000000e+00,-5.310524911622913069e-03,-8.949497805799246919e-01,4.461137023969513060e-01,0.000000000000000000e+00,-2.421358627466903279e-01,-4.316974563781444396e-01,-8.689116929404022693e-01,0.000000000000000000e+00,5.324345223969104701e-01,1.014462608904741353e-01,2.530328047832068328e-01,1.000000000000000000e+00
9.659272068197631844e-01,-1.286075138526451833e-01,-2.245561965460324827e-01,0.000000000000000000e+00,-8.718137265156706422e-03,-8.834323229708190839e-01,4.684571183301803887e-01,0.000000000000000000e+00,-2.586322871601476336e-01,-4.505464384933670630e-01,-8.544689852763840410e-01,0.000000000000000000e+00,5.226593508253464249e-01,8.989200927389984219e-02,2.662506752740360638e-01,1.000000000000000000e+00
9.593455178032300745e-01,-1.351140290453741455e-01,-2.477521413170560016e-01,0.000000000000000000e+00,1.097998464884331754e-03,-8.761283274247090302e-01,4.820567344043242830e-01,0.000000000000000000e+00,-2.822007300403609475e-01,-4.627399081256545754e-01,-8.403776088119838672e-01,0.000000000000000000e+00,5.111017625994499491e-01,7.832933737179194333e-02,2.782664243993220876e-01,1.000000000000000000e+00
9.553330540141208305e-01,-1.397641512670212971e-01,-2.603564572463498150e-01,0.000000000000000000e+00,4.637511274521291527e-03,-8.738664257632648980e-01,4.861241717032009912e-01,0.000000000000000000e+00,-2.954651876071821559e-01,-4.656268603491204860e-01,-8.342013844592163219e-01,0.000000000000000000e+00,5.050971275819928774e-01,7.235358370417988016e-02,2.840274808006086893e-01,1.000000000000000000e+00
9.511069219806295161e-01,-1.448557395371584122e-01,-2.727511403915363619e-01,0.000000000000000000e+00,7.039022059802853455e-03,-8.727678501774318587e-01,4.880650353859758983e-01,0.000000000000000000e+00,-3.087533925355976927e-01,-4.661309092908215157e-01,-8.290918634273711785e-01,0.000000000000000000e+00,4.990405965441785940e-01,6.659401678101052602e-02,2.895460918308278009e-01,1.000000000000000000e+00
9.469482083815233819e-01,-1.518990245795279470e-01,-2.831899077933733300e-01,0.000000000000000000e+00,5.985818332167321815e-03,-8.727347730568266737e-01,4.881382312189362360e-01,0.000000000000000000e+00,-3.213035871818720746e-01,-4.639456792288479403e-01,-8.255412840003485409e-01,0.000000000000000000e+00,4.932568410079042898e-01,6.076530887025950733e-02,2.948468302264135033e-01,1.000000000000000000e+00
9.379086921600618965e-01,-1.618197159503409199e-01,-3.067937606952945706e-01,0.000000000000000000e+00,6.182070513192992021e-03,-8.765549218224533146e-01,4.812421406466926288e-01,0.000000000000000000e+00,-3.468027244517772889e-01,-4.532665341932358705e-01,-8.211439090033347821e-01,0.000000000000000000e+00,4.815127035680583645e-01,4.937641805393067074e-02,3.042781660987183834e-01,1.000000000000000000e+00
9.274185083720407619e-01,-1.729526192580282673e-01,-3.316067682089353652e-01,0.000000000000000000e+00,4.449140757572394439e-03,-8.814769656010815746e-01,4.721856744570268050e-01,0.000000000000000000e+00,-3.739766771969668113e-01,-4.393975588321160641e-01,-8.167442869130416838e-01,0.000000000000000000e+00,4.690478161158515569e-01,3.745550186371233992e-02,3.123173078767040867e-01,1.000000000000000000e+00
9.211194534618617480e-01,-1.832533976847399715e-01,-3.434208665651054537e-01,0.000000000000000000e+00,1.598423447200434094e-04,-8.820643026239024520e-01,4.711085728239740589e-01,0.000000000000000000e+00,-3.892590282641746335e-01,-4.340105203647794951e-01,-8.124729393201496341e-01,0.000000000000000000e+00,4.622096154762644904e-01,3.083932169833782447e-02,3.160638322295341585e-01,1.000000000000000000e+00
9.136900997568832006e-01,-1.926928310335035421e-01,-3.577996944880736940e-01,0.000000000000000000e+00,-1.622463567395372210e-03,-8.821529420249237807e-01,4.709398065463912264e-01,0.000000000000000000e+00,-4.063886019579689979e-01,-4.297207953110523948e-01,-8.063425712908155463e-01,0.000000000000000000e+00,4.548177970637480860e-01,2.398821295209866908e-02,3.197903305427314824e-01,1.000000000000000000e+00
9.054618055367606999e-01,-2.015109746672666680e-01,-3.735143808529548526e-01,0.000000000000000000e+00,-1.469193005930909341e-03,-8.815638824290895625e-01,4.720420633478229488e-01,0.000000000000000000e+00,-4.244066151394851327e-01,-4.268755129286760930e-01,-7.985338574460851824e-01,0.000000000000000000e+00,4.471520817379467938e-01,1.701675529240317605e-02,3.235947722550200911e-01,1.000000000000000000e+00
8.879773617144043341e-01,-2.077423072129552517e-01,-4.102683094973000877e-01,0.000000000000000000e+00,1.171432356999450343e-02,-8.816306232137350873e-01,4.717742741357002778e-01,0.000000000000000000e+00,-4.597214326417771169e-01,-4.237390492894911875e-01,-7.804495002734195275e-01,0.000000000000000000e+00,4.320883336554914300e-01,3.739958339400900871e-03,3.320317367460765556e-01,1.000000000000000000e+00
8.689415296441805880e-01,-1.957706310683179074e-01,-4.545274743862604550e-01,0.000000000000000000e+00,4.152452378767169244e-02,-8.863427139549086009e-01,4.611432036195071693e-01,0.000000000000000000e+00,-4.931549059601691432e-01,-4.195885960411462889e-01,-7.620653835463441217e-01,0.000000000000000000e+00,4.183820319793153941e-01,-8.365659718794302840e-03,3.414025349754999938e-01,1.000000000000000000e+00
8.586130386875813203e-01,-1.871308418896790449e-01,-4.772278750351309218e-01,0.000000000000000000e+00,5.737375430027107787e-02,-8.900435931632743047e-01,4.522293682277923055e-01,0.000000000000000000e+00,-5.093894823836743191e-01,-4.156783899824437190e-01,-7.534811419926152887e-01,0.000000000000000000e+00,4.120725879433075889e-01,-1.399211726720970238e-02,3.465653155532527063e-01,1.000000000000000000e+00
8.472710411369352990e-01,-1.773543107298088117e-01,-5.006575458509503473e-01,0.000000000000000000e+00,7.274874218637909784e-02,-8.949626572252402656e-01,4.401479405652665711e-01,0.000000000000000000e+00,-5.261420720780238813e-01,-4.093546919301119247e-01,-7.453879903675981744e-01,0.000000000000000000e+00,4.060879897558913321e-01,-1.927965319986334539e-02,3.517192832378339684e-01,1.000000000000000000e+00
8.224247949925256318e-01,-1.539719361179180401e-01,-5.476229052649369544e-01,0.000000000000000000e+00,1.004708229926817298e-01,-9.082132895027926756e-01,4.062449770752841194e-01,0.000000000000000000e+00,-5.599195060417704317e-01,-3.891335579963307034e-01,-7.314815245753346629e-01,0.000000000000000000e+00,3.949469685322545831e-01,-2.915428275708307690e-02,3.621280712152382675e-01,1.000000000000000000e+00
7.958453680138369846e-01,-1.255599214285080534e-01,-5.923222123498286251e-01,0.000000000000000000e+00,1.255829235339475103e-01,-9.227502658862852813e-01,3.643372380428125945e-01,0.000000000000000000e+00,-5.923230379722589367e-01,-3.643486732333146572e-01,-7.186121784387161648e-01,0.000000000000000000e+00,3.847449803576612481e-01,-3.834599698902749210e-02,3.714360616127910242e-01,1.000000000000000000e+00
7.827435455799311992e-01,-1.094777952984255787e-01,-6.126237843005787331e-01,0.000000000000000000e+00,1.374954143986177324e-01,-9.296469517034873231e-01,3.418074064571668402e-01,0.000000000000000000e+00,-6.069558406724536725e-01,-3.517872753237865080e-01,-7.126361767366720112e-01,0.000000000000000000e+00,3.803520760348350627e-01,-4.299503454189740337e-02,3.757356354632789275e-01,1.000000000000000000e+00
7.699024687205509032e-01,-9.113902600389466035e-02,-6.316047921748779714e-01,0.000000000000000000e+00,1.507298453082956680e-01,-9.357627210578387533e-01,3.187622789995309125e-01,0.000000000000000000e+00,-6.200958413600275998e-01,-3.406241162269860179e-01,-7.067222643815490590e-01,0.000000000000000000e+00,3.765788322024122281e-01,-4.763309271921124105e-02,3.798683372086634202e-01,1.000000000000000000e+00
7.277560968244370931e-01,-2.137552068934931229e-02,-6.854888019153398959e-01,0.000000000000000000e+00,1.975427251297625919e-01,-9.506111319324155318e-01,2.393660261935401101e-01,0.000000000000000000e+00,-6.567625040743377829e-01,-3.096193720436368202e-01,-6.876037068670509678e-01,0.000000000000000000e+00,3.678685926803075823e-01,-6.128116111951817380e-02,3.924058650463523312e-01,1.000000000000000000e+00
7.121823951265050523e-01,7.007451229432516866e-03,-7.019457803850311928e-01,0.000000000000000000e+00,2.143508628830348428e-01,-9.543539340112264791e-01,2.079495686934751675e-01,0.000000000000000000e+00,-6.684603904461694501e-01,-2.985664539497132619e-01,-6.811892387438664986e-01,0.000000000000000000e+00,3.655579347844211124e-01,-6.539059865980818842e-02,3.964773018819464090e-01,1.000000000000000000e+00
6.963646798154791151e-01,3.742142627655341974e-02,-7.166984138828006445e-01,0.000000000000000000e+00,2.312554851560207902e-01,-9.570651288263044565e-01,1.747225991998488381e-01,0.000000000000000000e+00,-6.794017715369724542e-01,-2.874166199219264639e-01,-6.751332604938661275e-01,0.000000000000000000e+00,3.636572703104191118e-01,-6.925888030005018792e-02,4.004211114141959515e-01,1.000000000000000000e+00
6.657254694891275859e-01,9.680436214745884171e-02,-7.398778694108321119e-01,0.000000000000000000e+00,2.606846007522236053e-01,-9.592349165114194554e-01,1.090534766854856924e-01,0.000000000000000000e+00,-6.991732952949720747e-01,-2.654795552627399191e-01,-6.638353025290740783e-01,0.000000000000000000e+00,3.607527372587986392e-01,-7.662423880455279668e-02,4.078438222541245772e-01,1.000000000000000000e+00
6.518914318843166411e-01,1.217778110588916968e-01,-7.484573953611044494e-01,0.000000000000000000e+00,2.709069213429520229e-01,-9.592758180148430736e-01,7.987547709807879537e-02,0.000000000000000000e+00,-7.082636556961272589e-01,-2.548373342799236663e-01,-6.583468136757859579e-01,0.000000000000000000e+00,3.596771119102595282e-01,-8.013781119043468515e-02,4.113420056591775009e-01,1.000000000000000000e+00
6.233467018385189240e-01,1.687492278125235778e-01,-7.635072588528060145e-01,0.000000000000000000e+00,2.876975759454328818e-01,-9.574284112873210351e-01,2.327421225662693743e-02,0.000000000000000000e+00,-7.270900352398078637e-01,-2.341715995656932503e-01,-6.453710115986147633e-01,0.000000000000000000e+00,3.575321647913364820e-01,-8.608752998532609446e-02,4.184502222103697600e-01,1.000000000000000000e+00
5.902153244015529987e-01,2.191259398752292420e-01,-7.769237029571022246e-01,0.000000000000000000e+00,3.039009086918625369e-01,-9.519503712850059252e-01,-3.762280170067099083e-02,0.000000000000000000e+00,-7.478513377292205222e-01,-2.139063835629881061e-01,-6.284603692577752643e-01,0.000000000000000000e+00,3.552261082781832946e-01,-9.074998237414090563e-02,4.254819311755645428e-01,1.000000000000000000e+00
5.717855017279667162e-01,2.448179053441960906e-01,-7.830110344929922528e-01,0.000000000000000000e+00,3.114969195257257240e-01,-9.477391149582879981e-01,-6.885481831558988575e-02,0.000000000000000000e+00,-7.589616895902285831e-01,-2.045392763771461675e-01,-6.181754105053505199e-01,0.000000000000000000e+00,3.541479240137557216e-01,-9.269851710949920942e-02,4.288314669819775493e-01,1.000000000000000000e+00
5.512512843486865322e-01,2.702722908536308033e-01,-7.893387468013097763e-01,0.000000000000000000e+00,3.179447480376777491e-01,-9.427306904240269070e-01,-1.007508284288691908e-01,0.000000000000000000e+00,-7.713788703889039589e-01,-1.954308480469348630e-01,-6.056248194626722148e-01,0.000000000000000000e+00,3.528154362588260540e-01,-9.439791603962875699e-02,4.321538622069061031e-01,1.000000000000000000e+00
5.287343459235805954e-01,2.950338984974456014e-01,-7.958490667704339883e-01,0.000000000000000000e+00,3.226082036684178589e-01,-9.371208472907985865e-01,-1.330759610148304073e-01,0.000000000000000000e+00,-7.850837866377038399e-01,-1.863891951862568785e-01,-5.906797066739500890e-01,0.000000000000000000e+00,3.512212790102014481e-01,-9.600866874098887283e-02,4.357558300454892342e-01,1.000000000000000000e+00
4.815273174118973043e-01,3.399355521689546022e-01,-8.078093895585133355e-01,0.000000000000000000e+00,3.243521152236021332e-01,-9.253829012255668784e-01,-1.960687082900687550e-01,0.000000000000000000e+00,-8.141993970239765899e-01,-1.676054719941682258e-01,-5.558666635474779349e-01,0.000000000000000000e+00,3.480237836879839786e-01,-9.900731930296716166e-02,4.427646011433671314e-01,1.000000000000000000e+00
4.353706951527378521e-01,3.806506190725713612e-01,-8.158052530494630528e-01,0.000000000000000000e+00,3.190817413737793151e-01,-9.126160507596328131e-01,-2.555377332586646344e-01,0.000000000000000000e+00,-8.418037719194600976e-01,-1.490577900226765506e-01,-5.187949352255912805e-01,0.000000000000000000e+00,3.459418390891111916e-01,-1.015417266674771557e-01,4.488692399155447266e-01,1.000000000000000000e+00
4.132959415721959018e-01,4.011129962087883749e-01,-8.174812388388915663e-01,0.000000000000000000e+00,3.157774407323395427e-01,-9.051688483556483700e-01,-2.844902648461829497e-01,0.000000000000000000e+00,-8.540877378724263114e-01,-1.405661679038383849e-01,-5.007746883148062045e-01,0.000000000000000000e+00,3.457227398416772290e-01,-1.026126485085968876e-01,4.513312624746625423e-01,1.000000000000000000e+00
3.917481852467799008e-01,4.215972377536489901e-01,-8.177835137587186054e-01,0.000000000000000000e+00,3.125407285358811071e-01,-8.969516244181975351e-01,-3.126928578669899150e-01,0.000000000000000000e+00,-8.653593570795136136e-01,-1.330963580830910042e-01,-4.831547811829545180e-01,0.000000000000000000e+00,3.459011222427057497e-01,-1.035100189921882019e-01,4.535860108422205550e-01,1.000000000000000000e+00
3.699236522010425632e-01,4.428920858875527999e-01,-8.166907852434867054e-01,0.000000000000000000e+00,3.098830964078581052e-01,-8.875299908527282122e-01,-3.409453457650400421e-01,0.000000000000000000e+00,-8.758564234664388826e-01,-1.269573661553787536e-01,-4.655720703086332901e-01,0.000000000000000000e+00,3.465025975247095213e-01,-1.045430535779193482e-01,4.556284941778172559e-01,1.000000000000000000e+00
3.256227733576259609e-01,4.855659547166845669e-01,-8.112806296172557774e-01,0.000000000000000000e+00,3.024461560206708755e-01,-8.664540371244277006e-01,-3.971957592426045291e-01,0.000000000000000000e+00,-8.958193621174510568e-01,-1.160349572237985571e-01,-4.290029826907434951e-01,0.000000000000000000e+00,3.479560578879020705e-01,-1.070144840004440684e-01,4.598239451097277386e-01,1.000000000000000000e+00
2.860348486725346473e-01,5.261966184931524682e-01,-8.008008060263552830e-01,0.000000000000000000e+00,2.950083330845630347e-01,-8.434844177548586064e-01,-4.488706576694707628e-01,0.000000000000000000e+00,-9.116747763797701243e-01,-1.078523367702762109e-01,-3.965059590549517288e-01,0.000000000000000000e+00,3.506565253296561324e-01,-1.104689402166665335e-01,4.633242201089892154e-01,1.000000000000000000e+00
2.705252684044875955e-01,5.466288601367059741e-01,-7.924605449620404363e-01,0.000000000000000000e+00,2.951181091035545712e-01,-8.306108120863122668e-01,-4.721988219232103878e-01,0.000000000000000000e+00,-9.163614433804601056e-01,-1.061297878546007406e-01,-3.860287207133914489e-01,0.000000000000000000e+00,3.530309943655217664e-01,-1.126525515347614886e-01,4.640600953632307291e-01,1.000000000000000000e+00
2.584771396901648921e-01,5.686241497002623158e-01,-7.809205411157097432e-01,0.000000000000000000e+00,3.005375024955936891e-01,-8.156095236206613031e-01,-4.944077886463736915e-01,0.000000000000000000e+00,-9.180761147593400340e-01,-1.069048562743278863e-01,-3.817166478074546232e-01,0.000000000000000000e+00,3.563378348025389997e-01,-1.152887765909397511e-01,4.640060601649353411e-01,1.000000000000000000e+00
2.234818864188709564e-01,6.416143416969257718e-01,-7.337353949978778767e-01,0.000000000000000000e+00,3.317830536211639481e-01,-7.578969663311563298e-01,-5.616875827869565185e-01,0.000000000000000000e+00,-9.165002840983873522e-01,-1.179162395760518234e-01,-3.822603689788134362e-01,0.000000000000000000e+00,3.675368233270340235e-01,-1.247864341136527139e-01,4.612919017502858376e-01,1.000000000000000000e+00
2.094594209847978061e-01,6.652955914594796960e-01,-7.165816588822955246e-01,0.000000000000000000e+00,3.415620522629528311e-01,-7.364561885555238607e-01,-5.839078640448325253e-01,0.000000000000000000e+00,-9.162199651303019055e-01,-1.224544565382766903e-01,-3.815047595647313439e-01,0.000000000000000000e+00,3.706783105673187584e-01,-1.280843179479896898e-01,4.602800400917200219e-01,1.000000000000000000e+00
1.949881749103191952e-01,6.877645146821012023e-01,-6.992426838304744985e-01,0.000000000000000000e+00,3.505588702231113296e-01,-7.147041512072050962e-01,-6.052166567901884342e-01,0.000000000000000000e+00,-9.160158252129125822e-01,-1.271180813395218490e-01,-3.804681344818058308e-01,0.000000000000000000e+00,3.734965866978314786e-01,-1.314428239818806743e-01,4.590646845722148317e-01,1.000000000000000000e+00
1.662957944248736053e-01,7.308399868632807772e-01,-6.619662901232115093e-01,0.000000000000000000e+00,3.678610377373310869e-01,-6.688307714622457878e-01,-6.460065038072289045e-01,0.000000000000000000e+00,-9.148884236983824136e-01,-1.360860617559886965e-01,-3.800786181547630704e-01,0.000000000000000000e+00,3.785857614879178934e-01,-1.384510872149272986e-01,4.560305666036013617e-01,1.000000000000000000e+00
1.524772176091851728e-01,7.510877409145017003e-01,-6.423384236205397224e-01,0.000000000000000000e+00,3.758392963139976506e-01,-6.451746872888676210e-01,-6.651880885352047246e-01,0.000000000000000000e+00,-9.140527086412487678e-01,-1.399926874954081912e-01,-3.806700582832981961e-01,0.000000000000000000e+00,3.809007509895234178e-01,-1.420562667220781061e-01,4.540521144111674401e-01,1.000000000000000000e+00
1.254140707695449997e-01,7.904645988476614038e-01,-5.995146167716226548e-01,0.000000000000000000e+00,3.888899672913246341e-01,-5.950944689715188529e-01,-7.032836648471701979e-01,0.000000000000000000e+00,-9.127062449414056200e-01,-1.449463430590417212e-01,-3.820443273741536139e-01,0.000000000000000000e+00,3.848258547443207944e-01,-1.491019321622870653e-01,4.494787165505598203e-01,1.000000000000000000e+00
9.887291487291657854e-02,8.285917721646524070e-01,-5.510359050976459949e-01,0.000000000000000000e+00,3.921275143008434716e-01,-5.413849267812415045e-01,-7.437197862659831182e-01,0.000000000000000000e+00,-9.145802373348340675e-01,-1.425453410792093534e-01,-3.784492240884769765e-01,0.000000000000000000e+00,3.872503202537256883e-01,-1.550293179713687630e-01,4.451063127439622846e-01,1.000000000000000000e+00
8.662999506483393120e-02,8.453073606868635181e-01,-5.271920492807948833e-01,0.000000000000000000e+00,3.904632795967742931e-01,-5.156519846521034900e-01,-7.626415966311345107e-01,0.000000000000000000e+00,-9.165318277805571956e-01,-1.397841900659520797e-01,-3.747396281057507328e-01,0.000000000000000000e+00,3.880719925425802908e-01,-1.578967133165481984e-01,4.430308785428940244e-01,1.000000000000000000e+00
7.588438705087828529e-02,8.607179751167771675e-01,-5.033754801477675622e-01,0.000000000000000000e+00,3.880360090112206506e-01,-4.905268579801422835e-01,-7.802513724512001314e-01,0.000000000000000000e+00,-9.185132582659162326e-01,-1.361215359679604775e-01,-3.712200450345503611e-01,0.000000000000000000e+00,3.888973733654852438e-01,-1.607523418909254098e-01,4.408377700714792846e-01,1.000000000000000000e+00
6.636651150064708238e-02,8.752265211598471151e-01,-4.791187428089974665e-01,0.000000000000000000e+00,3.855786173612582579e-01,-4.653718835342829374e-01,-7.967050186554257563e-01,0.000000000000000000e+00,-9.202834719545823772e-01,-1.318659484490717071e-01,-3.683608324548720558e-01,0.000000000000000000e+00,3.897495235356913668e-01,-1.635543427635179348e-01,4.386439986777136979e-01,1.000000000000000000e+00
5.282325363929930850e-02,8.998201368455187588e-01,-4.330290661185210999e-01,0.000000000000000000e+00,3.804543213047941186e-01,-4.190639109044866362e-01,-8.243911055313207781e-01,0.000000000000000000e+00,-9.232883475381347127e-01,-1.212030925250217051e-01,-3.644837961592686804e-01,0.000000000000000000e+00,3.917722179470424226e-01,-1.689117766935104570e-01,4.338459829237063525e-01,1.000000000000000000e+00
4.178119658430522187e-02,9.199862255361100916e-01,-3.896927293869026920e-01,0.000000000000000000e+00,3.744784330811538609e-01,-3.760203361511881837e-01,-8.475584681065013726e-01,0.000000000000000000e+00,-9.262923410921578560e-01,-1.105216435953979420e-01,-3.602325153716431916e-01,0.000000000000000000e+00,3.940738352413604151e-01,-1.736388281159978175e-01,4.289654113572510252e-01,1.000000000000000000e+00
3.658726396352489363e-02,9.289588788179528045e-01,-3.683442961173199470e-01,0.000000000000000000e+00,3.714256330894417091e-01,-3.548270450048950919e-01,-8.579752409705130312e-01,0.000000000000000000e+00,-9.277400979130056013e-01,-1.054235764952365234e-01,-3.580281835879962626e-01,0.000000000000000000e+00,3.953279169697320183e-01,-1.758983370670843538e-01,4.264142200017845274e-01,1.000000000000000000e+00
3.189244604748441708e-02,9.371123288052435329e-01,-3.475400724916907214e-01,0.000000000000000000e+00,3.687026537925447989e-01,-3.342237873932233372e-01,-8.673716388769422414e-01,0.000000000000000000e+00,-9.289987018504644034e-01,-1.004782783491582204e-01,-3.561818742442421359e-01,0.000000000000000000e+00,3.966009856960276969e-01,-1.781078108142991334e-01,4.239715391023373137e-01,1.000000000000000000e+00
2.749351774014386143e-02,9.445575402469565951e-01,-3.271634248293958103e-01,0.000000000000000000e+00,3.654795707071968880e-01,-3.141255744340378797e-01,-8.762023475107659776e-01,0.000000000000000000e+00,-9.304118461929110628e-01,-9.548350162579069544e-02,-3.538597142670758533e-01,0.000000000000000000e+00,3.977408421200291921e-01,-1.803221942204009942e-01,4.213906943142345929e-01,1.000000000000000000e+00
1.447768209457434355e-02,9.633335991116362962e-01,-2.678796753115066376e-01,0.000000000000000000e+00,3.540415246444710284e-01,-2.554900701084273362e-01,-8.996444685566724608e-01,0.000000000000000000e+00,-9.351163447289009278e-01,-8.181733729192372517e-02,-3.447656379909677660e-01,0.000000000000000000e+00,4.004049612332483687e-01,-1.863479470618956413e-01,4.132438346929231399e-01,1.000000000000000000e+00
9.857062323436584575e-03,9.686238797398254441e-01,-2.482969287392179369e-01,0.000000000000000000e+00,3.488774716024941047e-01,-2.360368456439273788e-01,-9.069464505735296278e-01,0.000000000000000000e+00,-9.371152558860771364e-01,-7.768687273091562373e-02,-3.402642311364254546e-01,0.000000000000000000e+00,4.007583760983355892e-01,-1.881229360114488602e-01,4.103647323897473553e-01,1.000000000000000000e+00
4.654033630121471622e-03,9.737371986681004898e-01,-2.275850496016345870e-01,0.000000000000000000e+00,3.431846739031551574e-01,-2.153203839349571158e-01,-9.142440367655104705e-01,0.000000000000000000e+00,-9.392552110905136864e-01,-7.385020038472957238e-02,-3.351802445587293566e-01,0.000000000000000000e+00,4.007732312555263299e-01,-1.897906416502626037e-01,4.074181593001551804e-01,1.000000000000000000e+00
-9.455711018465878890e-04,9.785401421797166321e-01,-2.060073856428444872e-01,0.000000000000000000e+00,3.372924955926820401e-01,-1.936230721818309464e-01,-9.212625170042131328e-01,0.000000000000000000e+00,-9.413982621082037650e-01,-7.035721902178121434e-02,-3.298775133760628031e-01,0.000000000000000000e+00,4.006700433845372111e-01,-1.912644497419112855e-01,4.045304856240369840e-01,1.000000000000000000e+00
-2.059939353367061521e-02,9.904701046332564651e-01,-1.361079854932809863e-01,0.000000000000000000e+00,3.232966055053005938e-01,-1.222234959312512304e-01,-9.383610546118701379e-01,0.000000000000000000e+00,-9.460723805813484599e-01,-6.333413771117285540e-02,-3.177040095773458472e-01,0.000000000000000000e+00,4.008980062315444237e-01,-1.945231988523341005e-01,3.966727391603904751e-01,1.000000000000000000e+00
-2.473412328570988652e-02,9.922524516357357216e-01,-1.216718630964748471e-01,0.000000000000000000e+00,3.215522233237159688e-01,-1.073444806964051063e-01,-9.407773791077262970e-01,0.000000000000000000e+00,-9.465676881837521428e-01,-6.239436305870386251e-02,-3.164120022138309229e-01,0.000000000000000000e+00,4.012552147979568384e-01,-1.954279707600205807e-01,3.943815816686468967e-01,1.000000000000000000e+00
-2.644118801748029934e-02,9.932464456191892888e-01,-1.128853787798915209e-01,0.000000000000000000e+00,3.196939155725131432e-01,-9.859225004625092603e-02,-9.423672932980752259e-01,0.000000000000000000e+00,-9.471508236157000216e-01,-6.100725411533865217e-02,-3.149340125635969878e-01,0.000000000000000000e+00,4.018430710279288776e-01,-1.968874510263352584e-01,3.907704148609870143e-01,1.000000000000000000e+00
-2.616547080388940613e-02,9.933720441305941007e-01,-1.118396038021598482e-01,0.000000000000000000e+00,3.181542678893111153e-01,-9.778510304851266433e-02,-9.429722595849872047e-01,0.000000000000000000e+00,-9.476767739596346773e-01,-6.025672052434846021e-02,-3.134929978948654550e-01,0.000000000000000000e+00,4.019497351241841376e-01,-1.973198647757097024e-01,3.894958261079878303e-01,1.000000000000000000e+00
-2.660891092250482898e-02,9.938024900900689351e-01,-1.078393409267003611e-01,0.000000000000000000e+00,3.143795486806046924e-01,-9.408427275084726982e-02,-9.446133578843419754e-01,0.000000000000000000e+00,-9.489233629180716667e-01,-5.903875270564085814e-02,-3.099336654628210286e-01,0.000000000000000000e+00,4.020205844223536662e-01,-1.977071127870465850e-01,3.875708095481466553e-01,1.000000000000000000e+00
