9.996638972863114425e-01,2.012009666863841945e-02,1.574868482114450199e-02,0.000000000000000000e+00,2.310384215719114148e-02,-9.750161631129549145e-01,-2.208855836112345039e-01,0.000000000000000000e+00,1.091119302769816453e-02,2.211794568853933385e-01,-9.751720841567372844e-01,0.000000000000000000e+00,6.228425563792133746e-01,2.954337123206898785e-01,2.859859848588453338e-02,1.000000000000000000e+00
9.996640646978052214e-01,2.010886030317790216e-02,1.575240903410978291e-02,0.000000000000000000e+00,2.309366000338757344e-02,-9.750173492651744711e-01,-2.208814125289154384e-01,0.000000000000000000e+00,1.091740882681688576e-02,2.211752497522501693e-01,-9.751729688017084507e-01,0.000000000000000000e+00,6.228460233991508499e-01,2.954281438044121799e-01,2.860014888553505386e-02,1.000000000000000000e+00
9.996639188169589296e-01,2.011790876247267212e-02,1.575011313462982426e-02,0.000000000000000000e+00,2.310198729332340467e-02,-9.750169534819945749e-01,-2.208822888033297738e-01,0.000000000000000000e+00,1.091314770404276310e-02,2.211761716625839091e-01,-9.751728074017820269e-01,0.000000000000000000e+00,6.228442999599730356e-01,2.954296251401009599e-01,2.859812164481038282e-02,1.000000000000000000e+00
9.996638505854021917e-01,2.011921853886913802e-02,1.575277052965992977e-02,0.000000000000000000e+00,2.310387362358080898e-02,-9.750164839564829933e-01,-2.208841640723278599e-01,0.000000000000000000e+00,1.091540432101355609e-02,2.211781223736601909e-01,-9.751723397081003553e-01,0.000000000000000000e+00,6.228436691210943454e-01,2.954328340356087157e-01,2.860075344365641328e-02,1.000000000000000000e+00
9.996638682057366054e-01,2.011985438510449989e-02,1.575084012598499533e-02,0.000000000000000000e+00,2.310405070589106533e-02,-9.750168046262134292e-01,-2.208827300598135146e-01,0.000000000000000000e+00,1.091341556189639322e-02,2.211766508962779987e-01,-9.751726957103956650e-01,0.000000000000000000e+00,6.228435646804882930e-01,2.954317745525084637e-01,2.859862921198153343e-02,1.000000000000000000e+00
9.996637115493105519e-01,2.012192889296713152e-02,1.575813092632370391e-02,0.000000000000000000e+00,2.310773105349020473e-02,-9.750158242752690052e-01,-2.208866724806762549e-01,0.000000000000000000e+00,1.091997134039388376e-02,2.211807839106442741e-01,-9.751716849122504804e-01,0.000000000000000000e+00,6.228455766773114410e-01,2.954347429698804262e-01,2.860314510612118818e-02,1.000000000000000000e+00
9.996634910650707972e-01,2.011410525553083625e-02,1.578208802956907256e-02,0.000000000000000000e+00,2.310543422604835473e-02,-9.750151900728243337e-01,-2.208897121590057966e-01,0.000000000000000000e+00,1.094498736458916419e-02,2.211842912771584124e-01,-9.751706089417431222e-01,0.000000000000000000e+00,6.228555993709238292e-01,2.954355591122167501e-01,2.861581912700650668e-02,1.000000000000000000e+00
9.996617948993092861e-01,2.012124456082028598e-02,1.588012081892559157e-02,0.000000000000000000e+00,2.313443365675104876e-02,-9.750075200397595454e-01,-2.209205303870774850e-01,0.000000000000000000e+00,1.103825371775728897e-02,2.212174506598319490e-01,-9.751620360116707298e-01,0.000000000000000000e+00,6.228858318396942595e-01,2.954535922591587371e-01,2.866954047831535290e-02,1.000000000000000000e+00
9.996616058744838273e-01,2.010830265015364424e-02,1.590838791915096320e-02,0.000000000000000000e+00,2.312826174694197767e-02,-9.750037434282918802e-01,-2.209378435456242074e-01,0.000000000000000000e+00,1.106826584660970843e-02,2.212352723015839628e-01,-9.751576527827655605e-01,0.000000000000000000e+00,6.228992486693990527e-01,2.954568107861547110e-01,2.868153620450228369e-02,1.000000000000000000e+00
9.996608453440415376e-01,2.011069396088363201e-02,1.595309298086538055e-02,0.000000000000000000e+00,2.314074039909806008e-02,-9.749983921890134075e-01,-2.209601508503935552e-01,0.000000000000000000e+00,1.111079195265786586e-02,2.212586374840901926e-01,-9.751518679881964191e-01,0.000000000000000000e+00,6.229142167997444579e-01,2.954720470492093742e-01,2.870463775688821689e-02,1.000000000000000000e+00
9.996608355427840653e-01,2.012017997167238684e-02,1.594174209483644952e-02,0.000000000000000000e+00,2.314755844606337931e-02,-9.749966770098328350e-01,-2.209670049101852274e-01,0.000000000000000000e+00,1.109746332217659455e-02,2.212653332060939282e-01,-9.751505005018502592e-01,0.000000000000000000e+00,6.229084152326659352e-01,2.954789318858345171e-01,2.869877405099353906e-02,1.000000000000000000e+00
9.996596000492709022e-01,2.019596818802118360e-02,1.592337274225905444e-02,0.000000000000000000e+00,2.321780884324853994e-02,-9.749870683055724685e-01,-2.210020291550091887e-01,0.000000000000000000e+00,1.106194553393937026e-02,2.213007666251658456e-01,-9.751428634062385692e-01,0.000000000000000000e+00,6.228763475973789765e-01,2.955387700339374146e-01,2.870479773367259901e-02,1.000000000000000000e+00
9.996620584521145325e-01,2.015721421505719049e-02,1.581779085641881605e-02,0.000000000000000000e+00,2.315642433030640907e-02,-9.749929143575617463e-01,-2.209826777509750484e-01,0.000000000000000000e+00,1.096805000150521958e-02,2.212785422974747340e-01,-9.751489673879930598e-01,0.000000000000000000e+00,6.228554218837482059e-01,2.955032355865247484e-01,2.865434371485307830e-02,1.000000000000000000e+00
9.996649347608829173e-01,2.001338128514908513e-02,1.581864976106484716e-02,0.000000000000000000e+00,2.301559912464999635e-02,-9.750109476357146088e-01,-2.209178152359999592e-01,0.000000000000000000e+00,1.100225605237572200e-02,2.212121280759623831e-01,-9.751636502422873498e-01,0.000000000000000000e+00,6.229017101252803945e-01,2.953959397085026417e-01,2.863537060642962553e-02,1.000000000000000000e+00
9.996614567739953161e-01,2.000971708523784434e-02,1.604150753110258898e-02,0.000000000000000000e+00,2.305882604174003259e-02,-9.750592705916671932e-01,-2.206999235977009366e-01,0.000000000000000000e+00,1.122549372608382459e-02,2.209993603877126733e-01,-9.752093472679739250e-01,0.000000000000000000e+00,6.229882493311984515e-01,2.953444322580633385e-01,2.874798649847067761e-02,1.000000000000000000e+00
9.996695366349035439e-01,1.971806127591135133e-02,1.589850574377905251e-02,0.000000000000000000e+00,2.272713398589518152e-02,-9.753745873631133323e-01,-2.193368154419859939e-01,0.000000000000000000e+00,1.118231700683432021e-02,2.196298886860243993e-01,-9.755191785824219863e-01,0.000000000000000000e+00,6.231847645915179479e-01,2.947092058434343520e-01,2.882579884488025920e-02,1.000000000000000000e+00
9.996772271050372582e-01,1.854515317399066388e-02,1.680076791533957267e-02,0.000000000000000000e+00,2.169370160740161438e-02,-9.769174660895177942e-01,-2.124673967012654374e-01,0.000000000000000000e+00,1.247296334710328546e-02,2.127673852619657024e-01,-9.770232673555567793e-01,0.000000000000000000e+00,6.242560059414338225e-01,2.914662314464714910e-01,2.967294343715811550e-02,1.000000000000000000e+00
9.997106577756390555e-01,1.733014059228029161e-02,1.609390748262992318e-02,0.000000000000000000e+00,2.017378546482237467e-02,-9.800152968539924681e-01,-1.978478789712153907e-01,0.000000000000000000e+00,1.234378161672153827e-02,1.981191226697152918e-01,-9.801002215528679118e-01,0.000000000000000000e+00,6.249193587881451961e-01,2.855624002840108089e-01,3.098296695777845791e-02,1.000000000000000000e+00
9.997413716690882746e-01,1.615203615167554174e-02,1.539637628058633002e-02,0.000000000000000000e+00,1.876300440788735910e-02,-9.819386182009525177e-01,-1.882159574860808871e-01,0.000000000000000000e+00,1.207845804836967657e-02,1.884597902181227858e-01,-9.820066284512111165e-01,0.000000000000000000e+00,6.252696760558787981e-01,2.816676446683461510e-01,3.192846617209548626e-02,1.000000000000000000e+00
9.997748834846649224e-01,1.509035007731034800e-02,1.425519515745813336e-02,0.000000000000000000e+00,1.738505300755368785e-02,-9.839170609342349216e-01,-1.777237295232958203e-01,0.000000000000000000e+00,1.134423483849243859e-02,1.779349740996934437e-01,-9.839768560937143249e-01,0.000000000000000000e+00,6.254810904181500320e-01,2.774398852824382367e-01,3.318060423352771349e-02,1.000000000000000000e+00
9.997771304706051243e-01,1.375144204330458648e-02,1.540565256327890153e-02,0.000000000000000000e+00,1.585108410589457575e-02,-9.891906629864983813e-01,-1.457097192853242795e-01,0.000000000000000000e+00,1.323566374045283961e-02,1.459242508172627351e-01,-9.892072230977542180e-01,0.000000000000000000e+00,6.265411722398926964e-01,2.643973331102453805e-01,3.975786634185561608e-02,1.000000000000000000e+00
9.997528697572228840e-01,1.344866527471899435e-02,1.714875259995403758e-02,0.000000000000000000e+00,1.563441609179600997e-02,-9.907861173723697679e-01,-1.344588470754583542e-01,0.000000000000000000e+00,1.518274629365965432e-02,1.346963222831397688e-01,-9.907706015916999398e-01,0.000000000000000000e+00,6.270200631327451646e-01,2.597717610909036079e-01,4.280284501197647445e-02,1.000000000000000000e+00
9.997257670879815539e-01,1.344848183440790386e-02,1.866215040944065387e-02,0.000000000000000000e+00,1.562709235879532893e-02,-9.923989132104679145e-01,-1.219874499458876299e-01,0.000000000000000000e+00,1.688007677366205883e-02,1.222479857728684949e-01,-9.923560313630345187e-01,0.000000000000000000e+00,6.273571185026849406e-01,2.548923875546537099e-01,4.630176131976964510e-02,1.000000000000000000e+00
9.997200755001692807e-01,1.384540683966119408e-02,1.867678378597814950e-02,0.000000000000000000e+00,1.578397000662740829e-02,-9.940165062739397817e-01,-1.079944371113110146e-01,0.000000000000000000e+00,1.707013310210438867e-02,1.082610849789805846e-01,-9.939759293036477539e-01,0.000000000000000000e+00,6.272437328311224469e-01,2.498193436522395394e-01,5.001533565846681684e-02,1.000000000000000000e+00
9.996435254382073365e-01,1.735040322730917184e-02,1.981243191863149219e-02,0.000000000000000000e+00,1.854006050052887239e-02,-9.979233158409656079e-01,-6.153103898698188134e-02,0.000000000000000000e+00,1.870405952880071707e-02,6.187761975918270457e-02,-9.979084719201863907e-01,0.000000000000000000e+00,6.268443012357007849e-01,2.348812667245005481e-01,6.541487000591998668e-02,1.000000000000000000e+00
9.995746852880534883e-01,1.986576909445374184e-02,2.089369882963000927e-02,0.000000000000000000e+00,2.076725749001694099e-02,-9.988124964135961514e-01,-4.385276417275808108e-02,0.000000000000000000e+00,1.999810362559176213e-02,4.426887008343882712e-02,-9.988194746764379461e-01,0.000000000000000000e+00,6.267894619898007891e-01,2.299620553079592400e-01,7.209075672733809836e-02,1.000000000000000000e+00
9.994578776631899419e-01,2.542642002271497392e-02,2.044981278714134293e-02,0.000000000000000000e+00,2.554131512934130002e-02,-9.996496773181345885e-01,-5.376872736218543149e-03,0.000000000000000000e+00,2.030632508896537680e-02,5.896386449849265465e-03,-9.997764178996300100e-01,0.000000000000000000e+00,6.258188268784801167e-01,2.205401119648367214e-01,8.738974765697911373e-02,1.000000000000000000e+00
9.994947719648540341e-01,2.725399062999940558e-02,1.575333967362451543e-02,0.000000000000000000e+00,2.701359047028072807e-02,-9.995086977293978769e-01,1.527664866374730916e-02,0.000000000000000000e+00,1.616226083521736870e-02,-1.484366199256762636e-02,-9.997591945180323014e-01,0.000000000000000000e+00,6.241189028054124899e-01,2.160621030130235598e-01,9.537062921970229645e-02,1.000000000000000000e+00
9.995447211806334220e-01,2.843522633850834383e-02,9.084886582438939442e-03,0.000000000000000000e+00,2.807968981713647796e-02,-9.989065999569011201e-01,3.711983948679095646e-02,0.000000000000000000e+00,1.013065925109761511e-02,-3.684854826157554081e-02,-9.992695103094823006e-01,0.000000000000000000e+00,6.218260719334447462e-01,2.114984099646442239e-01,1.036948159024013716e-01,1.000000000000000000e+00
9.995548156412379370e-01,2.905389402418027608e-02,-5.175777395813775314e-03,0.000000000000000000e+00,2.938142613805136069e-02,-9.961672771547461780e-01,8.226928117713062927e-02,0.000000000000000000e+00,-2.765750348045750619e-03,-8.238631409305037512e-02,-9.965966314789417302e-01,0.000000000000000000e+00,6.164201353310406750e-01,2.022360235319490551e-01,1.212019920174029070e-01,1.000000000000000000e+00
9.995074484869599374e-01,2.732146669009715909e-02,-1.480353938075001756e-02,0.000000000000000000e+00,2.893765954152872910e-02,-9.919710727411437112e-01,1.230314984313015947e-01,0.000000000000000000e+00,-1.132349986612656532e-02,-1.234016547274570663e-01,-9.922921998893811102e-01,0.000000000000000000e+00,6.108872566274086147e-01,1.936884414426062462e-01,1.391282847951842150e-01,1.000000000000000000e+00
9.995091605795329848e-01,2.653442646156550094e-02,-1.606577203752150920e-02,0.000000000000000000e+00,2.854518021540150899e-02,-9.894982387207676977e-01,1.416303468758621231e-01,0.000000000000000000e+00,-1.213920682826175046e-02,-1.420221638433427080e-01,-9.897890404701576994e-01,0.000000000000000000e+00,6.085188300360355740e-01,1.897037547500511900e-01,1.483658114513096982e-01,1.000000000000000000e+00
9.995347798552058904e-01,2.537895653123682302e-02,-1.633644166882497473e-02,0.000000000000000000e+00,2.765988120909199446e-02,-9.868351675714875926e-01,1.592860003793839241e-01,0.000000000000000000e+00,-1.207909523212766754e-02,-1.596668354405192114e-01,-9.870970555719348338e-01,0.000000000000000000e+00,6.061558541361299346e-01,1.857360611528190431e-01,1.574524337953357167e-01,1.000000000000000000e+00
9.995763335220282375e-01,2.387542001354224161e-02,-1.605816561890392735e-02,0.000000000000000000e+00,2.633495017569729979e-02,-9.839753053279011175e-01,1.762946845634202619e-01,0.000000000000000000e+00,-1.159195195875681490e-02,-1.766462863952161233e-01,-9.842061349903103995e-01,0.000000000000000000e+00,6.037206775503858314e-01,1.817471715811042332e-01,1.663321999436525311e-01,1.000000000000000000e+00
9.997008884339159129e-01,1.898418944410231943e-02,-1.478110675146024865e-02,0.000000000000000000e+00,2.165776684732737684e-02,-9.776291930763651994e-01,2.091718166514073274e-01,0.000000000000000000e+00,-1.047968583895516129e-02,-2.094334089476293237e-01,-9.777667530660325568e-01,0.000000000000000000e+00,5.986544895963423762e-01,1.733503638515377920e-01,1.837453400483753108e-01,1.000000000000000000e+00
9.998305953050328210e-01,1.079437244402974699e-02,-1.424812677974058965e-02,0.000000000000000000e+00,1.390455911847369129e-02,-9.705575417259871829e-01,2.404276779735184388e-01,0.000000000000000000e+00,-1.123357728081900153e-02,-2.405896944143608440e-01,-9.705619020356611726e-01,0.000000000000000000e+00,5.930092689163899422e-01,1.641403998101730599e-01,2.002148471200219659e-01,1.000000000000000000e+00
9.998725978397792202e-01,5.435335404055948762e-03,-1.435242555755133001e-02,0.000000000000000000e+00,8.925024043446699515e-03,-9.667130972139444944e-01,2.556694712359199317e-01,0.000000000000000000e+00,-1.248526881464227106e-02,-2.557699184996737873e-01,-9.666570575200372772e-01,0.000000000000000000e+00,5.899378254362906970e-01,1.592058437429096085e-01,2.082144936611879937e-01,1.000000000000000000e+00
9.998802052831650133e-01,-4.405270399828787892e-04,-1.483670853090201039e-02,0.000000000000000000e+00,3.595087734340667984e-03,-9.626013149956146320e-01,2.708625677610402849e-01,0.000000000000000000e+00,-1.440143469951597234e-02,-2.708886745717046796e-01,-9.625029478746446321e-01,0.000000000000000000e+00,5.866519842186741496e-01,1.541282211702380278e-01,2.159110709866404465e-01,1.000000000000000000e+00
9.998494825424319998e-01,-6.642606787460361359e-03,-1.541541228466863749e-02,0.000000000000000000e+00,-1.952967685209617242e-03,-9.581561268058931269e-01,2.862058166473177567e-01,0.000000000000000000e+00,-1.667184541275310017e-02,-2.861381409193039516e-01,-9.580433256809306464e-01,0.000000000000000000e+00,5.832617888984614751e-01,1.489834404830847059e-01,2.235693289829756292e-01,1.000000000000000000e+00
9.995991207847824134e-01,-2.047510781936305591e-02,-1.905556578231778694e-02,0.000000000000000000e+00,-1.336926476068643274e-02,-9.481602625334286660e-01,3.174809068487531860e-01,0.000000000000000000e+00,-2.456865907602327759e-02,-3.171049817014005567e-01,-9.480721552557909160e-01,0.000000000000000000e+00,5.755743532017195685e-01,1.381865344599901568e-01,2.384751308561892102e-01,1.000000000000000000e+00
9.988828788409088721e-01,-3.864330908823244981e-02,-2.684093743552688760e-02,0.000000000000000000e+00,-2.698543695629067665e-02,-9.378465520068098860e-01,3.459716433212762787e-01,0.000000000000000000e+00,-3.854291184565658557e-02,-3.448674764206559051e-01,-9.378597270667433650e-01,0.000000000000000000e+00,5.665643422141192209e-01,1.274774135163587174e-01,2.528029693031440539e-01,1.000000000000000000e+00
9.982547065457780811e-01,-4.987362060000309627e-02,-3.131947842250611819e-02,0.000000000000000000e+00,-3.538015865233432033e-02,-9.330153538360189680e-01,3.580661123049657113e-01,0.000000000000000000e+00,-4.708051412293959292e-02,-3.563399543958299387e-01,-9.331694712596942942e-01,0.000000000000000000e+00,5.618684179153246028e-01,1.222598213645749443e-01,2.596436446429741807e-01,1.000000000000000000e+00
9.961520875913038031e-01,-7.579347314072081010e-02,-4.378486859592496672e-02,0.000000000000000000e+00,-5.425554680929525753e-02,-9.271855384473282058e-01,3.706265773467555813e-01,0.000000000000000000e+00,-6.868909497825828603e-02,-3.668319294045221390e-01,-9.277478880603413636e-01,0.000000000000000000e+00,5.520696481085681784e-01,1.133812299929498890e-01,2.718628005354169486e-01,1.000000000000000000e+00
9.926763580695322498e-01,-1.030966189182468129e-01,-6.281307346917271162e-02,0.000000000000000000e+00,-7.327807490751300779e-02,-9.280453079978175923e-01,3.651615764867561231e-01,0.000000000000000000e+00,-9.594214919230596716e-02,-3.578913332681529225e-01,-9.288212409177047935e-01,0.000000000000000000e+00,5.418400236338319909e-01,1.070419128481222143e-01,2.816112869635187810e-01,1.000000000000000000e+00
9.902731310745872539e-01,-1.160460682317803333e-01,-7.663669369751555105e-02,0.000000000000000000e+00,-8.124452046249404369e-02,-9.300037112237347081e-01,3.584315442397725815e-01,0.000000000000000000e+00,-1.128691540748510275e-01,-3.487255302080174979e-01,-9.304037073440564187e-01,0.000000000000000000e+00,5.362842353692889308e-01,1.042689046558474969e-01,2.855744846494382982e-01,1.000000000000000000e+00
9.838439804961295332e-01,-1.357491612042482088e-01,-1.166359043137352586e-01,0.000000000000000000e+00,-8.840282050205272579e-02,-9.352310151149828554e-01,3.427953275578430326e-01,0.000000000000000000e+00,-1.556186895129044734e-01,-3.269524714950750588e-01,-9.321399599081396925e-01,0.000000000000000000e+00,5.236799677770522798e-01,9.801416038914201323e-02,2.923467954949088843e-01,1.000000000000000000e+00
9.794410291870812024e-01,-1.453956185278553748e-01,-1.397717115837886492e-01,0.000000000000000000e+00,-9.117916491295581516e-02,-9.373718683709300059e-01,3.361563433490082353e-01,0.000000000000000000e+00,-1.798971934744281742e-01,-3.165071407001022186e-01,-9.313754504311726468e-01,0.000000000000000000e+00,5.170601532278449319e-01,9.410543652621972122e-02,2.953443766412459648e-01,1.000000000000000000e+00
9.743635930898979503e-01,-1.538663741538734142e-01,-1.640776470665426534e-01,0.000000000000000000e+00,-9.258645848685582991e-02,-9.391185042163939789e-01,3.308548467899974366e-01,0.000000000000000000e+00,-2.049997370154780785e-01,-3.071874633613416727e-01,-9.293067148026044055e-01,0.000000000000000000e+00,5.104086735798606389e-01,8.980381548404813008e-02,2.983841294362478691e-01,1.000000000000000000e+00
9.629826225794267947e-01,-1.596279666130801800e-01,-2.171730365082901459e-01,0.000000000000000000e+00,-8.439706757286112582e-02,-9.438116610643745297e-01,3.194955873329338170e-01,0.000000000000000000e+00,-2.559758036005264081e-01,-2.893455019527633176e-01,-9.223641192450886539e-01,0.000000000000000000e+00,4.973359664344724207e-01,8.071303153814263220e-02,3.043141226833229740e-01,1.000000000000000000e+00
9.504559193355874847e-01,-1.582759874948264089e-01,-2.675126241576073483e-01,0.000000000000000000e+00,-7.283413844078109878e-02,-9.500819431780057611e-01,3.033483746880836218e-01,0.000000000000000000e+00,-3.021774951961818112e-01,-2.688403828510171900e-01,-9.145565099792795083e-01,0.000000000000000000e+00,4.860901987857297879e-01,7.172631522841102503e-02,3.097469473962984332e-01,1.000000000000000000e+00
9.437608579165003286e-01,-1.558742844002000416e-01,-2.915465613390861854e-01,0.000000000000000000e+00,-6.691467500699184445e-02,-9.536748556550264100e-01,2.932702556709113617e-01,0.000000000000000000e+00,-3.237601494264810698e-01,-2.572731979982572637e-01,-9.104888067599141710e-01,0.000000000000000000e+00,4.810370614953161650e-01,6.736784440578530431e-02,3.122020436006984201e-01,1.000000000000000000e+00
9.365166339442936305e-01,-1.518674002514972809e-01,-3.159962562874910064e-01,0.000000000000000000e+00,-6.006334502524591362e-02,-9.574773415368527107e-01,2.821529406706718146e-01,0.000000000000000000e+00,-3.454157393020675926e-01,-2.452658522139828379e-01,-9.058325611172047820e-01,0.000000000000000000e+00,4.760521298899702547e-01,6.311760933538049234e-02,3.143228040677299995e-01,1.000000000000000000e+00
9.200542771314729196e-01,-1.413144068892273342e-01,-3.653917246447119238e-01,0.000000000000000000e+00,-4.506339926128635071e-02,-9.646522223297133714e-01,2.596076403008421574e-01,0.000000000000000000e+00,-3.891697316357233816e-01,-2.223916083879709515e-01,-8.939177213240547815e-01,0.000000000000000000e+00,4.663053241009611494e-01,5.416763782644985065e-02,3.175174779183362883e-01,1.000000000000000000e+00
9.005451481429359584e-01,-1.267529380179402976e-01,-4.158519878048513307e-01,0.000000000000000000e+00,-2.722051875666494855e-02,-9.711063704855998902e-01,2.370489558342560310e-01,0.000000000000000000e+00,-4.338915198987655653e-01,-2.021574723726370648e-01,-8.779923150710634561e-01,0.000000000000000000e+00,4.564831344470507424e-01,4.517381375044047381e-02,3.199247635322708394e-01,1.000000000000000000e+00
8.899851854659742711e-01,-1.151081468320226120e-01,-4.411997632424580762e-01,0.000000000000000000e+00,-1.409265156115065143e-02,-9.740830110142880693e-01,2.257087320564325483e-01,0.000000000000000000e+00,-4.557548824026017575e-01,-1.946635011039138108e-01,-8.685583506616909588e-01,0.000000000000000000e+00,4.516793756827746642e-01,4.038728381718467708e-02,3.207722566368455541e-01,1.000000000000000000e+00
8.788675310896131299e-01,-1.027066110838341512e-01,-4.658583065024493597e-01,0.000000000000000000e+00,-4.881137234839837483e-04,-9.767322664060182902e-01,2.144168566311057122e-01,0.000000000000000000e+00,-4.770500529298337677e-01,-1.882202454017519733e-01,-8.584849365134760157e-01,0.000000000000000000e+00,4.470242075746252430e-01,3.553107254140999011e-02,3.214175796846915345e-01,1.000000000000000000e+00
8.677523424483867265e-01,-8.904024348259290123e-02,-4.889360429719892265e-01,0.000000000000000000e+00,1.351672241488291633e-02,-9.792174551151956452e-01,2.023146576847237865e-01,0.000000000000000000e+00,-4.967984190025110935e-01,-1.821713382518185542e-01,-8.485310450396891246e-01,0.000000000000000000e+00,4.427673971685580634e-01,3.068944696623003565e-02,3.218210870210188035e-01,1.000000000000000000e+00
8.481968308841156823e-01,-5.431467609192441870e-02,-5.268707611363344645e-01,0.000000000000000000e+00,4.423779408613131431e-02,-9.839786766178402200e-01,1.726549403782159930e-01,0.000000000000000000e+00,-5.278174535754555086e-01,-1.697562418401357687e-01,-8.322208565383562018e-01,0.000000000000000000e+00,4.361879371793730975e-01,2.160141644762366905e-02,3.217762645442472369e-01,1.000000000000000000e+00
8.331204117026217437e-01,-1.788975808330360920e-02,-5.527848433716171517e-01,0.000000000000000000e+00,7.263673684889081217e-02,-9.872709004782332931e-01,1.414242568658275190e-01,0.000000000000000000e+00,-5.482889920907872972e-01,-1.579789638914337602e-01,-8.212318966770943973e-01,0.000000000000000000e+00,4.318444832408726008e-01,1.356450346072420564e-02,3.210914143021220135e-01,1.000000000000000000e+00
8.253068257580529199e-01,3.271369383925920669e-03,-5.646580278369636163e-01,0.000000000000000000e+00,8.746569128778446112e-02,-9.886450499182112273e-01,1.221125096825709938e-01,0.000000000000000000e+00,-5.578576294800758895e-01,-1.501713837619164937e-01,-8.162373556324787893e-01,0.000000000000000000e+00,4.297027892686791639e-01,9.817057163703075962e-03,3.206212061664516777e-01,1.000000000000000000e+00
8.165577259315666137e-01,2.667475716994921475e-02,-5.766304574444548470e-01,0.000000000000000000e+00,1.026244448531489911e-01,-9.897174246246256413e-01,9.954089418018008395e-02,0.000000000000000000e+00,-5.680569189772901595e-01,-1.404599710593161521e-01,-8.109145043295531430e-01,0.000000000000000000e+00,4.272777298526320711e-01,6.654261519855122348e-03,3.201930799506547687e-01,1.000000000000000000e+00
8.059611443676654163e-01,5.360992790855088896e-02,-5.895195978934131276e-01,0.000000000000000000e+00,1.193886559570986744e-01,-9.901372059768789313e-01,7.318066049350654967e-02,0.000000000000000000e+00,-5.797932404099765957e-01,-1.293652120109990700e-01,-8.044280205812378570e-01,0.000000000000000000e+00,4.243623440038299388e-01,3.632828707206976846e-03,3.198556495908072006e-01,1.000000000000000000e+00
7.804572762134168729e-01,1.126037453157866380e-01,-6.149695792863251187e-01,0.000000000000000000e+00,1.509178896165146166e-01,-9.884804311954134004e-01,1.053445008699933558e-02,0.000000000000000000e+00,-6.067108574344465266e-01,-1.010335445143676070e-01,-7.884758451303512938e-01,0.000000000000000000e+00,4.174925647532248263e-01,-1.517431783553760795e-03,3.198092453079168229e-01,1.000000000000000000e+00
7.511324407835323624e-01,1.735779402921094894e-01,-6.369077656519274155e-01,0.000000000000000000e+00,1.784154517485964930e-01,-9.822762522300970689e-01,-5.728907211106883113e-02,0.000000000000000000e+00,-6.355757290014057981e-01,-7.060386550916462889e-02,-7.688033473388987682e-01,0.000000000000000000e+00,4.101511931039366066e-01,-7.049808388277551026e-03,3.209177223416347924e-01,1.000000000000000000e+00
7.357445168179862494e-01,2.036058541052524207e-01,-6.459143976159278377e-01,0.000000000000000000e+00,1.908572801122397633e-01,-9.774087641759806599e-01,-9.069924609029998697e-02,0.000000000000000000e+00,-6.498018013024505768e-01,-5.654708083038193639e-02,-7.579973922604570369e-01,0.000000000000000000e+00,4.064219440711319686e-01,-1.020811118825898194e-02,3.219948405348128651e-01,1.000000000000000000e+00
7.197654439709278984e-01,2.359140362172441052e-01,-6.528882140782064081e-01,0.000000000000000000e+00,2.043691970744204722e-01,-9.708073495282167897e-01,-1.254873232257494864e-01,0.000000000000000000e+00,-6.634456709488047998e-01,-4.310963117019832314e-02,-7.469815268128519037e-01,0.000000000000000000e+00,4.027977711435212771e-01,-1.335890734150419271e-02,3.232861250670816533e-01,1.000000000000000000e+00
6.846893517093537440e-01,3.116850791367274387e-01,-6.588123025570825630e-01,0.000000000000000000e+00,2.377744791348682940e-01,-9.500026700962639348e-01,-2.023338102822151707e-01,0.000000000000000000e+00,-6.889511406357173851e-01,-1.811329543420676230e-02,-7.245814200938754945e-01,0.000000000000000000e+00,3.960648089775256064e-01,-1.994593105432279981e-02,3.258065447564680306e-01,1.000000000000000000e+00
6.450172427378082496e-01,3.873932972351304405e-01,-6.586804511517079241e-01,0.000000000000000000e+00,2.718377746831152075e-01,-9.219035346297800304e-01,-2.760051521143368491e-01,0.000000000000000000e+00,-7.141761321433811593e-01,-1.026165626999982639e-03,-6.999652843254625667e-01,0.000000000000000000e+00,3.896205151266476929e-01,-2.803946694957305460e-02,3.287596289797252713e-01,1.000000000000000000e+00
6.242416981395738640e-01,4.252317881674034794e-01,-6.553479804935555819e-01,0.000000000000000000e+00,2.870359702609844854e-01,-9.050402263917586287e-01,-3.138364021115106484e-01,0.000000000000000000e+00,-7.265834880768478055e-01,7.801475355134827351e-03,-6.870338942412990146e-01,0.000000000000000000e+00,3.865986397326396373e-01,-3.230811807502668997e-02,3.304022150522999413e-01,1.000000000000000000e+00
6.039309230750190549e-01,4.612215040784636289e-01,-6.500176237845892713e-01,0.000000000000000000e+00,2.995041431900538620e-01,-8.871034734007723355e-01,-3.511772239104997695e-01,0.000000000000000000e+00,-7.386175999187460928e-01,1.740414861294524787e-02,-6.738999456160609247e-01,0.000000000000000000e+00,3.838686925314117038e-01,-3.688643556352923236e-02,3.321332432962798564e-01,1.000000000000000000e+00
5.390479393784728401e-01,5.682724711070291645e-01,-6.216707042598527133e-01,0.000000000000000000e+00,3.243260509888324372e-01,-8.212194121413889381e-01,-4.694593024675824955e-01,0.000000000000000000e+00,-7.773238140874206836e-01,5.143805543112399403e-02,-6.269942699148450815e-01,0.000000000000000000e+00,3.765431051471510027e-01,-5.191493078879067663e-02,3.393953482942453359e-01,1.000000000000000000e+00
5.179084083454618126e-01,6.010786757224815258e-01,-6.086510108904664706e-01,0.000000000000000000e+00,3.287436427694190866e-01,-7.967275375328964904e-01,-5.070834203330533141e-01,0.000000000000000000e+00,-7.897412568647259601e-01,6.253382059746889765e-02,-6.102444333930516773e-01,0.000000000000000000e+00,3.749048563485912755e-01,-5.740718476067522419e-02,3.423573065896288736e-01,1.000000000000000000e+00
4.823902336723598916e-01,6.521806181787984658e-01,-5.847570868580002079e-01,0.000000000000000000e+00,3.299458957239045365e-01,-7.536837514531129489e-01,-5.683988525601728625e-01,0.000000000000000000e+00,-8.114362526090790340e-01,8.125341888143995661e-02,-5.787651422397620538e-01,0.000000000000000000e+00,3.734428253797256736e-01,-6.937572562270302723e-02,3.485190506067067373e-01,1.000000000000000000e+00
4.640702831060933842e-01,6.770085310431924741e-01,-5.712083403923452485e-01,0.000000000000000000e+00,3.318669930946123725e-01,-7.307712289602689149e-01,-5.965052025921040446e-01,0.000000000000000000e+00,-8.212775440050622544e-01,8.725682384885369292e-02,-5.638168518276330810e-01,0.000000000000000000e+00,3.733654887150927859e-01,-7.593113885408769859e-02,3.513029544607886856e-01,1.000000000000000000e+00
4.436997337688873833e-01,7.037767328307091841e-01,-5.548059151457915839e-01,0.000000000000000000e+00,3.374164823247584044e-01,-7.047202527904465885e-01,-6.240995350613260939e-01,0.000000000000000000e+00,-8.302256809348564914e-01,8.971386456043274615e-02,-5.501606503757662248e-01,0.000000000000000000e+00,3.737138115961972096e-01,-8.296928439286116452e-02,3.541752333362838123e-01,1.000000000000000000e+00
3.938961344362043593e-01,7.720123214550886903e-01,-4.988221704164207959e-01,0.000000000000000000e+00,3.591997085996754824e-01,-6.288330653622400401e-01,-6.895834192831532539e-01,0.000000000000000000e+00,-8.460590601099964303e-01,9.244924490474373813e-02,-5.250116226545200604e-01,0.000000000000000000e+00,3.756608002226781151e-01,-9.681973008485350585e-02,3.588141467843916077e-01,1.000000000000000000e+00
3.414707129813561171e-01,8.309313209924543697e-01,-4.392398420805509462e-01,0.000000000000000000e+00,3.743582147495491119e-01,-5.489034765634190904e-01,-7.473564393027805064e-01,0.000000000000000000e+00,-8.621187481826868559e-01,9.076904063708572667e-02,-4.985100252690408129e-01,0.000000000000000000e+00,3.775418832755577103e-01,-1.117530783660284632e-01,3.621926651686458998e-01,1.000000000000000000e+00
3.150199517065657706e-01,8.550536934756239882e-01,-4.118572060820286929e-01,0.000000000000000000e+00,3.752210966195498876e-01,-5.108040188519183955e-01,-7.734785904455012684e-01,0.000000000000000000e+00,-8.717608257418690831e-01,8.912539163141154630e-02,-4.817569171982917786e-01,0.000000000000000000e+00,3.777469947026148023e-01,-1.193878067899525469e-01,3.638567261847747702e-01,1.000000000000000000e+00
2.905927053268052562e-01,8.746376329716816223e-01,-3.880021101769301484e-01,0.000000000000000000e+00,3.708476557299217324e-01,-4.767576097084763043e-01,-7.969660875632600394e-01,0.000000000000000000e+00,-8.820564733152506109e-01,8.770454704565872062e-02,-4.629085118143526079e-01,0.000000000000000000e+00,3.773824169351896463e-01,-1.268717572818372497e-01,3.653336310412275134e-01,1.000000000000000000e+00
2.650800834895217228e-01,8.940196171769526634e-01,-3.611678561848651325e-01,0.000000000000000000e+00,3.626055704043126271e-01,-4.395016395038752743e-01,-8.217884497158479684e-01,0.000000000000000000e+00,-8.934460617500440405e-01,8.687994706598975436e-02,-4.406881091442645948e-01,0.000000000000000000e+00,3.767928747782434695e-01,-1.344830262440119273e-01,3.670163257874975993e-01,1.000000000000000000e+00
2.195435414013933162e-01,9.280180364901328138e-01,-3.009383728924270862e-01,0.000000000000000000e+00,3.462124938924223683e-01,-3.624985478063164623e-01,-8.652817222224848948e-01,0.000000000000000000e+00,-9.121043288551633488e-01,8.578004055120115601e-02,-4.008833719758234104e-01,0.000000000000000000e+00,3.768811417756174897e-01,-1.483153041650911719e-01,3.692168529185799741e-01,1.000000000000000000e+00
1.801343925064624318e-01,9.539505903014086075e-01,-2.398137168744315928e-01,0.000000000000000000e+00,3.404482609333676635e-01,-2.891987350119874511e-01,-8.946730241804098371e-01,0.000000000000000000e+00,-9.228454507368895054e-01,7.951874982713662277e-02,-3.768727138970882073e-01,0.000000000000000000e+00,3.805047757683351350e-01,-1.606179093773072719e-01,3.703833983258341123e-01,1.000000000000000000e+00
1.621142746955431257e-01,9.630092300800968674e-01,-2.152043949869180128e-01,0.000000000000000000e+00,3.406933007103503663e-01,-2.593029314256855011e-01,-9.036984073828728814e-01,0.000000000000000000e+00,-9.260908681131631015e-01,7.318512524137116282e-02,-3.701346261035471374e-01,0.000000000000000000e+00,3.832062635386090377e-01,-1.663362302704799456e-01,3.706905202343081518e-01,1.000000000000000000e+00
1.437948192998404207e-01,9.708737015744897114e-01,-1.915934561376858858e-01,0.000000000000000000e+00,3.435619241476522978e-01,-2.305406205508108153e-01,-9.103828719023761007e-01,0.000000000000000000e+00,-9.280547308947488805e-01,6.508537720930707149e-02,-3.667128442492806895e-01,0.000000000000000000e+00,3.863037164190314954e-01,-1.717196397397119378e-01,3.711868223031096758e-01,1.000000000000000000e+00
1.246622366765548495e-01,9.778778099785907507e-01,-1.679138541022809350e-01,0.000000000000000000e+00,3.486651279741476706e-01,-2.016162174622134762e-01,-9.152946390601275350e-01,0.000000000000000000e+00,-9.289183578097783833e-01,5.555804115854643538e-02,-3.660928688005407605e-01,0.000000000000000000e+00,3.895773800960460886e-01,-1.770087286325896514e-01,3.718000508877812305e-01,1.000000000000000000e+00
8.621382505877159264e-02,9.884808027593898760e-01,-1.243126133829378505e-01,0.000000000000000000e+00,3.570730044863924535e-01,-1.471459863550194092e-01,-9.224032063408482696e-01,0.000000000000000000e+00,-9.300878710579059128e-01,3.513590678400342615e-02,-3.656528683949272773e-01,0.000000000000000000e+00,3.951263382647532407e-01,-1.870652730040880674e-01,3.735567279809854369e-01,1.000000000000000000e+00
5.065743843620045678e-02,9.952141817313524541e-01,-8.344640982741903523e-02,0.000000000000000000e+00,3.607907624482147857e-01,-9.614737798656286527e-02,-9.276672109865439220e-01,0.000000000000000000e+00,-9.312686476155517257e-01,1.688687592932239245e-02,-3.639416703122201335e-01,0.000000000000000000e+00,3.986477299467742208e-01,-1.960241899298303947e-01,3.756514377461488974e-01,1.000000000000000000e+00
4.105062726123195893e-02,9.968735052974810884e-01,-6.737067120476680770e-02,0.000000000000000000e+00,3.632682762475141769e-01,-7.770416495314153016e-02,-9.284282250784403612e-01,0.000000000000000000e+00,-9.307784012678751440e-01,1.363919600509654571e-02,-3.653293583405976541e-01,0.000000000000000000e+00,4.000215107603131148e-01,-1.993751350422758584e-01,3.760634677894776345e-01,1.000000000000000000e+00
4.223715676577924349e-02,9.977075332838111210e-01,-5.269200620857408812e-02,0.000000000000000000e+00,3.674670870481360763e-01,-6.455550329714135338e-02,-9.277829885439907720e-01,0.000000000000000000e+00,-9.290755234862766443e-01,1.982471918684575521e-02,-3.693584331890422123e-01,0.000000000000000000e+00,4.014370498236591311e-01,-2.041437595751620648e-01,3.759354596333476795e-01,1.000000000000000000e+00
4.650574465408069402e-02,9.979728712886796194e-01,-4.322164720607434701e-02,0.000000000000000000e+00,3.683531986957812587e-01,-5.735237563708446562e-02,-9.279048296676644103e-01,0.000000000000000000e+00,-9.285205881909029957e-01,2.723259738244237366e-02,-3.702808433411392541e-01,0.000000000000000000e+00,4.009069023292966549e-01,-2.082068884401615527e-01,3.759232641613884374e-01,1.000000000000000000e+00
4.598789262858909987e-02,9.983720596446479245e-01,-3.345281981676472699e-02,0.000000000000000000e+00,3.683156644651224831e-01,-4.807548165648595218e-02,-9.284465877336834927e-01,0.000000000000000000e+00,-9.285612701730505680e-01,3.037668927443252717e-02,-3.699340809973254984e-01,0.000000000000000000e+00,4.001769653682118455e-01,-2.096908078487613181e-01,3.759360126402333524e-01,1.000000000000000000e+00
4.390775418774395256e-02,9.987922887608492450e-01,-2.160601618209351954e-02,0.000000000000000000e+00,3.685325357441522343e-01,-3.629500503017737967e-02,-9.288956828455243731e-01,0.000000000000000000e+00,-9.285759135191630209e-01,3.282383533806634140e-02,-3.696882046613758077e-01,0.000000000000000000e+00,3.995617108182252242e-01,-2.107973073236798500e-01,3.759616468215739582e-01,1.000000000000000000e+00
3.903680839700145178e-02,9.992236746563090133e-01,-2.987055025713427660e-03,0.000000000000000000e+00,3.692636693438096640e-01,-1.720366803957256233e-02,-9.291550587549625151e-01,0.000000000000000000e+00,-9.285029969976403841e-01,3.516891421097496223e-02,-3.696556939093740835e-01,0.000000000000000000e+00,3.989284793540288643e-01,-2.118584483151958464e-01,3.761391093181915002e-01,1.000000000000000000e+00
3.664217091206271176e-02,9.993111688472586795e-01,3.909735180993834623e-03,0.000000000000000000e+00,3.696464925718053740e-01,-9.918911640362574472e-03,-9.291091607676901232e-01,0.000000000000000000e+00,-9.284482566216659682e-01,3.549047986306676922e-02,-3.697624380805579758e-01,0.000000000000000000e+00,3.988514810917742071e-01,-2.120925745779315141e-01,3.762177797630696374e-01,1.000000000000000000e+00
3.551288848195421205e-02,9.993390738696621423e-01,6.402897016419198742e-03,0.000000000000000000e+00,3.697697615575599173e-01,-7.187505512449801626e-03,-9.290852544860360718e-01,0.000000000000000000e+00,-9.284430523122417789e-01,3.536277957891833384e-02,-3.697877397015492673e-01,0.000000000000000000e+00,3.988405019174121047e-01,-2.121105232809270269e-01,3.762703474548441118e-01,1.000000000000000000e+00
3.541303675985082999e-02,9.993438305920191445e-01,6.210634937241882661e-03,0.000000000000000000e+00,3.696848026401736709e-01,-7.326056046084664791e-03,-9.291179809372510645e-01,0.000000000000000000e+00,-9.284806988127435323e-01,3.519954426451690072e-02,-3.697087827138680338e-01,0.000000000000000000e+00,3.988291148496613814e-01,-2.121417399704094708e-01,3.762826203797834945e-01,1.000000000000000000e+00
3.532942758890876556e-02,9.993489712616010490e-01,5.849109832084974613e-03,0.000000000000000000e+00,3.694565122374725563e-01,-7.622619368154344432e-03,-9.292063969541420887e-01,0.000000000000000000e+00,-9.285747492893118293e-01,3.498999550043833950e-02,-3.694924020831426015e-01,0.000000000000000000e+00,3.987892971131869468e-01,-2.122394699576372890e-01,3.762721205952040404e-01,1.000000000000000000e+00
3.533321728110105225e-02,9.993520974791887390e-01,5.262691490191451563e-03,0.000000000000000000e+00,3.689278272943979364e-01,-8.149478738576952999e-03,-9.294119598678148852e-01,0.000000000000000000e+00,-9.287847853089650219e-01,3.478133770739153668e-02,-3.689838494105996403e-01,0.000000000000000000e+00,3.986702725837518169e-01,-2.124398431737740400e-01,3.762133760115600745e-01,1.000000000000000000e+00
