9.996601058943952456e-01,2.013635967560390566e-02,1.596704742364799326e-02,0.000000000000000000e+00,2.316997628909600246e-02,-9.749755237513046957e-01,-2.210579724548289160e-01,0.000000000000000000e+00,1.111639160710875887e-02,2.213570540724376368e-01,-9.751294685578982824e-01,0.000000000000000000e+00,6.229169204117767089e-01,2.955334974484487565e-01,2.869615142469890412e-02,1.000000000000000000e+00
9.996604366477233050e-01,2.013862721811165643e-02,1.594346249286403630e-02,0.000000000000000000e+00,2.316699092650395531e-02,-9.749751019719667955e-01,-2.210601455879654675e-01,0.000000000000000000e+00,1.109284467662315608e-02,2.213587055558106087e-01,-9.751293618139268427e-01,0.000000000000000000e+00,6.229076754456891463e-01,2.955374484797858581e-01,2.868441669435286417e-02,1.000000000000000000e+00
9.996601950669039560e-01,2.014543875443021437e-02,1.595000305326922663e-02,0.000000000000000000e+00,2.317510176281813855e-02,-9.749745221433984144e-01,-2.210618527262062372e-01,0.000000000000000000e+00,1.109767225459068821e-02,2.213606396402708620e-01,-9.751288678367489027e-01,0.000000000000000000e+00,6.229079605134579811e-01,2.955395986599942959e-01,2.868931738786035038e-02,1.000000000000000000e+00
9.996600547219364197e-01,2.014880433011423735e-02,1.595454727062271816e-02,0.000000000000000000e+00,2.317937322847057544e-02,-9.749747610522296881e-01,-2.210603511919110031e-01,0.000000000000000000e+00,1.110139288777398613e-02,2.213592810273393996e-01,-9.751291338992035262e-01,0.000000000000000000e+00,6.229087811178352085e-01,2.955392561866606038e-01,2.869100718100180830e-02,1.000000000000000000e+00
9.996603549914622189e-01,2.013944888976151523e-02,1.594754394784765605e-02,0.000000000000000000e+00,2.316873964287321369e-02,-9.749741896050651002e-01,-2.210639862313976967e-01,0.000000000000000000e+00,1.109655052765342806e-02,2.213626493625347469e-01,-9.751284243798796769e-01,0.000000000000000000e+00,6.229076577701458950e-01,2.955397472865907704e-01,2.868884340321952234e-02,1.000000000000000000e+00
9.996603186302874811e-01,2.013302020666399642e-02,1.595793703955225920e-02,0.000000000000000000e+00,2.316468168062793889e-02,-9.749760593215819338e-01,-2.210561652015215484e-01,0.000000000000000000e+00,1.110829219796182800e-02,2.213549988420040471e-01,-9.751300273974241595e-01,0.000000000000000000e+00,6.229130831813673996e-01,2.955339240829606418e-01,2.869230817539174250e-02,1.000000000000000000e+00
9.996602795717529633e-01,2.014747509561860828e-02,1.594213269938322616e-02,0.000000000000000000e+00,2.317527347415606481e-02,-9.749759503774679814e-01,-2.210555355248081388e-01,0.000000000000000000e+00,1.108969859395283683e-02,2.213541634822602244e-01,-9.751304286577073821e-01,0.000000000000000000e+00,6.229044699826805642e-01,2.955377977037313975e-01,2.868309132155694163e-02,1.000000000000000000e+00
9.996605758283939602e-01,2.013260945441465791e-02,1.594233584541829632e-02,0.000000000000000000e+00,2.316070754807320747e-02,-9.749785352562584384e-01,-2.210456611576933905e-01,0.000000000000000000e+00,1.109342286621488836e-02,2.213441302558235291e-01,-9.751326637798594099e-01,0.000000000000000000e+00,6.229083813869000785e-01,2.955273565863048568e-01,2.868136283102563563e-02,1.000000000000000000e+00
9.996614982898874846e-01,2.010981337419236875e-02,1.591323801368794630e-02,0.000000000000000000e+00,2.313175980760504014e-02,-9.749846685378519284e-01,-2.210216385459727040e-01,0.000000000000000000e+00,1.107067233206984920e-02,2.213191846229729531e-01,-9.751385843724666991e-01,0.000000000000000000e+00,6.229071212685852732e-01,2.955018771190908167e-01,2.865981123728357158e-02,1.000000000000000000e+00
9.996622162519175347e-01,2.009145837575509672e-02,1.589130579432017701e-02,0.000000000000000000e+00,2.310872394297727034e-02,-9.749907955748772226e-01,-2.209970188106701594e-01,0.000000000000000000e+00,1.105393729707414979e-02,2.212938580005455735e-01,-9.751445220486379961e-01,0.000000000000000000e+00,6.229063922395267072e-01,2.954801898257755077e-01,2.864314871676806179e-02,1.000000000000000000e+00
9.996628770158765276e-01,2.007573131528010008e-02,1.586960080487844968e-02,0.000000000000000000e+00,2.308841371116992711e-02,-9.749946267270386269e-01,-2.209822388946972027e-01,0.000000000000000000e+00,1.103660794846376796e-02,2.212784049066870151e-01,-9.751482250442465860e-01,0.000000000000000000e+00,6.229048011544996433e-01,2.954647048409148602e-01,2.863209688198936273e-02,1.000000000000000000e+00
9.996645329645020839e-01,2.007162625707822196e-02,1.577016973492376822e-02,0.000000000000000000e+00,2.306166456258413808e-02,-9.750101983265934136e-01,-2.209163182925794888e-01,0.000000000000000000e+00,1.094213721608255051e-02,2.212101534956495419e-01,-9.751647746014903140e-01,0.000000000000000000e+00,6.228745188856095183e-01,2.954344176091718288e-01,2.858174421149843603e-02,1.000000000000000000e+00
9.996675321149681714e-01,1.997971118387248390e-02,1.569660082267364948e-02,0.000000000000000000e+00,2.295474328804393907e-02,-9.750329248133303706e-01,-2.208271319194059501e-01,0.000000000000000000e+00,1.089285001356353304e-02,2.211182826444188509e-01,-9.751861621756969800e-01,0.000000000000000000e+00,6.228798178754110237e-01,2.953499887784556410e-01,2.853798002688145638e-02,1.000000000000000000e+00
9.996910663772434757e-01,2.008165861514949260e-02,1.397303453093130116e-02,0.000000000000000000e+00,2.265162316565466627e-02,-9.755506412651986370e-01,-2.185602827510733370e-01,0.000000000000000000e+00,9.242527759333193926e-03,2.188134868814876066e-01,-9.757229287248420091e-01,0.000000000000000000e+00,6.226074554546843220e-01,2.945603223147570393e-01,2.823695653149402990e-02,1.000000000000000000e+00
9.997005780679212306e-01,1.996368555897350475e-02,1.345185380439409620e-02,0.000000000000000000e+00,2.236672496045806827e-02,-9.769171491157606635e-01,-2.123990590357832109e-01,0.000000000000000000e+00,8.901250017944409287e-03,2.126404300006120296e-01,-9.770899729693641733e-01,0.000000000000000000e+00,6.229884150833985279e-01,2.921601795550604619e-01,2.919901251068328027e-02,1.000000000000000000e+00
9.996949448668660532e-01,1.967918636532598256e-02,1.426512295218996910e-02,0.000000000000000000e+00,2.221563389554319715e-02,-9.779069235503626834e-01,-2.078106382842148103e-01,0.000000000000000000e+00,9.860608068012687369e-03,2.080681592880932740e-01,-9.780646243980987142e-01,0.000000000000000000e+00,6.235677749462181785e-01,2.904250580802832937e-01,3.065414446168062204e-02,1.000000000000000000e+00
9.996182614463712257e-01,1.820942939739187902e-02,2.030997206210744671e-02,0.000000000000000000e+00,2.186398852657573527e-02,-9.800699679007500720e-01,-1.973969881379674662e-01,0.000000000000000000e+00,1.631102118592096459e-02,1.977694987690637451e-01,-9.801128383734730720e-01,0.000000000000000000e+00,6.258785131387258893e-01,2.863888591252940485e-01,3.602932349492036362e-02,1.000000000000000000e+00
9.995326170223718387e-01,1.900186529809997152e-02,2.354195244260143607e-02,0.000000000000000000e+00,2.313917439600782222e-02,-9.814525259011018798e-01,-1.902531600573992843e-01,0.000000000000000000e+00,1.949051902237455489e-02,1.907126521216724602e-01,-9.814523951720512951e-01,0.000000000000000000e+00,6.268866318871830767e-01,2.840528224858334672e-01,3.969771618976988131e-02,1.000000000000000000e+00
9.994415947418177071e-01,2.039303287589626368e-02,2.610306133891262398e-02,0.000000000000000000e+00,2.481044740166449269e-02,-9.829758415880456290e-01,-1.819991303693817009e-01,0.000000000000000000e+00,2.194758699769554927e-02,1.825486443554543980e-01,-9.829518278476134796e-01,0.000000000000000000e+00,6.275335283676820586e-01,2.816208645779481046e-01,4.368334752665897075e-02,1.000000000000000000e+00
9.991999177463335435e-01,2.460923484309975734e-02,3.121949450848849825e-02,0.000000000000000000e+00,2.937481424907658831e-02,-9.862189078228223993e-01,-1.627578970182385620e-01,0.000000000000000000e+00,2.678442414981539385e-02,1.635478929690677152e-01,-9.861717301405172886e-01,0.000000000000000000e+00,6.284226927203058199e-01,2.765430832387022475e-01,5.361737799479907723e-02,1.000000000000000000e+00
9.989374844396115005e-01,2.909164313200375204e-02,3.547288235468434858e-02,0.000000000000000000e+00,3.381202693279527355e-02,-9.894654460556794318e-01,-1.406969253315069335e-01,0.000000000000000000e+00,3.100668359518661543e-02,1.417495718311140018e-01,-9.894168203836660735e-01,0.000000000000000000e+00,6.285599512537899392e-01,2.712494584624144389e-01,6.549128602048158443e-02,1.000000000000000000e+00
9.988422802725546168e-01,3.054147488606098401e-02,3.690615603006740936e-02,0.000000000000000000e+00,3.507234210407582375e-02,-9.909994384406688450e-01,-1.291154163174253189e-01,0.000000000000000000e+00,3.263123290828950224e-02,1.302628301460079518e-01,-9.909423786079779584e-01,0.000000000000000000e+00,6.282697738602167625e-01,2.686871667430165145e-01,7.193798911134785534e-02,1.000000000000000000e+00
9.987764697850967099e-01,3.077509611961887909e-02,3.846041814198290776e-02,0.000000000000000000e+00,3.508244462449199019e-02,-9.925182894657849086e-01,-1.168649393799958830e-01,0.000000000000000000e+00,3.457680439461789657e-02,1.180735103662622770e-01,-9.924026857821598435e-01,0.000000000000000000e+00,6.279507461610575048e-01,2.661101008226761655e-01,7.893102373138967398e-02,1.000000000000000000e+00
9.987516505638429631e-01,2.974225721646871906e-02,3.989092043155748057e-02,0.000000000000000000e+00,3.375430780315086254e-02,-9.939950348323514095e-01,-1.039964630868330520e-01,0.000000000000000000e+00,3.655899116299756585e-02,1.052151552853530653e-01,-9.937772442873820111e-01,0.000000000000000000e+00,6.274938307022243089e-01,2.634225662491047615e-01,8.620794886753742337e-02,1.000000000000000000e+00
9.988292956770300490e-01,2.410165915321635377e-02,4.171204891393580361e-02,0.000000000000000000e+00,2.721189301614188386e-02,-9.967512880556251842e-01,-7.567780083444720918e-02,0.000000000000000000e+00,3.975334329627353697e-02,7.672574552674610304e-02,-9.962594198651945065e-01,0.000000000000000000e+00,6.261359145317423325e-01,2.577127305482520558e-01,1.014266568837593752e-01,1.000000000000000000e+00
9.987016559010627459e-01,2.431709223516160742e-02,4.454692387707819695e-02,0.000000000000000000e+00,2.629464463427791734e-02,-9.986599691943471857e-01,-4.435768809925618589e-02,0.000000000000000000e+00,4.340941539970086249e-02,4.547231757259063284e-02,-9.980219892313162422e-01,0.000000000000000000e+00,6.247327517028710142e-01,2.518089643714837012e-01,1.184910963917366195e-01,1.000000000000000000e+00
9.985873693341966728e-01,2.632870817548405365e-02,4.594357227324925158e-02,0.000000000000000000e+00,2.761697227045960268e-02,-9.992269062163633420e-01,-2.763403041714457969e-02,0.000000000000000000e+00,4.518135514165555477e-02,2.886437182843621524e-02,-9.985617122574413917e-01,0.000000000000000000e+00,6.239943038454047741e-01,2.488360294399644124e-01,1.278057070315949950e-01,1.000000000000000000e+00
9.985139028247783655e-01,2.801477396492350197e-02,4.653928669985910732e-02,0.000000000000000000e+00,2.855001790841800793e-02,-9.995235640839358338e-01,-1.087603878181069191e-02,0.000000000000000000e+00,4.621331369355503871e-02,1.218880807235143277e-02,-9.988572283340778624e-01,0.000000000000000000e+00,6.230558738854579115e-01,2.459774887969362611e-01,1.370908207965394754e-01,1.000000000000000000e+00
9.985147630214294967e-01,2.941572806999882481e-02,4.564789011091720250e-02,0.000000000000000000e+00,2.912484412798876932e-02,-9.995414683151684354e-01,7.024491019679009185e-03,0.000000000000000000e+00,4.583447208023976732e-02,-5.684679749309742500e-03,-9.989328734130603626e-01,0.000000000000000000e+00,6.216409257308367353e-01,2.429604581697407117e-01,1.464316039159742622e-01,1.000000000000000000e+00
9.987543405159802212e-01,2.807728075256929468e-02,4.101439390310621796e-02,0.000000000000000000e+00,2.572949233898083263e-02,-9.980505938745036776e-01,5.668996553127425564e-02,0.000000000000000000e+00,4.252695904621667244e-02,-5.556513940546187191e-02,-9.975489827758500239e-01,0.000000000000000000e+00,6.162060830599591643e-01,2.346937286335329942e-01,1.750186416163926895e-01,1.000000000000000000e+00
9.989178009105773581e-01,2.455643180132974918e-02,3.925500709936209642e-02,0.000000000000000000e+00,2.179902046720171710e-02,-9.973556293170431353e-01,6.919030479397672573e-02,0.000000000000000000e+00,4.085105581982919482e-02,-6.826102064210669285e-02,-9.968307902042869983e-01,0.000000000000000000e+00,6.140932148166055038e-01,2.325625062402448817e-01,1.845745604162790654e-01,1.000000000000000000e+00
9.990646528182293151e-01,2.023345497352749267e-02,3.796279349881261783e-02,0.000000000000000000e+00,1.714209009208807546e-02,-9.966330365641036249e-01,8.005926603146543141e-02,0.000000000000000000e+00,3.945560935838372807e-02,-7.933514864375883213e-02,-9.960668597437781768e-01,0.000000000000000000e+00,6.119263048441812014e-01,2.306860430022008857e-01,1.940515641381638234e-01,1.000000000000000000e+00
9.991828103054437582e-01,1.526293211181548037e-02,3.716855384157719683e-02,0.000000000000000000e+00,1.189557580541229093e-02,-9.959340340940547875e-01,8.918879924412220772e-02,0.000000000000000000e+00,3.837944928020999708e-02,-8.867548100450613202e-02,-9.953208914423363751e-01,0.000000000000000000e+00,6.097463846318882386e-01,2.291273060722687216e-01,2.034725799737392704e-01,1.000000000000000000e+00
9.994960307842808422e-01,-1.725180489891246479e-03,3.139195916080134846e-02,0.000000000000000000e+00,-5.322313250316323616e-03,-9.933568908812188125e-01,1.148673461940851737e-01,0.000000000000000000e+00,3.098584861966884388e-02,-1.149787481251035720e-01,-9.928845676436426348e-01,0.000000000000000000e+00,6.017838827665444867e-01,2.243524585036108798e-01,2.303918967752090485e-01,1.000000000000000000e+00
9.995798134334623608e-01,-7.803655467690959364e-03,2.756893974882515877e-02,0.000000000000000000e+00,-1.113888995788068527e-02,-9.923372802435458384e-01,1.229772103706895658e-01,0.000000000000000000e+00,2.639852316281102868e-02,-1.232349970405917233e-01,-9.920263370895089361e-01,0.000000000000000000e+00,5.986058235808247030e-01,2.226954089499113831e-01,2.386192719866462864e-01,1.000000000000000000e+00
9.996475236771314998e-01,-1.931697948650554567e-02,1.767567851329579498e-02,0.000000000000000000e+00,-2.159868484502712113e-02,-9.899583424711382307e-01,1.396306695750256788e-01,0.000000000000000000e+00,1.480122759270437183e-02,-1.399659192573558253e-01,-9.900456883943246078e-01,0.000000000000000000e+00,5.915077852689547555e-01,2.191087057271152161e-01,2.541459020081777709e-01,1.000000000000000000e+00
9.996073165858233578e-01,-2.549123030891348521e-02,1.077760208188391008e-02,0.000000000000000000e+00,-2.680883848634207922e-02,-9.885660788793210196e-01,1.483210732478204286e-01,0.000000000000000000e+00,6.873617530421614885e-03,-1.485546251527405104e-01,-9.888803146628889484e-01,0.000000000000000000e+00,5.871824624609676135e-01,2.171954334840667800e-01,2.624661408076967017e-01,1.000000000000000000e+00
9.995191530325636675e-01,-3.053774231603546829e-02,3.107397064139641105e-03,0.000000000000000000e+00,-3.064828776290871859e-02,-9.872485155730058581e-01,1.561467190090993495e-01,0.000000000000000000e+00,-1.700627872082879780e-03,-1.561698794863219941e-01,-9.877287464714532561e-01,0.000000000000000000e+00,5.829688667389872903e-01,2.155615536752253092e-01,2.697180375204354386e-01,1.000000000000000000e+00
9.993369892587433689e-01,-3.580082566508339253e-02,-4.962830057204890670e-03,0.000000000000000000e+00,-3.450872748243551807e-02,-9.859323981975646189e-01,1.634845583324319729e-01,0.000000000000000000e+00,-1.074610400774166086e-02,-1.632080476249068157e-01,-9.865331491841117240e-01,0.000000000000000000e+00,5.785659842022085053e-01,2.141535701906683298e-01,2.770992093794364952e-01,1.000000000000000000e+00
9.984392982524814553e-01,-5.116457894536736994e-02,-2.195223149576945587e-02,0.000000000000000000e+00,-4.649362835914939984e-02,-9.831403713834858671e-01,1.767882902772432985e-01,0.000000000000000000e+00,-3.062801314411640885e-02,-1.754951164156622334e-01,-9.840037545279473052e-01,0.000000000000000000e+00,5.693506302585354950e-01,2.113740743428061120e-01,2.914926353113849733e-01,1.000000000000000000e+00
9.970192215142636982e-01,-6.798994654229187362e-02,-3.620477871049815333e-02,0.000000000000000000e+00,-6.000779742204531697e-02,-9.802589717476702935e-01,1.883405411958960773e-01,0.000000000000000000e+00,-4.829625233127766981e-02,-1.856101443065829859e-01,-9.814358595146415176e-01,0.000000000000000000e+00,5.603835272704325021e-01,2.085501549517320974e-01,3.057362408959182765e-01,1.000000000000000000e+00
9.962341884625427468e-01,-7.622359947567391991e-02,-4.108712112765931790e-02,0.000000000000000000e+00,-6.700120721809897650e-02,-9.791213662334603551e-01,1.918669729725465123e-01,0.000000000000000000e+00,-5.485512560473530808e-02,-1.883951785863852146e-01,-9.805601317003933559e-01,0.000000000000000000e+00,5.563393919754315853e-01,2.074193701731238682e-01,3.129035460029364057e-01,1.000000000000000000e+00
9.953533736686737132e-01,-8.441055859461978061e-02,-4.612229423328804978e-02,0.000000000000000000e+00,-7.393981242108596530e-02,-9.781174153448695119e-01,1.944221511027361127e-01,0.000000000000000000e+00,-6.152548615925202552e-02,-1.901121304796192513e-01,-9.798326348909633943e-01,0.000000000000000000e+00,5.523521379452335234e-01,2.062790711933148724e-01,3.197877328421062093e-01,1.000000000000000000e+00
9.929692269875363131e-01,-9.683967251113353991e-02,-6.793334221808053353e-02,0.000000000000000000e+00,-8.174840975759593842e-02,-9.768551884118390483e-01,1.976154985728164337e-01,0.000000000000000000e+00,-8.549970411105489720e-02,-1.906763372731183626e-01,-9.779224585830055272e-01,0.000000000000000000e+00,5.405085795099322521e-01,2.015669103327162037e-01,3.385164244462546823e-01,1.000000000000000000e+00
9.915639915293923412e-01,-1.038058473901277007e-01,-7.749802353044171754e-02,0.000000000000000000e+00,-8.651475611907445684e-02,-9.759055785277274131e-01,2.002604446048367182e-01,0.000000000000000000e+00,-9.642081503863753067e-02,-1.918700172847741803e-01,-9.766723723411169233e-01,0.000000000000000000e+00,5.364262204604383077e-01,1.985833306653153330e-01,3.441017569075000004e-01,1.000000000000000000e+00
9.896094555309891128e-01,-1.137613288323473526e-01,-8.781931727795663778e-02,0.000000000000000000e+00,-9.390635758184681658e-02,-9.744305747516732730e-01,2.040769411179090553e-01,0.000000000000000000e+00,-1.087919863979347479e-01,-1.937134079586069479e-01,-9.750073944707569051e-01,0.000000000000000000e+00,5.324307735668721842e-01,1.947137522643292151e-01,3.491967531132645908e-01,1.000000000000000000e+00
9.849225781834638482e-01,-1.319492090257434191e-01,-1.117929699181811620e-01,0.000000000000000000e+00,-1.060647224124458554e-01,-9.714539531356461977e-01,2.121514517930639387e-01,0.000000000000000000e+00,-1.365975687440351416e-01,-1.970992593148659378e-01,-9.708207796451154836e-01,0.000000000000000000e+00,5.245182456257173609e-01,1.854026717193263951e-01,3.584920849717630476e-01,1.000000000000000000e+00
9.825808562894207121e-01,-1.384196465459288650e-01,-1.239177517745428808e-01,0.000000000000000000e+00,-1.095472322181507974e-01,-9.703736885840326121e-01,2.153022417866793103e-01,0.000000000000000000e+00,-1.500514750350346593e-01,-1.979808261105941714e-01,-9.686527485804070636e-01,0.000000000000000000e+00,5.210133932405333068e-01,1.801573495778041878e-01,3.628344590832954242e-01,1.000000000000000000e+00
9.788047538670989756e-01,-1.439096029607536131e-01,-1.456434924191760127e-01,0.000000000000000000e+00,-1.099395078044171359e-01,-9.694820032995594694e-01,2.190860488557040964e-01,0.000000000000000000e+00,-1.727306567035495344e-01,-1.984343127298687226e-01,-9.647735194159224870e-01,0.000000000000000000e+00,5.158951012078103471e-01,1.684313335708857995e-01,3.704065462236068584e-01,1.000000000000000000e+00
9.750127238119082884e-01,-1.464588167944962660e-01,-1.669752984403621299e-01,0.000000000000000000e+00,-1.076094661552360054e-01,-9.691475283315365008e-01,2.217070545198486786e-01,0.000000000000000000e+00,-1.942983915019941277e-01,-1.982028924093026945e-01,-9.607100231080781816e-01,0.000000000000000000e+00,5.121403038841363387e-01,1.546900915359811501e-01,3.763848017953245750e-01,1.000000000000000000e+00
9.723390132830806998e-01,-1.502636745861288814e-01,-1.787691758910555095e-01,0.000000000000000000e+00,-1.087763075281798913e-01,-9.687954305892575446e-01,2.226743709795049320e-01,0.000000000000000000e+00,-2.066546086945940663e-01,-1.970729215727859973e-01,-9.583611721517365512e-01,0.000000000000000000e+00,5.101559308769822998e-01,1.473051251912819160e-01,3.784426530698551394e-01,1.000000000000000000e+00
9.694634492294085248e-01,-1.529690451387485661e-01,-1.916294307739965230e-01,0.000000000000000000e+00,-1.088822723273643045e-01,-9.688184364982427299e-01,2.225224365657061942e-01,0.000000000000000000e+00,-2.196974000086619194e-01,-1.948660727922002789e-01,-9.559080845478705735e-01,0.000000000000000000e+00,5.081421370921658243e-01,1.396693508510455928e-01,3.796991166088672376e-01,1.000000000000000000e+00
9.660344944632290876e-01,-1.579701085092584667e-01,-2.044591578432096712e-01,0.000000000000000000e+00,-1.112607728328526280e-01,-9.685260572269970281e-01,2.226186510653858086e-01,0.000000000000000000e+00,-2.331956042128255913e-01,-1.923127147413420668e-01,-9.532238089371406486e-01,0.000000000000000000e+00,5.060457790554189206e-01,1.317631048252694281e-01,3.801213845710059158e-01,1.000000000000000000e+00
9.594014789981031299e-01,-1.677436126068185540e-01,-2.266972197162413771e-01,0.000000000000000000e+00,-1.169694744191787233e-01,-9.681442400436583995e-01,2.213495412816489372e-01,0.000000000000000000e+00,-2.566105197533245508e-01,-1.858500008270942416e-01,-9.484781591288738989e-01,0.000000000000000000e+00,5.022573338376966623e-01,1.158915314264922364e-01,3.795809225548321675e-01,1.000000000000000000e+00
9.535196232770752900e-01,-1.660886717476860452e-01,-2.513874062952277111e-01,0.000000000000000000e+00,-1.138961080252798852e-01,-9.711217043731049658e-01,2.095973730116337530e-01,0.000000000000000000e+00,-2.789448862981155908e-01,-1.712264576102256464e-01,-9.449186476212566577e-01,0.000000000000000000e+00,4.977441844472588750e-01,1.018110327739831789e-01,3.780322795871838282e-01,1.000000000000000000e+00
9.512755548497620062e-01,-1.593756072803841073e-01,-2.639223019195119369e-01,0.000000000000000000e+00,-1.082828517597405477e-01,-9.741933826520218220e-01,1.979970305661105656e-01,0.000000000000000000e+00,-2.886728148966878349e-01,-1.597745517707717666e-01,-9.440021708375841980e-01,0.000000000000000000e+00,4.954686414670730898e-01,9.569609642849362385e-02,3.767942468791813937e-01,1.000000000000000000e+00
9.493269851578912677e-01,-1.511674147075057206e-01,-2.755130394062791921e-01,0.000000000000000000e+00,-1.019608751091002075e-01,-9.774308395743933620e-01,1.849694047595194790e-01,0.000000000000000000e+00,-2.972620113529269581e-01,-1.475077367460002620e-01,-9.433327961045800958e-01,0.000000000000000000e+00,4.932794379565076381e-01,8.943334814381108389e-02,3.756670357006073879e-01,1.000000000000000000e+00
9.473615947320467301e-01,-1.411829930376595765e-01,-2.873223245849333418e-01,0.000000000000000000e+00,-9.446404081783375817e-02,-9.808129798176614678e-01,1.704792964402856159e-01,0.000000000000000000e+00,-3.058841318840897494e-01,-1.343664973184474642e-01,-9.425394115154487329e-01,0.000000000000000000e+00,4.907707369666485242e-01,8.354239139365980671e-02,3.745080105893467959e-01,1.000000000000000000e+00
9.433619808843721755e-01,-1.136594835418914262e-01,-3.116575712606898252e-01,0.000000000000000000e+00,-7.410844967120501503e-02,-9.879274820141186186e-01,1.359704926437425299e-01,0.000000000000000000e+00,-3.233556411951382104e-01,-1.051749587916741696e-01,-9.404144604111799310e-01,0.000000000000000000e+00,4.853928606011831959e-01,7.191042976929790109e-02,3.716504271046872088e-01,1.000000000000000000e+00
9.387487727248735592e-01,-8.066053294365596593e-02,-3.350005478114888025e-01,0.000000000000000000e+00,-5.010668678453468472e-02,-9.938272976568477413e-01,9.888058086789537626e-02,0.000000000000000000e+00,-3.409150131660662608e-01,-7.603972041447080998e-02,-9.370138284557332220e-01,0.000000000000000000e+00,4.791878524465156830e-01,6.112668178022539339e-02,3.682242183689584114e-01,1.000000000000000000e+00
9.358891742073008890e-01,-6.265612452854617265e-02,-3.466502712559851318e-01,0.000000000000000000e+00,-3.665381849973484152e-02,-9.960245040258954852e-01,8.107053639002056999e-02,0.000000000000000000e+00,-3.503584756081772889e-01,-6.316819741264381727e-02,-9.344831284753895018e-01,0.000000000000000000e+00,4.758022685879882974e-01,5.599987961193238911e-02,3.658640271226225593e-01,1.000000000000000000e+00
9.322799153189388344e-01,-4.417047896403306084e-02,-3.590040044097123073e-01,0.000000000000000000e+00,-2.267147342053471917e-02,-9.976905357283835096e-01,6.387758693126525944e-02,0.000000000000000000e+00,-3.610033515311726338e-01,-5.141363146294356673e-02,-9.311461854526673632e-01,0.000000000000000000e+00,4.720217951238869780e-01,5.089175746643331139e-02,3.633671767774090955e-01,1.000000000000000000e+00
9.161687269423061108e-01,1.693611388000688250e-02,-4.004107624936751320e-01,0.000000000000000000e+00,2.861128125959501792e-02,-9.993117849970722943e-01,2.319693626016051252e-02,0.000000000000000000e+00,-3.997500242721331865e-01,-3.270920226101102501e-02,-9.160404064133182978e-01,0.000000000000000000e+00,4.588211009425700593e-01,3.645596766868560573e-02,3.555284366670694585e-01,1.000000000000000000e+00
9.094076589424485713e-01,3.842324456038413022e-02,-4.141039857758874732e-01,0.000000000000000000e+00,4.749567238844588229e-02,-9.987940987639534196e-01,1.162997333960599095e-02,0.000000000000000000e+00,-4.131657106779750288e-01,-3.024511638370902880e-02,-9.101534642327631097e-01,0.000000000000000000e+00,4.544551151508006703e-01,3.189006434919777061e-02,3.529430292241296230e-01,1.000000000000000000e+00
9.016705133007014705e-01,5.909115273378880845e-02,-4.283448003814798177e-01,0.000000000000000000e+00,6.531797499196634327e-02,-9.978548406556357886e-01,-1.613204047358866042e-04,0.000000000000000000e+00,-4.274436947546900178e-01,-2.783369299195313437e-02,-9.036133981680933847e-01,0.000000000000000000e+00,4.499738789931157501e-01,2.771733000893508020e-02,3.505482135990994341e-01,1.000000000000000000e+00
8.929353418518255481e-01,7.955402457296860408e-02,-4.430782993415669502e-01,0.000000000000000000e+00,8.256010874970708124e-02,-9.964975750232323293e-01,-1.253628004082451772e-02,0.000000000000000000e+00,-4.425322824874639016e-01,-2.538699385277186707e-02,-8.963931500739809044e-01,0.000000000000000000e+00,4.454107287410319915e-01,2.396371964347152050e-02,3.482653632889021189e-01,1.000000000000000000e+00
8.633524052526200254e-01,1.330622902124845020e-01,-4.867214790505275945e-01,0.000000000000000000e+00,1.235318644333829735e-01,-9.909781959231477311e-01,-5.179614440983259377e-02,0.000000000000000000e+00,-4.892319060561062249e-01,-1.540758255155341011e-02,-8.720176308404701260e-01,0.000000000000000000e+00,4.320156306325038109e-01,1.350068137649650460e-02,3.425041092964045131e-01,1.000000000000000000e+00
8.523148492217603733e-01,1.492257362298881618e-01,-5.012702109081925705e-01,0.000000000000000000e+00,1.344621341469797449e-01,-9.887277641834421038e-01,-6.571217326081869869e-02,0.000000000000000000e+00,-5.054354535158506190e-01,-1.139462067995099942e-02,-8.627891775797760232e-01,0.000000000000000000e+00,4.274458134671410003e-01,1.057900937463812988e-02,3.409601837552121428e-01,1.000000000000000000e+00
8.415857043926989745e-01,1.629913999713821782e-01,-5.149252883656244562e-01,0.000000000000000000e+00,1.430848706711843055e-01,-9.865879191755002608e-01,-7.843305695416465106e-02,0.000000000000000000e+00,-5.208130098008101339e-01,-7.670026478451899554e-03,-8.536363274346053798e-01,0.000000000000000000e+00,4.230494196457166844e-01,7.609050745417948736e-03,3.396434318055214785e-01,1.000000000000000000e+00
8.214538648509663865e-01,1.875531240636527097e-01,-5.385333048907772202e-01,0.000000000000000000e+00,1.573488299082694553e-01,-9.822442555030171940e-01,-1.020701482267482307e-01,0.000000000000000000e+00,-5.481253734115520970e-01,-8.916848121195458839e-04,-8.363957077368596726e-01,0.000000000000000000e+00,4.149607216218963446e-01,2.511957195559078905e-03,3.371031074274567496e-01,1.000000000000000000e+00
8.120481311920794143e-01,1.987498502515583354e-01,-5.486866834119837888e-01,0.000000000000000000e+00,1.635224997453431084e-01,-9.800383312800693414e-01,-1.129867611714737152e-01,0.000000000000000000e+00,-5.602008690725908124e-01,2.028109257619645830e-03,-8.283543161372149966e-01,0.000000000000000000e+00,4.111862762822175998e-01,4.598566801344536629e-04,3.356169809473617538e-01,1.000000000000000000e+00
7.929641402126013094e-01,2.205755531374085088e-01,-5.679216887883614673e-01,0.000000000000000000e+00,1.751597018031706976e-01,-9.753350942778997723e-01,-1.342433597439846027e-01,0.000000000000000000e+00,-5.835359920835181402e-01,6.973310940761590949e-03,-8.120573371860068113e-01,0.000000000000000000e+00,4.034539905925795811e-01,-2.834508985789718858e-03,3.324905867359978506e-01,1.000000000000000000e+00
7.745448634421367995e-01,2.486648881645834031e-01,-5.815726737138748881e-01,0.000000000000000000e+00,1.921462903126963662e-01,-9.685194920525755924e-01,-1.582104406621076820e-01,0.000000000000000000e+00,-6.026174543241146209e-01,1.079426017935288841e-02,-7.979571966534948491e-01,0.000000000000000000e+00,3.964517032524620954e-01,-5.139015254629461862e-03,3.284820247048922393e-01,1.000000000000000000e+00
7.659195857397868012e-01,2.662081459544675677e-01,-5.852188976006216237e-01,0.000000000000000000e+00,2.036718331590134934e-01,-9.638252197351121486e-01,-1.718705241785756233e-01,0.000000000000000000e+00,-6.098138069643302961e-01,1.244663464240536657e-02,-7.924469711733075350e-01,0.000000000000000000e+00,3.935191225149445304e-01,-6.091677485503568974e-03,3.262630719585655203e-01,1.000000000000000000e+00
7.564171633977047060e-01,2.887902737588011193e-01,-5.868679575516924096e-01,0.000000000000000000e+00,2.189382594675151339e-01,-9.572743551465325851e-01,-1.888718995015760127e-01,0.000000000000000000e+00,-6.163498798289905878e-01,1.437837413115299924e-02,-7.873411509581684786e-01,0.000000000000000000e+00,3.907257611652219520e-01,-7.193097009947621578e-03,3.241787169927460854e-01,1.000000000000000000e+00
7.469124162100675424e-01,3.136695181055770831e-01,-5.862712877362001862e-01,0.000000000000000000e+00,2.357353806556590492e-01,-9.493723578752727432e-01,-2.076094971591740668e-01,0.000000000000000000e+00,-6.217224958053808592e-01,1.686155060643892284e-02,-7.830560812104550017e-01,0.000000000000000000e+00,3.882847976805102186e-01,-8.620325054485789007e-03,3.222120575706521883e-01,1.000000000000000000e+00
7.315019518320753367e-01,3.565059294945001622e-01,-5.811963210502409938e-01,0.000000000000000000e+00,2.630929442726659961e-01,-9.339758425792055174e-01,-2.417684327070254158e-01,0.000000000000000000e+00,-6.290273142065029299e-01,2.394589014360985410e-02,-7.770143063852709142e-01,0.000000000000000000e+00,3.847383568572529389e-01,-1.265595066667424100e-02,3.194817617985651892e-01,1.000000000000000000e+00
7.158299329657635823e-01,3.955269062670590530e-01,-5.754361132134896417e-01,0.000000000000000000e+00,2.856274905841744149e-01,-9.178543048956290251e-01,-2.755742341155238417e-01,0.000000000000000000e+00,-6.371758055807696941e-01,3.290454603980273035e-02,-7.700157684310183770e-01,0.000000000000000000e+00,3.815847147023021524e-01,-1.755205042837348905e-02,3.186957497051836619e-01,1.000000000000000000e+00
7.034649488946468354e-01,4.155782553827490067e-01,-5.765522753670225820e-01,0.000000000000000000e+00,2.947485747816964152e-01,-9.087582231516440068e-01,-2.954022958943172683e-01,0.000000000000000000e+00,-6.467218434799349991e-01,3.786792860805374139e-02,-7.617853222193571305e-01,0.000000000000000000e+00,3.786235519986051457e-01,-1.996482661563689365e-02,3.193580982582317485e-01,1.000000000000000000e+00
6.869308279302811515e-01,4.369164821279052924e-01,-5.806985209083990185e-01,0.000000000000000000e+00,3.018553862803264320e-01,-8.984256153909406795e-01,-3.188972973923933085e-01,0.000000000000000000e+00,-6.610586387677976905e-01,4.377425097124533482e-02,-7.490562669535397733e-01,0.000000000000000000e+00,3.742817547479240226e-01,-2.249254660743446252e-02,3.206820245575877637e-01,1.000000000000000000e+00
6.691712677471856052e-01,4.553438435578989751e-01,-5.872414711656119835e-01,0.000000000000000000e+00,3.046711254821574122e-01,-8.889003554007862684e-01,-3.420707680685382557e-01,0.000000000000000000e+00,-6.777720199379819732e-01,4.998937202817056030e-02,-7.335708225341414090e-01,0.000000000000000000e+00,3.692042333866340509e-01,-2.485951137219224658e-02,3.223825414117260091e-01,1.000000000000000000e+00
6.376007668340806234e-01,4.837793308895955158e-01,-5.995027673312409711e-01,0.000000000000000000e+00,3.029614806216152090e-01,-8.729733636964305266e-01,-3.822467716506011137e-01,0.000000000000000000e+00,-7.082866714795664764e-01,6.209578423311490347e-02,-7.031885270571975877e-01,0.000000000000000000e+00,3.598303230749417270e-01,-2.918401127823218658e-02,3.263526016639400340e-01,1.000000000000000000e+00
6.182996962700936239e-01,5.052831853938907214e-01,-6.019760253130694849e-01,0.000000000000000000e+00,3.026273177404175119e-01,-8.599390929174247633e-01,-4.109771403993236483e-01,0.000000000000000000e+00,-7.253365207664916881e-01,7.193403615142605900e-02,-6.846257562240307681e-01,0.000000000000000000e+00,3.545737054400420196e-01,-3.303705456684188912e-02,3.296724470089370529e-01,1.000000000000000000e+00
6.126176455765341977e-01,5.148851564776922851e-01,-5.996445971310127021e-01,0.000000000000000000e+00,3.047602823104765823e-01,-8.539003797296490506e-01,-4.218483835749619604e-01,0.000000000000000000e+00,-7.292542605841834114e-01,7.568536400615075155e-02,-6.800440787883330618e-01,0.000000000000000000e+00,3.533483636391576699e-01,-3.480872026695429333e-02,3.310424854549648410e-01,1.000000000000000000e+00
6.090133359075359243e-01,5.249318809958922749e-01,-5.945839082098482997e-01,0.000000000000000000e+00,3.095415192437325214e-01,-8.475015119259663443e-01,-4.311681598271041027e-01,0.000000000000000000e+00,-7.302587340818266215e-01,7.854026523175149099e-02,-6.786410008498855451e-01,0.000000000000000000e+00,3.530080997229789186e-01,-3.647407167842145470e-02,3.320467467279321627e-01,1.000000000000000000e+00
6.050082011910173918e-01,5.373911230330929989e-01,-5.875003015131556872e-01,0.000000000000000000e+00,3.177157134908744629e-01,-8.395196964299815878e-01,-4.407313825997695167e-01,0.000000000000000000e+00,-7.300772636797483450e-01,7.998956357073022660e-02,-6.786669719219107222e-01,0.000000000000000000e+00,3.530354442651688629e-01,-3.822452260405027891e-02,3.327939776478309186e-01,1.000000000000000000e+00
5.922738709496599974e-01,5.636858047292651053e-01,-5.757175715906496238e-01,0.000000000000000000e+00,3.359792626076322786e-01,-8.222234670468290263e-01,-4.593987943348699088e-01,0.000000000000000000e+00,-7.323391766278668502e-01,7.866225154913718265e-02,-6.763812390636203542e-01,0.000000000000000000e+00,3.522590107854081665e-01,-4.241395584541649694e-02,3.343695385335165859e-01,1.000000000000000000e+00
5.731579597338336551e-01,5.952743086719490817e-01,-5.631333745482419717e-01,0.000000000000000000e+00,3.588103803324527163e-01,-8.001497370427399503e-01,-4.806206988648357714e-01,0.000000000000000000e+00,-7.367063596952843074e-01,7.341489233184111951e-02,-6.722157340976380180e-01,0.000000000000000000e+00,3.510447134051838947e-01,-4.861363872289247573e-02,3.365989645451440415e-01,1.000000000000000000e+00
5.649546357590405909e-01,6.098608864631628323e-01,-5.557667726645263429e-01,0.000000000000000000e+00,3.691708125919982986e-01,-7.892114676735926260e-01,-4.907534180460345064e-01,0.000000000000000000e+00,-7.379230322082082072e-01,7.208193526412674801e-02,-6.710244355798244964e-01,0.000000000000000000e+00,3.509300057034850928e-01,-5.161801119015172606e-02,3.379160951065798835e-01,1.000000000000000000e+00
5.490323512667905081e-01,6.384133969551292198e-01,-5.394187230268155941e-01,0.000000000000000000e+00,3.895059036077909154e-01,-7.664662997681725987e-01,-5.106812207978401741e-01,0.000000000000000000e+00,-7.394862429964691453e-01,7.027508728011069850e-02,-6.694934716087527216e-01,0.000000000000000000e+00,3.514485846938878999e-01,-5.833310021788434829e-02,3.409322127621315368e-01,1.000000000000000000e+00
5.312541039854377090e-01,6.660415219208054571e-01,-5.235823860456493284e-01,0.000000000000000000e+00,4.069217404863144649e-01,-7.426581482434492232e-01,-5.318405013426561467e-01,0.000000000000000000e+00,-7.430848888937118257e-01,6.948673102118280154e-02,-6.655797789219634053e-01,0.000000000000000000e+00,3.520090457418726393e-01,-6.545880061173053877e-02,3.445997709836528533e-01,1.000000000000000000e+00
5.063298715572511766e-01,6.952064048071042723e-01,-5.101949262636844562e-01,0.000000000000000000e+00,4.196687999149231740e-01,-7.155095370417676737e-01,-5.584845097954388438e-01,0.000000000000000000e+00,-7.533258475442978774e-01,6.866581971348631463e-02,-6.540528821316671237e-01,0.000000000000000000e+00,3.508303426823161653e-01,-7.288356373584416181e-02,3.489084501780462810e-01,1.000000000000000000e+00
4.921603192858837739e-01,7.087138583655373525e-01,-5.054538890762027004e-01,0.000000000000000000e+00,4.221956503978676611e-01,-7.021203625285533656e-01,-5.733747258199497487e-01,0.000000000000000000e+00,-7.612627387315046290e-01,6.879317916721829074e-02,-6.447841042698523317e-01,0.000000000000000000e+00,3.494592310073731389e-01,-7.656255655415346306e-02,3.512231946931440585e-01,1.000000000000000000e+00
4.768100035602377829e-01,7.236045847529862796e-01,-4.990284283791383557e-01,0.000000000000000000e+00,4.241244150145049852e-01,-6.866549664094065974e-01,-5.904271204772940651e-01,0.000000000000000000e+00,-7.699109432373406614e-01,6.987276242212733801e-02,-6.343145407090153842e-01,0.000000000000000000e+00,3.478558575380696349e-01,-7.994216945180195044e-02,3.534766919030454257e-01,1.000000000000000000e+00
4.613061367473581531e-01,7.397499754169339914e-01,-4.898442292924167218e-01,0.000000000000000000e+00,4.265244399619829152e-01,-6.690204426718060482e-01,-6.086618899713911457e-01,0.000000000000000000e+00,-7.779883999525264437e-01,7.185031282166183531e-02,-6.241566967410804301e-01,0.000000000000000000e+00,3.465140118290184201e-01,-8.302153799711271820e-02,3.554586200205420710e-01,1.000000000000000000e+00
4.343659835267308367e-01,7.703892730731909388e-01,-4.666983042499986967e-01,0.000000000000000000e+00,4.354851498848032465e-01,-6.331677163647611017e-01,-6.398687944293360852e-01,0.000000000000000000e+00,-7.884615352637455166e-01,7.469849542057988012e-02,-6.105313605306763591e-01,0.000000000000000000e+00,3.459782336467649433e-01,-8.931226156653503112e-02,3.577444320586223858e-01,1.000000000000000000e+00
4.098089279008598207e-01,7.991584856691281713e-01,-4.397534585389660244e-01,0.000000000000000000e+00,4.503326304210715780e-01,-5.965043430171098615e-01,-6.643521939761869444e-01,0.000000000000000000e+00,-7.932528137390497669e-01,7.422355767483758415e-02,-6.043515839154973701e-01,0.000000000000000000e+00,3.479232329275157021e-01,-9.595736793552155086e-02,3.581008811063892128e-01,1.000000000000000000e+00
3.959119148944921784e-01,8.136231465998450263e-01,-4.257368645804022189e-01,0.000000000000000000e+00,4.584348153536956794e-01,-5.768386156439887502e-01,-6.760735747496405823e-01,0.000000000000000000e+00,-7.956658918480005172e-01,7.249437842694642087e-02,-6.013820363514497114e-01,0.000000000000000000e+00,3.490801877247939333e-01,-9.965020985531417019e-02,3.583655114180847590e-01,1.000000000000000000e+00
