9.995753620198840617e-01,2.237165422226276845e-02,1.814804759156284780e-02,0.000000000000000000e+00,2.586070879932133790e-02,-9.744249162118844287e-01,-2.231771791807288241e-01,0.000000000000000000e+00,1.269131141795922652e-02,2.235560351946262181e-01,-9.746084494516511487e-01,0.000000000000000000e+00,6.229207249888177866e-01,2.975780804244535505e-01,3.036504308148931658e-02,1.000000000000000000e+00
9.995753615358987654e-01,2.236578012170691715e-02,1.815531302768497862e-02,0.000000000000000000e+00,2.585661519351612272e-02,-9.744248828366325332e-01,-2.231777992112062570e-01,0.000000000000000000e+00,1.269968769300188101e-02,2.235567684365505625e-01,-9.746081721485341243e-01,0.000000000000000000e+00,6.229244459257228250e-01,2.975756782894709018e-01,3.036882486856759544e-02,1.000000000000000000e+00
9.995755185941284093e-01,2.236663972026748867e-02,1.814560431925514236e-02,0.000000000000000000e+00,2.585528821243748138e-02,-9.744248123553767016e-01,-2.231782606770858213e-01,0.000000000000000000e+00,1.269002365618390228e-02,2.235569896495041287e-01,-9.746082472862914736e-01,0.000000000000000000e+00,6.229203229407457298e-01,2.975782493489724789e-01,3.036416899480225140e-02,1.000000000000000000e+00
9.995754055076663258e-01,2.236686849036826144e-02,1.815155087940638692e-02,0.000000000000000000e+00,2.585683654051575825e-02,-9.744248485582468478e-01,-2.231779232306888017e-01,0.000000000000000000e+00,1.269577539092651280e-02,2.235568089590486973e-01,-9.746082138250582450e-01,0.000000000000000000e+00,6.229223052491732471e-01,2.975787603166114015e-01,3.036812994002898933e-02,1.000000000000000000e+00
9.995754173484333593e-01,2.237315075904814168e-02,1.814315460515822029e-02,0.000000000000000000e+00,2.586112912882829531e-02,-9.744239274017304497e-01,-2.231814477244411510e-01,0.000000000000000000e+00,1.268609603591379018e-02,2.235601954441630290e-01,-9.746075630633775910e-01,0.000000000000000000e+00,6.229182824813852548e-01,2.975814717130397802e-01,3.036313762142613115e-02,1.000000000000000000e+00
9.995755365801578529e-01,2.237259476485005741e-02,1.813727033446606643e-02,0.000000000000000000e+00,2.585924358660526487e-02,-9.744244657502970641e-01,-2.231793157297177199e-01,0.000000000000000000e+00,1.268054370487387873e-02,2.235579045481220772e-01,-9.746081608140789720e-01,0.000000000000000000e+00,6.229160651175655872e-01,2.975806766922494129e-01,3.036034076858288439e-02,1.000000000000000000e+00
9.995757716107018798e-01,2.236664015998467842e-02,1.813166065290143861e-02,0.000000000000000000e+00,2.585214134566716365e-02,-9.744254128075795496e-01,-2.231760035573499834e-01,0.000000000000000000e+00,1.267649761454064938e-02,2.235543723292771345e-01,-9.746090236708725429e-01,0.000000000000000000e+00,6.229159775100917562e-01,2.975775127091768724e-01,3.035605002017396220e-02,1.000000000000000000e+00
9.995760030960396669e-01,2.238473222982423697e-02,1.809653830857764836e-02,0.000000000000000000e+00,2.586194786597026396e-02,-9.744247417672432521e-01,-2.231777972505950280e-01,0.000000000000000000e+00,1.263818276130151616e-02,2.235554864216846849e-01,-9.746092657199889597e-01,0.000000000000000000e+00,6.228986692183146046e-01,2.975856855929277511e-01,3.033882838936361945e-02,1.000000000000000000e+00
9.995788127145315283e-01,2.231994338259704960e-02,1.802121529791320814e-02,0.000000000000000000e+00,2.578099793950806504e-02,-9.744437158858580972e-01,-2.231043065855350116e-01,0.000000000000000000e+00,1.258122673587615085e-02,2.234792454707217879e-01,-9.746274875959828332e-01,0.000000000000000000e+00,6.228967062765787821e-01,2.975182373567610283e-01,3.028766476910916411e-02,1.000000000000000000e+00
9.995795580667594660e-01,2.234264412651881804e-02,1.795160855483241696e-02,0.000000000000000000e+00,2.578463619728626685e-02,-9.744958944456583172e-01,-2.228758648798441211e-01,0.000000000000000000e+00,1.251437364245164795e-02,2.232493324575369198e-01,-9.746810380886667957e-01,0.000000000000000000e+00,6.228949976840135738e-01,2.974451288863583232e-01,3.032700497512857279e-02,1.000000000000000000e+00
9.995792566352569297e-01,2.282225093996688436e-02,1.735515680564732321e-02,0.000000000000000000e+00,2.610486020917053909e-02,-9.747532631695413619e-01,-2.217100789657496518e-01,0.000000000000000000e+00,1.185730096083448780e-02,2.220741254785247587e-01,-9.749576848288712405e-01,0.000000000000000000e+00,6.227848899227177437e-01,2.972877231749415650e-01,3.060815533564350752e-02,1.000000000000000000e+00
9.995657861095278429e-01,2.367932510661510323e-02,1.697868378128169695e-02,0.000000000000000000e+00,2.683614808015035921e-02,-9.751405155793504420e-01,-2.199125802064700597e-01,0.000000000000000000e+00,1.134943948647387617e-02,2.202769745959687886e-01,-9.753713368180293442e-01,0.000000000000000000e+00,6.226815691071688752e-01,2.970723117497697241e-01,3.129363608704360811e-02,1.000000000000000000e+00
9.995619386918068727e-01,2.517114427027165521e-02,1.493623500117875584e-02,0.000000000000000000e+00,2.780720784133544274e-02,-9.759382843296497967e-01,-2.162220415983922839e-01,0.000000000000000000e+00,9.134463224631881456e-03,2.165468272764928537e-01,-9.762294982114004815e-01,0.000000000000000000e+00,6.221708734579939337e-01,2.964681042222315765e-01,3.207080778275980815e-02,1.000000000000000000e+00
9.994370650769001108e-01,3.246218623992138536e-02,-7.246124219535244639e-03,0.000000000000000000e+00,3.053988058715380316e-02,-9.819305054295134338e-01,-1.867097884468584545e-01,0.000000000000000000e+00,-1.317645203020427654e-02,1.863869757449303777e-01,-9.823880477614508333e-01,0.000000000000000000e+00,6.180633314243745291e-01,2.897483896168593920e-01,3.444169340862507367e-02,1.000000000000000000e+00
9.992150608163553605e-01,3.487943920541097809e-02,-1.826017140366526306e-02,0.000000000000000000e+00,3.124150085956463666e-02,-9.847042706363394737e-01,-1.713540630268358400e-01,0.000000000000000000e+00,-2.395806365465178583e-02,1.706523709348425899e-01,-9.850399887721495995e-01,0.000000000000000000e+00,6.164620701272175429e-01,2.858705333188463205e-01,3.603572279174661191e-02,1.000000000000000000e+00
9.988888626485524780e-01,3.697333499959070541e-02,-2.889220443126622878e-02,0.000000000000000000e+00,3.204886556350241417e-02,-9.873151562060848985e-01,-1.554425921137928823e-01,0.000000000000000000e+00,-3.427360223567168379e-02,1.543468833238313964e-01,-9.874220778360238704e-01,0.000000000000000000e+00,6.151176133835852822e-01,2.818182326837238016e-01,3.851329331004225281e-02,1.000000000000000000e+00
9.979836019116391510e-01,4.018328559308165931e-02,-4.893649737796956778e-02,0.000000000000000000e+00,3.399423568362658354e-02,-9.920214325043071879e-01,-1.213203045396648305e-01,0.000000000000000000e+00,-5.342213121776350632e-02,1.194144147816387919e-01,-9.914062101068921162e-01,0.000000000000000000e+00,6.129745216577044964e-01,2.729676403817020147e-01,4.592892425386171235e-02,1.000000000000000000e+00
9.966532746789916741e-01,4.243499779255563431e-02,-6.972996439979446681e-02,0.000000000000000000e+00,3.660052872044837480e-02,-9.958743429632181954e-01,-8.291828041011597983e-02,0.000000000000000000e+00,-7.296232427849710933e-02,8.009016412064455526e-02,-9.941137082079734011e-01,0.000000000000000000e+00,6.103000479677465062e-01,2.628424029191879785e-01,5.570133125520540518e-02,1.000000000000000000e+00
9.959350128269517377e-01,4.295314521789873191e-02,-7.905203629558180123e-02,0.000000000000000000e+00,3.798633115084375927e-02,-9.972619970817058199e-01,-6.329529779939950529e-02,0.000000000000000000e+00,-8.155589391117759601e-02,6.003626228094691153e-02,-9.948589263708106367e-01,0.000000000000000000e+00,6.088731852826210211e-01,2.574937688144190995e-01,6.137298765294057351e-02,1.000000000000000000e+00
9.946915448604635168e-01,4.292910931589141721e-02,-9.341610705685166050e-02,0.000000000000000000e+00,4.076643910560166090e-02,-9.988478055491225582e-01,-2.493803708313301060e-02,0.000000000000000000e+00,-9.438085838073424771e-02,2.099781686523603808e-02,-9.953146965951070735e-01,0.000000000000000000e+00,6.061077679285472586e-01,2.467265664756750077e-01,7.423411568851293052e-02,1.000000000000000000e+00
9.942344756782773851e-01,4.231621880833807275e-02,-9.842708925755366822e-02,0.000000000000000000e+00,4.188143949964817647e-02,-9.990919375227381716e-01,-6.480146889292417479e-03,0.000000000000000000e+00,-9.861382524645007086e-02,2.320561938935329291e-03,-9.951230720180043177e-01,0.000000000000000000e+00,6.047561501758722535e-01,2.412984914894565347e-01,8.125310558110741821e-02,1.000000000000000000e+00
9.935993115282498733e-01,4.065726750148943025e-02,-1.053002451616754931e-01,0.000000000000000000e+00,4.395733872117771335e-02,-9.985966669190822209e-01,2.920952056881692335e-02,0.000000000000000000e+00,-1.039668962377789108e-01,-3.365192597509684275e-02,-9.940112838216927926e-01,0.000000000000000000e+00,6.017399143993483746e-01,2.307194073948083679e-01,9.582488772888721196e-02,1.000000000000000000e+00
9.934456280463850320e-01,3.966924794529300830e-02,-1.071115389871080958e-01,0.000000000000000000e+00,4.489973440284073664e-02,-9.978817790606379079e-01,4.686913451877183084e-02,0.000000000000000000e+00,-1.050274118673085871e-01,-5.137220550414021286e-02,-9.931415504640289660e-01,0.000000000000000000e+00,6.001031997321617517e-01,2.255312487554312628e-01,1.035988210550040922e-01,1.000000000000000000e+00
9.932032023876209426e-01,3.668606856414015349e-02,-1.103733574803704848e-01,0.000000000000000000e+00,4.599253421337419490e-02,-9.954789483699443275e-01,8.298853565468879145e-02,0.000000000000000000e+00,-1.068318875684389352e-01,-8.750251448841300794e-02,-9.904192333334249643e-01,0.000000000000000000e+00,5.962811078612836324e-01,2.148942788097759071e-01,1.194327388396925482e-01,1.000000000000000000e+00
9.930335670728764885e-01,3.444654323294962794e-02,-1.125989219621037485e-01,0.000000000000000000e+00,4.604790617925178658e-02,-9.936968801553563990e-01,1.021119366539805784e-01,0.000000000000000000e+00,-1.083738807550800459e-01,-1.065875774317759789e-01,-9.883795780505123529e-01,0.000000000000000000e+00,5.939612835991352480e-01,2.092420930554913239e-01,1.274943843454999781e-01,1.000000000000000000e+00
9.927115283349872144e-01,3.185712354268843000e-02,-1.161451337405408624e-01,0.000000000000000000e+00,4.613375594034944266e-02,-9.914002653027698120e-01,1.223843838961585218e-01,0.000000000000000000e+00,-1.112496438669059728e-01,-1.268530423496930792e-01,-9.856631383926830470e-01,0.000000000000000000e+00,5.910685364005940912e-01,2.034058595078711562e-01,1.354631519754417868e-01,1.000000000000000000e+00
9.919043999861096861e-01,2.543454124200562882e-02,-1.243362067187708947e-01,0.000000000000000000e+00,4.588554544069829710e-02,-9.852992746884426944e-01,1.645010726993801353e-01,0.000000000000000000e+00,-1.183266431341407215e-01,-1.688778238976954837e-01,-9.785086029873140134e-01,0.000000000000000000e+00,5.843492522495813413e-01,1.915668774369986560e-01,1.515476926091556265e-01,1.000000000000000000e+00
9.912387659582176935e-01,1.958044014732148244e-02,-1.305490793781214631e-01,0.000000000000000000e+00,4.619276622977126073e-02,-9.778559307971806946e-01,2.040704629632359712e-01,0.000000000000000000e+00,-1.236647829744038640e-01,-2.083169877289704208e-01,-9.702118604075202768e-01,0.000000000000000000e+00,5.771500141609969825e-01,1.803681422287282399e-01,1.678399522687586409e-01,1.000000000000000000e+00
9.909680470248533046e-01,1.658676719768605035e-02,-1.329960744942742523e-01,0.000000000000000000e+00,4.612141602976219806e-02,-9.739010323755217247e-01,2.221943766671669040e-01,0.000000000000000000e+00,-1.258419507009610472e-01,-2.263258522618353252e-01,-9.658884055840668559e-01,0.000000000000000000e+00,5.733451188306337709e-01,1.751227140346547917e-01,1.759465231942309860e-01,1.000000000000000000e+00
9.907360202619274192e-01,1.262784083489524624e-02,-1.351422313439235023e-01,0.000000000000000000e+00,4.513860501680842102e-02,-9.696361970298211785e-01,2.403100053012577897e-01,0.000000000000000000e+00,-1.280066672854804632e-01,-2.441886114704747701e-01,-9.612420169544116932e-01,0.000000000000000000e+00,5.694447387087870904e-01,1.696912535267275646e-01,1.840008754181912121e-01,1.000000000000000000e+00
9.903697665780716308e-01,8.742300425022209859e-03,-1.381015732444186572e-01,0.000000000000000000e+00,4.461360123876514233e-02,-9.648744741411927617e-01,2.588583060990585216e-01,0.000000000000000000e+00,-1.309901877498750589e-01,-2.625317032561109709e-01,-9.559909390254166528e-01,0.000000000000000000e+00,5.651723032834289340e-01,1.639668650951332241e-01,1.918188212180870766e-01,1.000000000000000000e+00
9.892484428058474499e-01,6.784182336083223464e-03,-1.460213689068997622e-01,0.000000000000000000e+00,4.971623826372975619e-02,-9.549795916499782544e-01,2.924431946312874286e-01,0.000000000000000000e+00,-1.374660859436900029e-01,-2.965643178484494991e-01,-9.450675534555220692e-01,0.000000000000000000e+00,5.562712335456803103e-01,1.527669306251471515e-01,2.071406518750802950e-01,1.000000000000000000e+00
9.867879600640513393e-01,1.670167933971906243e-02,-1.610941422928520161e-01,0.000000000000000000e+00,6.769450284452675770e-02,-9.461394977769619352e-01,3.165726645372258785e-01,0.000000000000000000e+00,-1.471330685204520206e-01,-3.233015062802504502e-01,-9.347876743863695603e-01,0.000000000000000000e+00,5.467377008783101955e-01,1.421805667707532750e-01,2.219349897188408471e-01,1.000000000000000000e+00
9.851638066047421205e-01,2.238543827372804773e-02,-1.700938364860871688e-01,0.000000000000000000e+00,7.700167300913254853e-02,-9.436636118396550810e-01,3.217925992696847315e-01,0.000000000000000000e+00,-1.533108474311221381e-01,-3.301222878887494216e-01,-9.314048846227127587e-01,0.000000000000000000e+00,5.420130089170593912e-01,1.376599357942207558e-01,2.290773777270707356e-01,1.000000000000000000e+00
9.835162318100624246e-01,2.653713213003928637e-02,-1.788081354012076574e-01,0.000000000000000000e+00,8.392574011111293697e-02,-9.431197740019391373e-01,3.216555750092658927e-01,0.000000000000000000e+00,-1.601047542675615720e-01,-3.313664640065144273e-01,-9.298186566168392675e-01,0.000000000000000000e+00,5.374466998812658103e-01,1.336120877218170411e-01,2.358859933555468857e-01,1.000000000000000000e+00
9.825707878847286247e-01,2.552842310740967291e-02,-1.840752381784172831e-01,0.000000000000000000e+00,8.396456364583244902e-02,-9.446285976184889410e-01,3.171868715982744114e-01,0.000000000000000000e+00,-1.657886453796593440e-01,-3.271206494708432388e-01,-9.303258599829153930e-01,0.000000000000000000e+00,5.334683684085174127e-01,1.300803333923821747e-01,2.425462006089480760e-01,1.000000000000000000e+00
9.802651915204740884e-01,1.194733341999055370e-02,-1.972768674190876481e-01,0.000000000000000000e+00,7.340376051234413779e-02,-9.487727507634295954e-01,3.072830978961416659e-01,0.000000000000000000e+00,-1.835032355442299812e-01,-3.157058670570696557e-01,-9.309438049906892942e-01,0.000000000000000000e+00,5.242673078118905705e-01,1.218280213344432455e-01,2.546958586863860563e-01,1.000000000000000000e+00
9.752744761794864825e-01,-9.076481753099161984e-03,-2.207669823434243173e-01,0.000000000000000000e+00,5.935420618852100400e-02,-9.516597511716639035e-01,3.013329439487581474e-01,0.000000000000000000e+00,-2.128341921689490268e-01,-3.069916885961857522e-01,-9.276085972955691039e-01,0.000000000000000000e+00,5.123837583457681033e-01,1.113386027339645090e-01,2.652331142624397287e-01,1.000000000000000000e+00
9.723409839249145259e-01,-2.171550374076743062e-02,-2.325127841182551836e-01,0.000000000000000000e+00,5.053099549116828182e-02,-9.525036080222246682e-01,3.002736120616065207e-01,0.000000000000000000e+00,-2.279942481256913012e-01,-3.037232894590863874e-01,-9.250788000282745838e-01,0.000000000000000000e+00,5.063908809715931270e-01,1.055139598021556241e-01,2.702138995513664876e-01,1.000000000000000000e+00
9.645044322976642492e-01,-3.254459338525069606e-02,-2.620167865247515215e-01,0.000000000000000000e+00,4.809898581498259218e-02,-9.541014663369069559e-01,2.955632358710099106e-01,0.000000000000000000e+00,-2.596145839444333747e-01,-2.976805239927071689e-01,-9.186874187876887810e-01,0.000000000000000000e+00,4.941374574748493842e-01,9.398048671516670560e-02,2.796303490007838177e-01,1.000000000000000000e+00
9.541803471134957526e-01,-2.905799911550740675e-02,-2.977855684397424652e-01,0.000000000000000000e+00,5.969166981487280393e-02,-9.567675068330921961e-01,2.846288624231728681e-01,0.000000000000000000e+00,-2.931879458959947837e-01,-2.893681558060927084e-01,-9.112117749385530985e-01,0.000000000000000000e+00,4.816668398273603602e-01,8.264962302650831483e-02,2.886338702919331589e-01,1.000000000000000000e+00
9.490097711760476784e-01,-2.817873334133629351e-02,-3.139540732350382113e-01,0.000000000000000000e+00,6.326765729253501502e-02,-9.586908862868318559e-01,2.772899835776468924e-01,0.000000000000000000e+00,-3.088045346727310014e-01,-2.830194915776937936e-01,-9.080416987961850150e-01,0.000000000000000000e+00,4.759722459694822883e-01,7.718739941990174214e-02,2.931499035901423689e-01,1.000000000000000000e+00
9.363703977757441566e-01,-2.740239434969251806e-02,-3.499147522674726507e-01,0.000000000000000000e+00,6.726253849571606214e-02,-9.644506318061238925e-01,2.555219689676196393e-01,0.000000000000000000e+00,-3.444840500467555855e-01,-2.628044220167611300e-01,-9.012572191288236167e-01,0.000000000000000000e+00,4.640603476295684371e-01,6.729786647626594120e-02,3.012007245530134991e-01,1.000000000000000000e+00
9.285035253794892141e-01,-2.524417264599279620e-02,-3.704384996277899633e-01,0.000000000000000000e+00,6.934437285193338629e-02,-9.683325563496829602e-01,2.398002609845709399e-01,0.000000000000000000e+00,-3.647682414227557679e-01,-2.483479946164709462e-01,-8.973669280842299090e-01,0.000000000000000000e+00,4.577174303951568324e-01,6.316594050898642621e-02,3.047264003846377745e-01,1.000000000000000000e+00
9.197049053330147439e-01,-2.143556846334160673e-02,-3.920001918523151607e-01,0.000000000000000000e+00,7.165537683009599867e-02,-9.725600683728082840e-01,2.212988189738566147e-01,0.000000000000000000e+00,-3.859948309716261239e-01,-2.316229902796206330e-01,-8.929494839223059977e-01,0.000000000000000000e+00,4.513550299768143703e-01,5.952240638113376336e-02,3.077170665989439891e-01,1.000000000000000000e+00
9.004376269453603365e-01,-6.980929832198918585e-03,-4.349069940813714563e-01,0.000000000000000000e+00,7.915022189750441084e-02,-9.805382172060236323e-01,1.796129000746238547e-01,0.000000000000000000e+00,-4.277050283265214636e-01,-1.961569752279084533e-01,-8.823779517948344697e-01,0.000000000000000000e+00,4.391565714627452266e-01,5.282331742377684158e-02,3.128430272220127928e-01,1.000000000000000000e+00
8.802404089366576700e-01,1.231825984549040319e-02,-4.743477941875696158e-01,0.000000000000000000e+00,9.137812871512498991e-02,-9.853427272783996660e-01,1.439808816937013236e-01,0.000000000000000000e+00,-4.656305201201912380e-01,-1.700860786582069628e-01,-8.684808256831434425e-01,0.000000000000000000e+00,4.282916932943810484e-01,4.451409187224834862e-02,3.174142233334460439e-01,1.000000000000000000e+00
8.692475772552115121e-01,2.089948400263008307e-02,-4.939155878341732198e-01,0.000000000000000000e+00,9.776498777974095000e-02,-9.866317412938853115e-01,1.303094821455107466e-01,0.000000000000000000e+00,-4.845987255666698856e-01,-1.615619636256447611e-01,-8.596870402004352929e-01,0.000000000000000000e+00,4.229925597699683570e-01,3.954062275401065696e-02,3.194063398592541514e-01,1.000000000000000000e+00
8.578661920584726985e-01,2.806848194161352603e-02,-5.130872282037406418e-01,0.000000000000000000e+00,1.036398961999249746e-01,-9.874286248598082016e-01,1.192653747922879787e-01,0.000000000000000000e+00,-5.032991082271855987e-01,-1.554930337127690687e-01,-8.500070141619534558e-01,0.000000000000000000e+00,4.178900647401583290e-01,3.386740065457728016e-02,3.214050241981562528e-01,1.000000000000000000e+00
8.459313706099841346e-01,3.690782249197609860e-02,-5.319949959896451697e-01,0.000000000000000000e+00,1.104380270640756417e-01,-9.880903855421677706e-01,1.070587646039926760e-01,0.000000000000000000e+00,-5.217178794995734892e-01,-1.493197201096472526e-01,-8.399488528457222936e-01,0.000000000000000000e+00,4.128984478524496682e-01,2.823987269354782254e-02,3.231736883927509574e-01,1.000000000000000000e+00
8.174735307811176188e-01,7.549753308321149881e-02,-5.709797683559473258e-01,0.000000000000000000e+00,1.367659066065768092e-01,-9.884515358535568286e-01,6.511063630494150212e-02,0.000000000000000000e+00,-5.594809082954423918e-01,-1.313193157285790225e-01,-8.183742118184594849e-01,0.000000000000000000e+00,4.029413430770064641e-01,1.853362732119277767e-02,3.259149906673934893e-01,1.000000000000000000e+00
7.869619036178489013e-01,1.287207618051984803e-01,-6.034092099360675032e-01,0.000000000000000000e+00,1.662238320979960438e-01,-9.860572572844523709e-01,6.439712767568029315e-03,0.000000000000000000e+00,-5.941785456147277156e-01,-1.053708285320863330e-01,-7.974013070127415892e-01,0.000000000000000000e+00,3.942554486118615698e-01,1.010312406583402552e-02,3.280278425900630124e-01,1.000000000000000000e+00
7.710752558508767729e-01,1.588123006876558663e-01,-6.166055058674119183e-01,0.000000000000000000e+00,1.819137880485247605e-01,-9.829691398770353805e-01,-2.568639072438870866e-02,0.000000000000000000e+00,-6.101952467026034999e-01,-9.236468131055827757e-02,-7.868484775024653377e-01,0.000000000000000000e+00,3.902648315312395311e-01,5.817661611981360566e-03,3.291155173459325844e-01,1.000000000000000000e+00
7.536619299834282915e-01,1.913159373191410384e-01,-6.287866524685149505e-01,0.000000000000000000e+00,1.993922640203288354e-01,-9.781547187899427565e-01,-5.862438109714532275e-02,0.000000000000000000e+00,-6.262784674447695599e-01,-8.119379325182504714e-02,-7.753598191500581382e-01,0.000000000000000000e+00,3.861255084631193824e-01,8.369733986910319820e-04,3.304144907886850668e-01,1.000000000000000000e+00
7.346580841752423652e-01,2.248453564258259263e-01,-6.400803167969736363e-01,0.000000000000000000e+00,2.174579802337529288e-01,-9.717371079937020539e-01,-9.175928662485052789e-02,0.000000000000000000e+00,-6.426338181269151129e-01,-7.178025315325621547e-02,-7.628036254875021349e-01,0.000000000000000000e+00,3.817533244377105950e-01,-4.661041386684624740e-03,3.319297287349361469e-01,1.000000000000000000e+00
6.737083353985955370e-01,3.303793374140792105e-01,-6.610199082671381898e-01,0.000000000000000000e+00,2.648050666489250582e-01,-9.430180847224421958e-01,-2.014346431592227427e-01,0.000000000000000000e+00,-6.899168548340308682e-01,-3.933398003153914385e-02,-7.228191830816316221e-01,0.000000000000000000e+00,3.684065362363738716e-01,-2.143926590805313864e-02,3.381396556591625968e-01,1.000000000000000000e+00
6.540281522643386358e-01,3.672929478957841498e-01,-6.613046297833762299e-01,0.000000000000000000e+00,2.795044866330166911e-01,-9.296756857071860614e-01,-2.399189618560728376e-01,0.000000000000000000e+00,-7.029329115482001455e-01,-2.792439337083840387e-02,-7.107077811008128965e-01,0.000000000000000000e+00,3.645892813520017484e-01,-2.707170924717143545e-02,3.409298192296844610e-01,1.000000000000000000e+00
6.356250732307815454e-01,4.040122165417188715e-01,-6.578264528480280982e-01,0.000000000000000000e+00,2.936886923956353868e-01,-9.145935956438305814e-01,-2.779321026211972745e-01,0.000000000000000000e+00,-7.139455713126114933e-01,-1.653589604565303822e-02,-7.000059180786089019e-01,0.000000000000000000e+00,3.612913576585062292e-01,-3.271696206461800760e-02,3.439429119726079565e-01,1.000000000000000000e+00
5.787766992670470012e-01,5.106457368867208801e-01,-6.357980895584447456e-01,0.000000000000000000e+00,3.377552357512115244e-01,-8.597518659334961733e-01,-3.830520547493817540e-01,0.000000000000000000e+00,-7.422467831689397721e-01,6.957604221766415173e-03,-6.700905197201749708e-01,0.000000000000000000e+00,3.522836509853141673e-01,-5.198068149744573818e-02,3.540707499732401176e-01,1.000000000000000000e+00
5.560237037323905174e-01,5.475408221114209661e-01,-6.253138699169180637e-01,0.000000000000000000e+00,3.541205957970449680e-01,-8.366972005774790944e-01,-4.177524926070027012e-01,0.000000000000000000e+00,-7.519493850386852474e-01,1.084397678780523594e-02,-6.591316488436650411e-01,0.000000000000000000e+00,3.491071463519043183e-01,-5.933256891558597035e-02,3.578861312458205268e-01,1.000000000000000000e+00
5.322840652888133350e-01,5.831218157942090752e-01,-6.136964792840897687e-01,0.000000000000000000e+00,3.699141527889790448e-01,-8.122684798357593383e-01,-4.509591812269985733e-01,0.000000000000000000e+00,-7.614651034776660499e-01,1.302362380398396254e-02,-6.480750584683534488e-01,0.000000000000000000e+00,3.462031923711601511e-01,-6.685161357415769778e-02,3.617762430721222500e-01,1.000000000000000000e+00
5.094376652119751991e-01,6.144314007992852655e-01,-6.024351134158832943e-01,0.000000000000000000e+00,3.834867235985665035e-01,-7.888401839682093186e-01,-4.802601835274780684e-01,0.000000000000000000e+00,-7.703267941866749347e-01,1.363702132084400331e-02,-6.375034602318447874e-01,0.000000000000000000e+00,3.436797217924682513e-01,-7.467122920903668248e-02,3.654348203422742580e-01,1.000000000000000000e+00
4.662889171310307668e-01,6.706615132999506068e-01,-5.768609253886061161e-01,0.000000000000000000e+00,4.108192169303662156e-01,-7.416798087761132807e-01,-5.302069210749297268e-01,0.000000000000000000e+00,-7.834505607338970723e-01,1.024425467118050131e-02,-6.213696759031404060e-01,0.000000000000000000e+00,3.409768767448203564e-01,-9.057728540930402861e-02,3.711981638652365745e-01,1.000000000000000000e+00
4.166311405666530687e-01,7.331637659761615078e-01,-5.374664006903041580e-01,0.000000000000000000e+00,4.464220508108196483e-01,-6.800338392739092575e-01,-5.815858293437499160e-01,0.000000000000000000e+00,-7.919082435098357964e-01,2.369960207892121869e-03,-6.106355026935296193e-01,0.000000000000000000e+00,3.411783882447989580e-01,-1.063360093503078474e-01,3.744386528539321302e-01,1.000000000000000000e+00
3.870855259622677513e-01,7.676729953070642321e-01,-5.107090314141735643e-01,0.000000000000000000e+00,4.662117005196602104e-01,-6.408235729324234242e-01,-6.098955202113705010e-01,0.000000000000000000e+00,-7.954900227127056356e-01,-2.016836613655725776e-03,-6.059633290345323164e-01,0.000000000000000000e+00,3.420662032058319202e-01,-1.138518442923342061e-01,3.750318357893521748e-01,1.000000000000000000e+00
3.209816511309235842e-01,8.364948336213190450e-01,-4.441035012959434480e-01,0.000000000000000000e+00,5.004660024443542410e-01,-5.479111990325982173e-01,-6.703042930440147318e-01,0.000000000000000000e+00,-8.040508404454090874e-01,-7.103461987362994466e-03,-5.945181131023892229e-01,0.000000000000000000e+00,3.443870993213901111e-01,-1.280988729748248900e-01,3.747031965282558996e-01,1.000000000000000000e+00
2.893956701181203961e-01,8.639531744975219585e-01,-4.120871331329657994e-01,0.000000000000000000e+00,5.107755826627774498e-01,-5.034758119449346259e-01,-6.968508863760576322e-01,0.000000000000000000e+00,-8.095380254977677659e-01,-8.818586083727927155e-03,-5.870012076756394581e-01,0.000000000000000000e+00,3.455184090023034615e-01,-1.343504416919705791e-01,3.742367571987610941e-01,1.000000000000000000e+00
2.589250139211206614e-01,8.872769158881093077e-01,-3.816782134196826104e-01,0.000000000000000000e+00,5.149059996629826719e-01,-4.611201000583340925e-01,-7.226484703744031624e-01,0.000000000000000000e+00,-8.172045357468902260e-01,-9.416818081602947033e-03,-5.762708306794016577e-01,0.000000000000000000e+00,3.463728648845756930e-01,-1.402209601729015875e-01,3.739269863801105154e-01,1.000000000000000000e+00
2.024957187155802529e-01,9.243256568397717476e-01,-3.234166212655024686e-01,0.000000000000000000e+00,5.063821397410898095e-01,-3.815118137985137881e-01,-7.733088719163978553e-01,0.000000000000000000e+00,-8.381926305712590342e-01,-7.180803149125591575e-03,-5.453270120965644230e-01,0.000000000000000000e+00,3.469999704564047383e-01,-1.496989706454106284e-01,3.746470505543437191e-01,1.000000000000000000e+00
1.552957240025944485e-01,9.510300655283244753e-01,-2.672186360808485039e-01,0.000000000000000000e+00,4.824731456991382950e-01,-3.090628317590060625e-01,-8.195612097979568800e-01,0.000000000000000000e+00,-8.620312961982574684e-01,-1.651496295765644742e-03,-5.068523620688150100e-01,0.000000000000000000e+00,3.473616340463612784e-01,-1.566125296075286943e-01,3.766136294568913079e-01,1.000000000000000000e+00
1.353907306687766876e-01,9.594482185483881320e-01,-2.472027768341365506e-01,0.000000000000000000e+00,4.677104977798656193e-01,-2.818422074386847109e-01,-8.377306293038402352e-01,0.000000000000000000e+00,-8.734481528004703899e-01,-2.198414126882408757e-03,-4.869122008584023664e-01,0.000000000000000000e+00,3.477924356515773030e-01,-1.602358209721266857e-01,3.780694533408404667e-01,1.000000000000000000e+00
1.148676397448920444e-01,9.658845780670911596e-01,-2.320628235905171921e-01,0.000000000000000000e+00,4.534987885918307371e-01,-2.588334781078708846e-01,-8.528334106128421244e-01,0.000000000000000000e+00,-8.838212830392467856e-01,-7.277388515095808107e-03,-4.677680827752789261e-01,0.000000000000000000e+00,3.487732644167153007e-01,-1.648266551108349964e-01,3.796420520189101033e-01,1.000000000000000000e+00
7.005920018939441885e-02,9.760479717882043493e-01,-2.059194311816231193e-01,0.000000000000000000e+00,4.325855272135628593e-01,-2.157338767442606720e-01,-8.753910000516706980e-01,0.000000000000000000e+00,-8.988647132389900873e-01,-2.774910664089692142e-02,-4.373467896011357658e-01,0.000000000000000000e+00,3.526308059542715423e-01,-1.753697704863466100e-01,3.821826143608072490e-01,1.000000000000000000e+00
2.014524323493359012e-02,9.861918283093147330e-01,-1.643185742761442969e-01,0.000000000000000000e+00,4.273633504462823751e-01,-1.570742938306888270e-01,-8.903195941986937756e-01,0.000000000000000000e+00,-9.038535343814986245e-01,-5.228903838727117642e-02,-4.246347193183895308e-01,0.000000000000000000e+00,3.595148551205695764e-01,-1.850153748440513946e-01,3.810237279898773255e-01,1.000000000000000000e+00
-5.214705859909405869e-03,9.901471861933719421e-01,-1.398645895763143687e-01,0.000000000000000000e+00,4.254548532830553786e-01,-1.243788144414222779e-01,-8.963809598810366097e-01,0.000000000000000000e+00,-9.049627003536329095e-01,-6.418166717786723263e-02,-4.206224251831209848e-01,0.000000000000000000e+00,3.631263138790334355e-01,-1.893783275514480946e-01,3.793762302775804951e-01,1.000000000000000000e+00
-2.889907384119748401e-02,9.927925304466610479e-01,-1.162264252295706485e-01,0.000000000000000000e+00,4.217575972832899867e-01,-9.330687857621881853e-02,-9.018841956955433448e-01,0.000000000000000000e+00,-9.062460658057083229e-01,-7.508444142143264055e-02,-4.160293197217083128e-01,0.000000000000000000e+00,3.663228666456435079e-01,-1.935125474522174371e-01,3.775900605624500916e-01,1.000000000000000000e+00
-4.891746924879702280e-02,9.937308901500340186e-01,-1.004327937733600906e-01,0.000000000000000000e+00,4.164450489192392246e-01,-7.110314549586765898e-02,-9.063656054994883027e-01,0.000000000000000000e+00,-9.078420662755939397e-01,-8.616351026580670869e-02,-4.103640240068981426e-01,0.000000000000000000e+00,3.691146315499043151e-01,-1.978184653902830825e-01,3.757575640067392642e-01,1.000000000000000000e+00
-6.989752909831202510e-02,9.924492715582446944e-01,-1.006952119550300478e-01,0.000000000000000000e+00,4.057762564406685590e-01,-6.392612698390827408e-02,-9.117235474084466329e-01,0.000000000000000000e+00,-9.112939706269651552e-01,-1.045889629948470873e-01,-3.982517393792551208e-01,0.000000000000000000e+00,3.733312853001596321e-01,-2.054019672306296174e-01,3.719787773191036706e-01,1.000000000000000000e+00
-7.474117255192520848e-02,9.917166803937800257e-01,-1.043672834537371225e-01,0.000000000000000000e+00,3.989864911418757876e-01,-6.617708421432470789e-02,-9.145551488633107962e-01,0.000000000000000000e+00,-9.139039142564473472e-01,-1.099981782104524908e-01,-3.907429286591450057e-01,0.000000000000000000e+00,3.761946581792302013e-01,-2.091379308015658967e-01,3.679193949605343850e-01,1.000000000000000000e+00
-7.519692887323395358e-02,9.921222787032266677e-01,-1.000977167070224577e-01,0.000000000000000000e+00,3.965351837898427045e-01,-6.235136954421119371e-02,-9.158891317369833862e-01,0.000000000000000000e+00,-9.149328574360389155e-01,-1.085664066261088773e-01,-3.887302428885864303e-01,0.000000000000000000e+00,3.773050850402720480e-01,-2.095052916797990883e-01,3.657089120104371482e-01,1.000000000000000000e+00
-7.586827844593221903e-02,9.924701158603649320e-01,-9.606154460018137553e-02,0.000000000000000000e+00,3.943545585833393985e-01,-5.861816288612377995e-02,-9.170764090334041496e-01,0.000000000000000000e+00,-9.158195135582261059e-01,-1.074613853390484486e-01,-3.869453052396253367e-01,0.000000000000000000e+00,3.781690226659260023e-01,-2.098526894809376320e-01,3.638832140448552965e-01,1.000000000000000000e+00
-7.684936412466933375e-02,9.928031182198605586e-01,-9.174361333501090954e-02,0.000000000000000000e+00,3.926532324484548475e-01,-5.444310935120209860e-02,-9.180632515209182776e-01,0.000000000000000000e+00,-9.164685112648910392e-01,-1.065780553959318616e-01,-3.856508601934343083e-01,0.000000000000000000e+00,3.788073472106622819e-01,-2.101504240853820371e-01,3.625359243802944720e-01,1.000000000000000000e+00
-7.888389699744240147e-02,9.933166569490059494e-01,-8.414331062749810797e-02,0.000000000000000000e+00,3.913123898001259482e-01,-4.677694782341083185e-02,-9.190578206198173339e-01,0.000000000000000000e+00,-9.168690617424526401e-01,-1.054272122243404969e-01,-3.850145796487690064e-01,0.000000000000000000e+00,3.795297248739933904e-01,-2.101760340677255312e-01,3.613627352206357224e-01,1.000000000000000000e+00
-7.947003863010210223e-02,9.933389923480372419e-01,-8.332410300942189041e-02,0.000000000000000000e+00,3.926012297752095037e-01,-4.564260071540149344e-02,-9.185650626276486985e-01,0.000000000000000000e+00,-9.162672634644309921e-01,-1.057135816367275327e-01,-3.863663294865868347e-01,0.000000000000000000e+00,3.797893357943253334e-01,-2.096964969464481521e-01,3.617908061888343574e-01,1.000000000000000000e+00
-7.974360292294863095e-02,9.932650548728828577e-01,-8.394185763041170367e-02,0.000000000000000000e+00,3.935754803711870586e-01,-4.599422166390920025e-02,-9.181305025568691214e-01,0.000000000000000000e+00,-9.158254168865767042e-01,-1.062545368965772119e-01,-3.872644821997258680e-01,0.000000000000000000e+00,3.798212820618912522e-01,-2.095283986651756136e-01,3.623365128248927092e-01,1.000000000000000000e+00
-7.964042080792355094e-02,9.931112186245105722e-01,-8.583855612068874708e-02,0.000000000000000000e+00,3.943046191025071368e-01,-4.770267911808942496e-02,-9.177303899624287276e-01,0.000000000000000000e+00,-9.155207016534351316e-01,-1.069370324895559943e-01,-3.877967456365892240e-01,0.000000000000000000e+00,3.793944215056862523e-01,-2.088799366369359090e-01,3.646672503920095898e-01,1.000000000000000000e+00
-7.891267106247373819e-02,9.929344896064966619e-01,-8.851348257118844820e-02,0.000000000000000000e+00,3.969272187947074926e-01,-5.015157018579685655e-02,-9.164684118337115271e-01,0.000000000000000000e+00,-9.144497908703049793e-01,-1.074564496546380338e-01,-3.901726430759536179e-01,0.000000000000000000e+00,3.790058445476897631e-01,-2.086021069896865643e-01,3.672148377573818401e-01,1.000000000000000000e+00
-7.860851041869552913e-02,9.929061914032323299e-01,-8.909962998851450600e-02,0.000000000000000000e+00,3.976957141733861723e-01,-5.072205284049612073e-02,-9.161037818855319870e-01,0.000000000000000000e+00,-9.141420332092820011e-01,-1.074501634124333943e-01,-3.908948778158152781e-01,0.000000000000000000e+00,3.789334306028511179e-01,-2.086788484280644174e-01,3.676437895447249860e-01,1.000000000000000000e+00
-7.854286823978830212e-02,9.929393681541119898e-01,-8.878725088428086887e-02,0.000000000000000000e+00,3.971576078942888888e-01,-5.052286310536483610e-02,-9.163481989377897374e-01,0.000000000000000000e+00,-9.143815924635088077e-01,-1.072372126722989233e-01,-3.903927299299692066e-01,0.000000000000000000e+00,3.788899581104711034e-01,-2.087306522362184225e-01,3.673861518269687099e-01,1.000000000000000000e+00
-7.855012792469126537e-02,9.929282987859500142e-01,-8.890454304624748061e-02,0.000000000000000000e+00,3.973661380080927286e-01,-5.060377706176345802e-02,-9.162533257854104107e-01,0.000000000000000000e+00,-9.142903646278811580e-01,-1.073015367606170584e-01,-3.905886702881003480e-01,0.000000000000000000e+00,3.789021753780320578e-01,-2.087188948523020227e-01,3.674848069614033430e-01,1.000000000000000000e+00
-7.853891301188620222e-02,9.929325722464902304e-01,-8.886671489420679138e-02,0.000000000000000000e+00,3.972932207221629985e-01,-5.058184646860015843e-02,-9.162861564365389899e-01,0.000000000000000000e+00,-9.143230163046907055e-01,-1.072723274344002942e-01,-3.905202550730229594e-01,0.000000000000000000e+00,3.788960503542749270e-01,-2.087254075925815966e-01,3.674511730507390994e-01,1.000000000000000000e+00
-7.841544558091775863e-02,9.929393767085999967e-01,-8.889971303154663163e-02,0.000000000000000000e+00,3.973089636525639068e-01,-5.065911553774064130e-02,-9.162750614938004468e-01,0.000000000000000000e+00,-9.143267729107122932e-01,-1.071728334844440633e-01,-3.905387766939391603e-01,0.000000000000000000e+00,3.788711694072205427e-01,-2.087738920289358147e-01,3.674654262179481989e-01,1.000000000000000000e+00
-7.843640863110448724e-02,9.929379658075815351e-01,-8.889697835227314271e-02,0.000000000000000000e+00,3.973176117319292544e-01,-5.064731545894679554e-02,-9.162719638544257750e-01,0.000000000000000000e+00,-9.143212167387994027e-01,-1.071914810713952143e-01,-3.905466668747821224e-01,0.000000000000000000e+00,3.788747635798297986e-01,-2.087660473464880984e-01,3.674683327844902037e-01,1.000000000000000000e+00
-7.849247397358548317e-02,9.929322830242673925e-01,-8.891096534697200127e-02,0.000000000000000000e+00,3.973541839348210813e-01,-5.063383366186145068e-02,-9.162568495238677668e-01,0.000000000000000000e+00,-9.143005115825255658e-01,-1.072504758966826843e-01,-3.905789420077163676e-01,0.000000000000000000e+00,3.788865559021695195e-01,-2.087425060633774365e-01,3.674834016329801556e-01,1.000000000000000000e+00
-7.838799260609399799e-02,9.929403858710620367e-01,-8.891265164542980215e-02,0.000000000000000000e+00,3.973236156368043503e-01,-5.068015870657911759e-02,-9.162675443733566683e-01,0.000000000000000000e+00,-9.143227599140484330e-01,-1.071535327587126996e-01,-3.905534676846238451e-01,0.000000000000000000e+00,3.788654140768776823e-01,-2.087843159076304134e-01,3.674733510347305554e-01,1.000000000000000000e+00
-7.848004531581843912e-02,9.929324666630489071e-01,-8.891988548614092325e-02,0.000000000000000000e+00,3.973579618693831028e-01,-5.064652122027911429e-02,-9.162545099089565159e-01,0.000000000000000000e+00,-9.142999365892262587e-01,-1.072427846808380048e-01,-3.905823998682430576e-01,0.000000000000000000e+00,3.788847675730180331e-01,-2.087464279501396736e-01,3.674850119053976183e-01,1.000000000000000000e+00
-7.848272123730289096e-02,9.929332869077562851e-01,-8.890836360520550097e-02,0.000000000000000000e+00,3.973439706470647259e-01,-5.063647530100227889e-02,-9.162611326803750122e-01,0.000000000000000000e+00,-9.143057875155490288e-01,-1.072399339763978471e-01,-3.905694861049817113e-01,0.000000000000000000e+00,3.788857392022574322e-01,-2.087466348294151619e-01,3.674775810493668970e-01,1.000000000000000000e+00
-7.843732105492068341e-02,9.929359760042176797e-01,-8.891839586658646655e-02,0.000000000000000000e+00,3.973438073634550372e-01,-5.066364828475380250e-02,-9.162597013912596733e-01,0.000000000000000000e+00,-9.143097545045225649e-01,-1.072021943004300010e-01,-3.905705600209165018e-01,0.000000000000000000e+00,3.788761549137866225e-01,-2.087631627430712455e-01,3.674820196216194157e-01,1.000000000000000000e+00
