9.996620054090730179e-01,2.026797856211793106e-02,1.567899511206088253e-02,0.000000000000000000e+00,2.323433058644414420e-02,-9.749789287919695679e-01,-2.210361988341995876e-01,0.000000000000000000e+00,1.080694098657055367e-02,2.213300420394565537e-01,-9.751390785510163361e-01,0.000000000000000000e+00,6.227715801786950500e-01,2.956380641834061573e-01,2.861664954070251149e-02,1.000000000000000000e+00
9.996617525887723232e-01,2.027107518280908335e-02,1.569110650291398804e-02,0.000000000000000000e+00,2.324005070372340068e-02,-9.749784067705241641e-01,-2.210379000888922085e-01,0.000000000000000000e+00,1.081802240817948159e-02,2.213320580301081086e-01,-9.751384981013379027e-01,0.000000000000000000e+00,6.227754430676194497e-01,2.956406760745238782e-01,2.862263927967851826e-02,1.000000000000000000e+00
9.996616629912984386e-01,2.027297139236583501e-02,1.569436451737050639e-02,0.000000000000000000e+00,2.324263295649652353e-02,-9.749781075047556644e-01,-2.210389486061286879e-01,0.000000000000000000e+00,1.082075386698805319e-02,2.213332026534300112e-01,-9.751382079935775327e-01,0.000000000000000000e+00,6.227759817069272730e-01,2.956437885056453219e-01,2.862439591311136122e-02,1.000000000000000000e+00
9.996615156385427747e-01,2.027279577950041878e-02,1.570397413849887458e-02,0.000000000000000000e+00,2.324458720721524208e-02,-9.749780971016083209e-01,-2.210387889916635984e-01,0.000000000000000000e+00,1.083016510814934809e-02,2.213332645658851738e-01,-9.751380894623786766e-01,0.000000000000000000e+00,6.227790725450224052e-01,2.956431531238021271e-01,2.863038628109507502e-02,1.000000000000000000e+00
9.996616793562834724e-01,2.026665357318672631e-02,1.570148020818164930e-02,0.000000000000000000e+00,2.323809156041807544e-02,-9.749772927678034273e-01,-2.210430197699138066e-01,0.000000000000000000e+00,1.082899285104137362e-02,2.213373702181430924e-01,-9.751371705861429096e-01,0.000000000000000000e+00,6.227801936491024204e-01,2.956418090906147156e-01,2.862941980870962327e-02,1.000000000000000000e+00
9.996614308429816464e-01,2.027171920058424073e-02,1.571076022424384988e-02,0.000000000000000000e+00,2.324512592316872045e-02,-9.749763203665096079e-01,-2.210465691808077837e-01,0.000000000000000000e+00,1.083683385554080197e-02,2.213411897337723977e-01,-9.751362165150188055e-01,0.000000000000000000e+00,6.227816331716373721e-01,2.956472788629882498e-01,2.863533874132664220e-02,1.000000000000000000e+00
9.996617535018005318e-01,2.026634215891625138e-02,1.569716096659789714e-02,0.000000000000000000e+00,2.323679535838906254e-02,-9.749780650476154165e-01,-2.210397496349657542e-01,0.000000000000000000e+00,1.082492884255565127e-02,2.213339967960836208e-01,-9.751379814045931793e-01,0.000000000000000000e+00,6.227799426390272508e-01,2.956389509640028335e-01,2.862529482103026018e-02,1.000000000000000000e+00
9.996620237906477247e-01,2.024822636408604021e-02,1.570332516072136392e-02,0.000000000000000000e+00,2.322042177355183867e-02,-9.749798770326062458e-01,-2.210334777705641462e-01,0.000000000000000000e+00,1.083509875149024464e-02,2.213276727906361985e-01,-9.751393038392649482e-01,0.000000000000000000e+00,6.227868500890002545e-01,2.956255153960643534e-01,2.862715181951883819e-02,1.000000000000000000e+00
9.996619325616656893e-01,2.023497518383458177e-02,1.572619685726472233e-02,0.000000000000000000e+00,2.321252389886333672e-02,-9.749808162112615362e-01,-2.210301645827443262e-01,0.000000000000000000e+00,1.086040944912033783e-02,2.213247473888231842e-01,-9.751396862500627538e-01,0.000000000000000000e+00,6.227974476542276205e-01,2.956212998088493249e-01,2.863752205973089590e-02,1.000000000000000000e+00
9.996621956853523061e-01,2.024677910856022972e-02,1.569424590345016787e-02,0.000000000000000000e+00,2.321705598769326084e-02,-9.749788223414558308e-01,-2.210384835229852185e-01,0.000000000000000000e+00,1.082644848078426376e-02,2.213324512909235486e-01,-9.751383153270329895e-01,0.000000000000000000e+00,6.227832052370416704e-01,2.956319413585002942e-01,2.862409218743961620e-02,1.000000000000000000e+00
9.996626858455609499e-01,2.025229893959303723e-02,1.565585567477093681e-02,0.000000000000000000e+00,2.321380068414658979e-02,-9.749817764477805015e-01,-2.210257947700566550e-01,0.000000000000000000e+00,1.078810121293235710e-02,2.213189326294328907e-01,-9.751418086268212049e-01,0.000000000000000000e+00,6.227684055590092527e-01,2.956278938786388588e-01,2.860065999782136770e-02,1.000000000000000000e+00
9.996621260287891220e-01,2.026677063420767588e-02,1.567286485843407198e-02,0.000000000000000000e+00,2.323155560557192689e-02,-9.749839033225199403e-01,-2.210145470038944182e-01,0.000000000000000000e+00,1.080174779208850286e-02,2.213082378420267171e-01,-9.751440847935719525e-01,0.000000000000000000e+00,6.227700452694161504e-01,2.956321320962538302e-01,2.861439527312605383e-02,1.000000000000000000e+00
9.996662793574023764e-01,2.016239711809213880e-02,1.554202558834702486e-02,0.000000000000000000e+00,2.309938257382476712e-02,-9.750162846143786144e-01,-2.208855137003996882e-01,0.000000000000000000e+00,1.070035261461650851e-02,2.211750691453210071e-01,-9.751754156265862727e-01,0.000000000000000000e+00,6.227654755914266982e-01,2.955155006354761027e-01,2.852273708677107583e-02,1.000000000000000000e+00
9.996876710618260997e-01,1.938582962854617717e-02,1.514915303914797506e-02,0.000000000000000000e+00,2.224552468416126846e-02,-9.752363656268858705e-01,-2.199998061171820618e-01,0.000000000000000000e+00,1.050932852966377125e-02,2.202723355942538264e-01,-9.753817981619855582e-01,0.000000000000000000e+00,6.229282073667390396e-01,2.947403222044097659e-01,2.822035609189460156e-02,1.000000000000000000e+00
9.997734417501126236e-01,1.821089364620487316e-02,1.010818603652584476e-02,0.000000000000000000e+00,1.992769801502790317e-02,-9.775048517961759664e-01,-2.099235538665589762e-01,0.000000000000000000e+00,6.058022015961526084e-03,2.100814715517265174e-01,-9.776651142798924443e-01,0.000000000000000000e+00,6.228695471354268598e-01,2.904645956919651995e-01,2.673127962239850788e-02,1.000000000000000000e+00
9.998071118728297790e-01,1.735543435059348424e-02,8.079285130583186911e-03,0.000000000000000000e+00,1.863043836336067405e-02,-9.791794691218539404e-01,-2.020921099841397062e-01,0.000000000000000000e+00,4.403758563444473174e-03,2.022075425609677624e-01,-9.793327915688156970e-01,0.000000000000000000e+00,6.231974727909926903e-01,2.870208782836121686e-01,2.592061190257835893e-02,1.000000000000000000e+00
9.998414502012178406e-01,1.589247119705188352e-02,6.726865539345512103e-03,0.000000000000000000e+00,1.689292589816180842e-02,-9.810021230619268007e-01,-1.932102753577031595e-01,0.000000000000000000e+00,3.528548575047537640e-03,1.932969999147411688e-01,-9.811339455797633002e-01,0.000000000000000000e+00,6.238647763931169932e-01,2.828178701053566391e-01,2.529451263391655977e-02,1.000000000000000000e+00
9.999149249257041072e-01,1.049811361438645133e-02,6.378042220855603336e-03,0.000000000000000000e+00,1.145461118601331756e-02,-9.844063493447042790e-01,-1.754812757920845012e-01,0.000000000000000000e+00,4.436448303513463448e-03,1.755427844458480324e-01,-9.844618066514558841e-01,0.000000000000000000e+00,6.263088407114862921e-01,2.732107205198841537e-01,2.508869792630379417e-02,1.000000000000000000e+00
9.999369305347530767e-01,4.680546208385392981e-03,9.218152804987124124e-03,0.000000000000000000e+00,6.076440585331677018e-03,-9.874490265467994465e-01,-1.577600828562130686e-01,0.000000000000000000e+00,8.364213693229661725e-03,1.578091848858029500e-01,-9.874342008938987725e-01,0.000000000000000000e+00,6.294095974683532324e-01,2.633796395738380869e-01,2.674729460314689139e-02,1.000000000000000000e+00
9.999352298408908934e-01,2.249137925300145543e-03,1.025789465951660630e-02,0.000000000000000000e+00,3.734626433168885748e-03,-9.890926242910949018e-01,-1.471821322021386602e-01,0.000000000000000000e+00,9.815164005342640746e-03,1.472137429172978018e-01,-9.890560026873240762e-01,0.000000000000000000e+00,6.308526287993011517e-01,2.580385757630424548e-01,2.806548035014138492e-02,1.000000000000000000e+00
9.999365114769017682e-01,7.972504924463107243e-04,1.034815482415956875e-02,0.000000000000000000e+00,2.188197212063340211e-03,-9.908186252582723563e-01,-1.351088839990801926e-01,0.000000000000000000e+00,1.014562424723744125e-02,1.351255515247066219e-01,-9.907765397070007474e-01,0.000000000000000000e+00,6.320152207097318175e-01,2.525649622146369788e-01,2.950919770143347817e-02,1.000000000000000000e+00
9.999286682929791059e-01,8.416357370450385823e-04,1.107686220568995274e-02,0.000000000000000000e+00,2.170881983516878555e-03,-9.926960305114616023e-01,-1.205430428494702055e-01,0.000000000000000000e+00,1.089471356639313757e-02,1.205608120382750809e-01,-9.926461584154637752e-01,0.000000000000000000e+00,6.332742739703427493e-01,2.466443220419501370e-01,3.172646483506500609e-02,1.000000000000000000e+00
9.999094534294460379e-01,4.434012899971669433e-03,1.192356378092892036e-02,0.000000000000000000e+00,5.451567853657675843e-03,-9.962091788466962416e-01,-8.670812701665621403e-02,0.000000000000000000e+00,1.149412002682958719e-02,8.676694854275700253e-02,-9.961623270558807031e-01,0.000000000000000000e+00,6.356212235226160745e-01,2.344859459467782681e-01,3.776609321179812823e-02,1.000000000000000000e+00
9.999074250581605483e-01,7.758782351921068333e-03,1.028054041298016343e-02,0.000000000000000000e+00,8.272916959504654499e-03,-9.986573367220344943e-01,-5.094928417006992782e-02,0.000000000000000000e+00,9.871622761356474429e-03,5.103060009737158537e-02,-9.986483009136698508e-01,0.000000000000000000e+00,6.372694795780916577e-01,2.229995357628431207e-01,4.658322314870183556e-02,1.000000000000000000e+00
9.999425894530241665e-01,7.371451323392415496e-03,6.420779125319380463e-03,0.000000000000000000e+00,7.580293240347354966e-03,-9.994125874325724412e-01,-3.313255403571661872e-02,0.000000000000000000e+00,6.172891316960923448e-03,3.317996208335600300e-02,-9.994303305027999462e-01,0.000000000000000000e+00,6.373983899101071104e-01,2.175045100363372508e-01,5.189326108706844576e-02,1.000000000000000000e+00
9.999698743287916969e-01,6.368348440473169461e-03,6.644352560085069323e-04,0.000000000000000000e+00,6.377554459808363815e-03,-9.998587180598165203e-01,-1.492037600400494129e-02,0.000000000000000000e+00,5.693341914974862786e-04,1.492445133162928483e-02,-9.998884620851609117e-01,0.000000000000000000e+00,6.370662719371145144e-01,2.121276633137456347e-01,5.760451588557095881e-02,1.000000000000000000e+00
9.998683308836966432e-01,4.396886142345517341e-03,-1.499117037826384544e-02,0.000000000000000000e+00,4.763865146211212348e-03,-9.996780585306908051e-01,2.453226003420535747e-02,0.000000000000000000e+00,-1.487876500699344441e-02,-2.460091945120425685e-02,-9.995866231167871430e-01,0.000000000000000000e+00,6.350381525403779870e-01,2.015667331982217425e-01,7.066098033307280368e-02,1.000000000000000000e+00
9.994761263266377371e-01,1.723024425892735875e-03,-3.201954077020557204e-02,0.000000000000000000e+00,3.827476416658263242e-03,-9.978172394134618983e-01,6.577882679697298618e-02,0.000000000000000000e+00,-3.183692421278270374e-02,-6.586818920527356958e-02,-9.973203055726317379e-01,0.000000000000000000e+00,6.319418248381822867e-01,1.914060370135266531e-01,8.565416189661406721e-02,1.000000000000000000e+00
9.992100724387126265e-01,-2.585462855747295684e-04,-3.949571105891828277e-02,0.000000000000000000e+00,3.168618898533454454e-03,-9.962210697866372699e-01,8.668498640856073245e-02,0.000000000000000000e+00,-3.936962959171842052e-02,-8.674332848299187715e-02,-9.954524736166474597e-01,0.000000000000000000e+00,6.303878997916055882e-01,1.863604316126038773e-01,9.402230747900706953e-02,1.000000000000000000e+00
9.988891111174824644e-01,-2.606604044264272581e-03,-4.684545023255167612e-02,0.000000000000000000e+00,2.448093169562509577e-03,-9.941901995417921079e-01,1.075202347285987431e-01,0.000000000000000000e+00,-4.685445228640809645e-02,-1.075175437678244778e-01,-9.930985037160585671e-01,0.000000000000000000e+00,6.286330341278009159e-01,1.813923486363752113e-01,1.025473978662394398e-01,1.000000000000000000e+00
9.982310182423272948e-01,-8.446929255132809566e-03,-5.868756687964716418e-02,0.000000000000000000e+00,3.009757525825677545e-04,-9.890560533109455932e-01,1.474746748556527987e-01,0.000000000000000000e+00,-5.929214297932165756e-02,-1.472342930971137775e-01,-9.873228978997260485e-01,0.000000000000000000e+00,6.248984138472947203e-01,1.718418388142827491e-01,1.203818207376786686e-01,1.000000000000000000e+00
9.976052592716975198e-01,-1.636247206860883333e-02,-6.705790842593535583e-02,0.000000000000000000e+00,-3.657120933263926024e-03,-9.826529165703332680e-01,1.853661725437128205e-01,0.000000000000000000e+00,-6.892902521189508969e-02,-1.846805854135834257e-01,-9.803784324711728448e-01,0.000000000000000000e+00,6.209693033851552135e-01,1.620813107095661898e-01,1.388061792180349530e-01,1.000000000000000000e+00
9.972507036627736854e-01,-2.106881611982816191e-02,-7.090758727117649207e-02,0.000000000000000000e+00,-6.203001918049840663e-03,-9.790131859548069082e-01,2.036552267805367966e-01,0.000000000000000000e+00,-7.371165662541111219e-02,-2.026593801327115363e-01,-9.764710785895106548e-01,0.000000000000000000e+00,6.186118029731280110e-01,1.569538503337444268e-01,1.476601806676273443e-01,1.000000000000000000e+00
9.968688085421942846e-01,-2.643141540640015635e-02,-7.439560293786109946e-02,0.000000000000000000e+00,-9.326609875537846678e-03,-9.751132526115414700e-01,2.214676180184769472e-01,0.000000000000000000e+00,-7.839935040208528827e-02,-2.200845390490729914e-01,-9.723252220980838079e-01,0.000000000000000000e+00,6.160808418258351127e-01,1.516350587521185789e-01,1.563823946047099567e-01,1.000000000000000000e+00
9.964259637687158389e-01,-3.242733251759072344e-02,-7.787498786252397553e-02,0.000000000000000000e+00,-1.289396831478912230e-02,-9.708538440338189135e-01,2.392849890968148652e-01,0.000000000000000000e+00,-8.336621028621139795e-02,-2.374302295178312705e-01,-9.678207277660595409e-01,0.000000000000000000e+00,6.132344284592252670e-01,1.459930444994049503e-01,1.648540481420534554e-01,1.000000000000000000e+00
9.951974359304797124e-01,-4.710095272861181820e-02,-8.569895373144449657e-02,0.000000000000000000e+00,-2.187917695799253964e-02,-9.613828217803493947e-01,2.743084368051816324e-01,0.000000000000000000e+00,-9.531152571920067929e-02,-2.711212503130265294e-01,-9.578146901639061905e-01,0.000000000000000000e+00,6.066461262252003106e-01,1.337491484156207999e-01,1.808238467518740733e-01,1.000000000000000000e+00
9.934501818632039960e-01,-6.458159408436012217e-02,-9.416316032662806756e-02,0.000000000000000000e+00,-3.279228528534171294e-02,-9.513020458919341227e-01,3.064797389857829013e-01,0.000000000000000000e+00,-1.093726629273165107e-01,-3.013903299138098735e-01,-9.472072052294748801e-01,0.000000000000000000e+00,5.988843441130455858e-01,1.209239528943076986e-01,1.952203209461280398e-01,1.000000000000000000e+00
9.924796938009259328e-01,-7.385378120629214338e-02,-9.752139916737011249e-02,0.000000000000000000e+00,-3.892442691747065309e-02,-9.464085977475297229e-01,3.205875886554400700e-01,0.000000000000000000e+00,-1.159739291238941622e-01,-3.143867601697009628e-01,-9.421841713771065274e-01,0.000000000000000000e+00,5.947944309643651284e-01,1.146624640336785378e-01,2.020304220246136040e-01,1.000000000000000000e+00
9.903025858616872901e-01,-9.217966909896577188e-02,-1.038481773632483340e-01,0.000000000000000000e+00,-5.064388581966500907e-02,-9.361183992360251338e-01,3.479917906245416637e-01,0.000000000000000000e+00,-1.292944469845508093e-01,-3.393644286940299404e-01,-9.317267466999827885e-01,0.000000000000000000e+00,5.864879161676140873e-01,1.013742394959709914e-01,2.146393601658296291e-01,1.000000000000000000e+00
9.879626688827617409e-01,-1.083883197137386623e-01,-1.102836522105211381e-01,0.000000000000000000e+00,-6.012754452089732332e-02,-9.263567354556055955e-01,3.717911025927448931e-01,0.000000000000000000e+00,-1.424625597761431106e-01,-3.606915892069780805e-01,-9.217407425829527989e-01,0.000000000000000000e+00,5.778812298096629441e-01,8.801971519098916730e-02,2.256445320673908239e-01,1.000000000000000000e+00
9.862183899306181667e-01,-1.188029924299954798e-01,-1.150646916023575911e-01,0.000000000000000000e+00,-6.654836582275328039e-02,-9.219517613490538777e-01,3.815193463677911123e-01,0.000000000000000000e+00,-1.514126502730228085e-01,-3.686111252185984566e-01,-9.171695850290599861e-01,0.000000000000000000e+00,5.730612329449524811e-01,8.132154799776741827e-02,2.303534144426230001e-01,1.000000000000000000e+00
9.812440289727095699e-01,-1.404780693247160428e-01,-1.319348875218867845e-01,0.000000000000000000e+00,-7.812333953570003986e-02,-9.157609256936332098e-01,3.940297167647861531e-01,0.000000000000000000e+00,-1.761767405442007661e-01,-3.763393584976258976e-01,-9.095770683877296703e-01,0.000000000000000000e+00,5.620136357987345344e-01,6.873592859178728753e-02,2.377394871777693819e-01,1.000000000000000000e+00
9.780870091867979177e-01,-1.506364448728450267e-01,-1.436496113371133476e-01,0.000000000000000000e+00,-8.266474647999716430e-02,-9.144696201055177998e-01,3.960967059881666530e-01,0.000000000000000000e+00,-1.910334831101800634e-01,-3.755495142974754619e-01,-9.069006398948689096e-01,0.000000000000000000e+00,5.560405764187646982e-01,6.284867887602649250e-02,2.408218845138289932e-01,1.000000000000000000e+00
9.746229380388979902e-01,-1.570084523988685143e-01,-1.594967755942005017e-01,0.000000000000000000e+00,-8.293274860589830433e-02,-9.152598690264649450e-01,3.942109565442560859e-01,0.000000000000000000e+00,-2.078794524698179269e-01,-3.709866773236309423e-01,-9.050718305688346677e-01,0.000000000000000000e+00,5.497050299505186199e-01,5.761277704807245964e-02,2.429408033035923287e-01,1.000000000000000000e+00
9.671852078106806250e-01,-1.635961326578380393e-01,-1.943446064927394079e-01,0.000000000000000000e+00,-7.951796308257529089e-02,-9.215474169967706741e-01,3.800105244266091531e-01,0.000000000000000000e+00,-2.412706674941048068e-01,-3.520934496833790783e-01,-9.043332724703913028e-01,0.000000000000000000e+00,5.374231120015504626e-01,4.850094172459550046e-02,2.461300553763431376e-01,1.000000000000000000e+00
9.593364065306713151e-01,-1.648687852760755690e-01,-2.290691809205631368e-01,0.000000000000000000e+00,-7.456061700492115640e-02,-9.308442092374697996e-01,3.577017185059684357e-01,0.000000000000000000e+00,-2.722068092205099932e-01,-3.260830198837086913e-01,-9.053028869707141491e-01,0.000000000000000000e+00,5.260236843590978539e-01,4.023922365762842845e-02,2.479262989030913134e-01,1.000000000000000000e+00
9.550277591357344553e-01,-1.664346456572063648e-01,-2.453614372845623059e-01,0.000000000000000000e+00,-7.398081671039070939e-02,-9.351606180465636964e-01,3.463844744136794218e-01,0.000000000000000000e+00,-2.871082583196842286e-01,-3.126607685678236548e-01,-9.054347529243703674e-01,0.000000000000000000e+00,5.205453399538965131e-01,3.587371454025038015e-02,2.484685684822995067e-01,1.000000000000000000e+00
9.506266570892543122e-01,-1.664318983114773665e-01,-2.618971724875158169e-01,0.000000000000000000e+00,-7.213980007720240117e-02,-9.393982364068352853e-01,3.351231856821564326e-01,0.000000000000000000e+00,-3.018067406309734579e-01,-2.996895940074561504e-01,-9.050407938614448700e-01,0.000000000000000000e+00,5.150852931525777834e-01,3.154779647536162801e-02,2.489675771955110473e-01,1.000000000000000000e+00
9.404890874506105503e-01,-1.640367240201579258e-01,-2.975785215035866016e-01,0.000000000000000000e+00,-6.550186233962453086e-02,-9.468449562952101495e-01,3.149204370465198966e-01,0.000000000000000000e+00,-3.334256584847066773e-01,-2.766926142969100000e-01,-9.012594118552001987e-01,0.000000000000000000e+00,5.035544164243526133e-01,2.208176515834462880e-02,2.491112870370118804e-01,1.000000000000000000e+00
9.281648340349040183e-01,-1.580008870294772605e-01,-3.369369487902235671e-01,0.000000000000000000e+00,-5.487203148416527898e-02,-9.535955471240266101e-01,2.960157758756069568e-01,0.000000000000000000e+00,-3.680794158603349908e-01,-2.562679525773083888e-01,-8.937808904321847825e-01,0.000000000000000000e+00,4.911491358280324904e-01,1.324176376050102688e-02,2.486071739166850203e-01,1.000000000000000000e+00
9.215429328108188933e-01,-1.548059989280002879e-01,-3.560540304273310253e-01,0.000000000000000000e+00,-5.006981194014889502e-02,-9.567896865449697641e-01,2.864040093201645765e-01,0.000000000000000000e+00,-3.850132956244481930e-01,-2.461107707686363555e-01,-8.894910065335506211e-01,0.000000000000000000e+00,4.850785611485451398e-01,9.364082264711484638e-03,2.484164616182323315e-01,1.000000000000000000e+00
9.149981111394516198e-01,-1.488337827395151136e-01,-3.749769441284233062e-01,0.000000000000000000e+00,-4.304143906684875648e-02,-9.601619005807570106e-01,2.760748197453208874e-01,0.000000000000000000e+00,-4.011355581926679403e-01,-2.364729441449117398e-01,-8.849693840133079359e-01,0.000000000000000000e+00,4.792209138491016485e-01,5.951835279911393481e-03,2.482157440179234842e-01,1.000000000000000000e+00
9.019128399025307941e-01,-1.316903164891999600e-01,-4.113291099145965912e-01,0.000000000000000000e+00,-2.547542863125219423e-02,-9.669342338724594699e-01,2.537123110981063245e-01,0.000000000000000000e+00,-4.311479532445648410e-01,-2.183518095861029795e-01,-8.754621234887873804e-01,0.000000000000000000e+00,4.684971207027684992e-01,-1.240846456879519546e-05,2.483009803029971041e-01,1.000000000000000000e+00
8.888199319908162144e-01,-1.014700398152386385e-01,-4.468598286005835973e-01,0.000000000000000000e+00,1.676179466763417494e-03,-9.744389690663255443e-01,2.246032788909372302e-01,0.000000000000000000e+00,-4.582369568318041542e-01,-2.003847463652970173e-01,-8.659473683877347838e-01,0.000000000000000000e+00,4.592517318249309533e-01,-4.382647563794968108e-03,2.496866573047640259e-01,1.000000000000000000e+00
8.805899976930503525e-01,-7.888578235126969540e-02,-4.672462265304984652e-01,0.000000000000000000e+00,2.064434282087454497e-02,-9.787132215547653669e-01,2.041445271482818791e-01,0.000000000000000000e+00,-4.734132750363475584e-01,-1.894172668421613970e-01,-8.602330905291919461e-01,0.000000000000000000e+00,4.546168924263865319e-01,-6.166574162745960125e-03,2.511529895678769608e-01,1.000000000000000000e+00
8.710416565925455101e-01,-5.079488258839300052e-02,-4.885560963538926882e-01,0.000000000000000000e+00,4.303841386178344774e-02,-9.829110525952775568e-01,1.789254160803142313e-01,0.000000000000000000e+00,-4.893051030604118612e-01,-1.768815758171371211e-01,-8.539867822486986171e-01,0.000000000000000000e+00,4.501364875810303090e-01,-7.703470906222096085e-03,2.531284310536818238e-01,1.000000000000000000e+00
8.602526689532233872e-01,-1.942414276331784484e-02,-5.094789447445048358e-01,0.000000000000000000e+00,6.600795986335501742e-02,-9.866114118674863542e-01,1.490691722279663955e-01,0.000000000000000000e+00,-5.055630155287820227e-01,-1.618699355015351393e-01,-8.474692686523641605e-01,0.000000000000000000e+00,4.457406994021383406e-01,-9.187141329647319221e-03,2.555256115979361309e-01,1.000000000000000000e+00
8.370583090639611701e-01,4.172962393412617960e-02,-5.455023121990473234e-01,0.000000000000000000e+00,1.022485415197908892e-01,-9.914414366053255767e-01,8.105467562239888901e-02,0.000000000000000000e+00,-5.374615627468892765e-01,-1.236266857330330787e-01,-8.341771461412363919e-01,0.000000000000000000e+00,4.371731579942587653e-01,-1.215540847059002651e-02,2.611323658262215686e-01,1.000000000000000000e+00
8.125756194777438157e-01,1.040431791916003185e-01,-5.734776598920607871e-01,0.000000000000000000e+00,1.323810262021128115e-01,-9.911588666920956303e-01,7.753178736777548152e-03,0.000000000000000000e+00,-5.676117303719550033e-01,-8.221918810960709978e-02,-8.191806446997832447e-01,0.000000000000000000e+00,4.290178929955244524e-01,-1.563796779077105889e-02,2.673412346151203267e-01,1.000000000000000000e+00
7.992280560825355540e-01,1.366594433319862911e-01,-5.852687056557281942e-01,0.000000000000000000e+00,1.485084095473407917e-01,-9.885045021939217191e-01,-2.801514478410916872e-02,0.000000000000000000e+00,-5.823804972542058200e-01,-6.452807729353558786e-02,-8.103512100680442254e-01,0.000000000000000000e+00,4.249193482457905846e-01,-1.826864774964197247e-02,2.706208017717520731e-01,1.000000000000000000e+00
7.832822404127722793e-01,1.709999310765142055e-01,-5.976693921617398653e-01,0.000000000000000000e+00,1.664149780508203669e-01,-9.840033011449552669e-01,-6.343741260000923532e-02,0.000000000000000000e+00,-5.989679800524179143e-01,-4.977269838959769155e-02,-7.992246476222716334e-01,0.000000000000000000e+00,4.201699999656887119e-01,-2.149563815125598437e-02,2.741818837782741269e-01,1.000000000000000000e+00
7.653193583873392214e-01,2.045251098973701609e-01,-6.102757622585616160e-01,0.000000000000000000e+00,1.838543715236559406e-01,-9.781220283673367488e-01,-9.723998455067894842e-02,0.000000000000000000e+00,-6.168240607449917423e-01,-3.778295157914701025e-02,-7.861936953804872230e-01,0.000000000000000000e+00,4.150230141303080655e-01,-2.566708404564364832e-02,2.779329612639883651e-01,1.000000000000000000e+00
6.984170530070608063e-01,3.111864196109302982e-01,-6.444822567145435110e-01,0.000000000000000000e+00,2.363415834017457973e-01,-9.502781179739255846e-01,-2.027187740597746757e-01,0.000000000000000000e+00,-6.755337215833420172e-01,-1.073591495784494490e-02,-7.372509282013673948e-01,0.000000000000000000e+00,3.984507688285310878e-01,-3.874307669103863039e-02,2.910163561054460724e-01,1.000000000000000000e+00
6.710274248031699029e-01,3.533843316766579479e-01,-6.517840564087742372e-01,0.000000000000000000e+00,2.556914808900311864e-01,-9.354632564559596242e-01,-2.439489891806940758e-01,0.000000000000000000e+00,-6.959411854434393030e-01,-2.959225584676142360e-03,-7.180926885768433854e-01,0.000000000000000000e+00,3.929778364271812041e-01,-4.294205677049797026e-02,2.961643419629008678e-01,1.000000000000000000e+00
6.447954284662674729e-01,3.931689106722358606e-01,-6.554676269740696837e-01,0.000000000000000000e+00,2.714854471701168559e-01,-9.194395987410337590e-01,-2.844419503923018566e-01,0.000000000000000000e+00,-7.145103802569425788e-01,5.457052527565839535e-03,-6.996035570827170424e-01,0.000000000000000000e+00,3.881384697409908102e-01,-4.707043079636218097e-02,3.013447864558236877e-01,1.000000000000000000e+00
6.207939309822205765e-01,4.291565048564787710e-01,-6.560642777169183315e-01,0.000000000000000000e+00,2.833557260748982287e-01,-9.031048652030104762e-01,-3.226327352399752657e-01,0.000000000000000000e+00,-7.309688515154333377e-01,1.438915124463961866e-02,-6.822591079939260839e-01,0.000000000000000000e+00,3.838539967975696521e-01,-5.115737169790387368e-02,3.063441676713071771e-01,1.000000000000000000e+00
5.770485515626986306e-01,5.015716952353517222e-01,-6.445320399943942347e-01,0.000000000000000000e+00,3.071156947867536569e-01,-8.645272460943457249e-01,-3.978106806979729293e-01,0.000000000000000000e+00,-7.567606570440276181e-01,3.161078042321276149e-02,-6.529273056867257452e-01,0.000000000000000000e+00,3.776312960040512090e-01,-5.870690383459826328e-02,3.159361979723271929e-01,1.000000000000000000e+00
5.405939476778227615e-01,5.708257888888527143e-01,-6.179780330842956637e-01,0.000000000000000000e+00,3.322291963806911497e-01,-8.197187542477804012e-01,-4.665465377729379748e-01,0.000000000000000000e+00,-7.728998596273060073e-01,4.690279234167178679e-02,-6.327921736705066635e-01,0.000000000000000000e+00,3.746090207698619112e-01,-6.632532545948725822e-02,3.243095809230802096e-01,1.000000000000000000e+00
5.228669550759796891e-01,6.048284857861419006e-01,-6.006441517008421771e-01,0.000000000000000000e+00,3.457636962921494250e-01,-7.945590227052412580e-01,-4.991033687176336664e-01,0.000000000000000000e+00,-7.791341656683522521e-01,5.328474251761913805e-02,-6.245884149606935054e-01,0.000000000000000000e+00,3.737828072585560601e-01,-7.065598068931554232e-02,3.281030327469263153e-01,1.000000000000000000e+00
5.036456950485735939e-01,6.399163171486306201e-01,-5.803695958673062982e-01,0.000000000000000000e+00,3.602378539787096656e-01,-7.661675163664619648e-01,-5.321623552327514606e-01,0.000000000000000000e+00,-7.852148241445272570e-01,5.895131654567688229e-02,-6.164109199399459005e-01,0.000000000000000000e+00,3.731090608241326989e-01,-7.522797196258927677e-02,3.320944486174933208e-01,1.000000000000000000e+00
4.340994900792808364e-01,7.423360301480618206e-01,-5.103681004511673169e-01,0.000000000000000000e+00,3.906298767006235462e-01,-6.656118993691804153e-01,-6.358850884776402479e-01,0.000000000000000000e+00,-8.117631218851637520e-01,7.667384071502114651e-02,-5.789315642606305268e-01,0.000000000000000000e+00,3.688176891484246100e-01,-9.101444863148670794e-02,3.453494589925814040e-01,1.000000000000000000e+00
4.078605904671461224e-01,7.750307820580011331e-01,-4.826569926019539380e-01,0.000000000000000000e+00,3.960993099804405726e-01,-6.264858293108228615e-01,-6.712686416085277274e-01,0.000000000000000000e+00,-8.226474650726879334e-01,8.260551321377135325e-02,-5.625188684801342154e-01,0.000000000000000000e+00,3.669460603594413839e-01,-9.710267415388552925e-02,3.499288734403041556e-01,1.000000000000000000e+00
3.813656469111918468e-01,8.038450669965516715e-01,-4.564801184307219484e-01,0.000000000000000000e+00,3.993578440385879280e-01,-5.886085466604018546e-01,-7.028755495138444553e-01,0.000000000000000000e+00,-8.337071937250338793e-01,8.575532375115442474e-02,-5.455074147795458961e-01,0.000000000000000000e+00,3.651272569325489936e-01,-1.037625773736264440e-01,3.544825565004325330e-01,1.000000000000000000e+00
3.560965926909910317e-01,8.279743607035938702e-01,-4.331678907681751900e-01,0.000000000000000000e+00,4.005917420289956121e-01,-5.540626099146497285e-01,-7.297407946757188402e-01,0.000000000000000000e+00,-8.442250539895668204e-01,8.633639282089083933e-02,-5.289896837283217801e-01,0.000000000000000000e+00,3.636030622921866962e-01,-1.112465159560281358e-01,3.587971535043724680e-01,1.000000000000000000e+00
2.783872651733412806e-01,8.962697218390063281e-01,-3.452272631255332014e-01,0.000000000000000000e+00,4.120028366743499482e-01,-4.361239517068019600e-01,-8.000189424139533267e-01,0.000000000000000000e+00,-8.676113374213136886e-01,8.048202328879275336e-02,-4.906864692503162817e-01,0.000000000000000000e+00,3.626038451673544438e-01,-1.337667417690663885e-01,3.691530258051505253e-01,1.000000000000000000e+00
2.535372601528689818e-01,9.166336648899091610e-01,-3.090021504874659874e-01,0.000000000000000000e+00,4.201341524802919003e-01,-3.920858826022448063e-01,-8.183744262163218375e-01,0.000000000000000000e+00,-8.713217060976000683e-01,7.766754853340819553e-02,-4.845268169956933324e-01,0.000000000000000000e+00,3.636970361695647802e-01,-1.407978762194087574e-01,3.712726679093189541e-01,1.000000000000000000e+00
2.294195581950978224e-01,9.347260581923050315e-01,-2.713569777157939233e-01,0.000000000000000000e+00,4.306115417104317555e-01,-3.474990232781442479e-01,-8.329459021255276596e-01,0.000000000000000000e+00,-8.728893303216864741e-01,7.424606380477573320e-02,-4.822361859297318865e-01,0.000000000000000000e+00,3.655449020818240524e-01,-1.476340175102617835e-01,3.722607052954725049e-01,1.000000000000000000e+00
1.844906998256337083e-01,9.607111291642287387e-01,-2.073114923950163113e-01,0.000000000000000000e+00,4.505561965280546755e-01,-2.701351641125745440e-01,-8.508859228952219134e-01,0.000000000000000000e+00,-8.734745168863314868e-01,6.357628591717989774e-02,-4.827010712844612139e-01,0.000000000000000000e+00,3.698571221264727038e-01,-1.616116294524621300e-01,3.716425434060638966e-01,1.000000000000000000e+00
1.611161968105817299e-01,9.702710791526123479e-01,-1.805445955616713505e-01,0.000000000000000000e+00,4.560609553453573439e-01,-2.354270625368756753e-01,-8.582326317123734061e-01,0.000000000000000000e+00,-8.752402366122853383e-01,5.593691382486523644e-02,-4.804431182633592257e-01,0.000000000000000000e+00,3.715427841313017621e-01,-1.686008132507717250e-01,3.707523320603148265e-01,1.000000000000000000e+00
1.117113446481154820e-01,9.857146804344667501e-01,-1.259678179301971235e-01,0.000000000000000000e+00,4.605668650932885910e-01,-1.636820597864125093e-01,-8.723915938289561467e-01,0.000000000000000000e+00,-8.805648266320387219e-01,3.944019434555045417e-02,-4.722817561249565421e-01,0.000000000000000000e+00,3.737426769163772478e-01,-1.821977224197381950e-01,3.685165823765505499e-01,1.000000000000000000e+00
7.150565627270047409e-02,9.948379521619974408e-01,-7.186888729027260392e-02,0.000000000000000000e+00,4.574562152097696455e-01,-9.673811690857742063e-02,-8.839436038595130940e-01,0.000000000000000000e+00,-8.863501704984663165e-01,3.033068229050752199e-02,-4.620210222155828883e-01,0.000000000000000000e+00,3.745133893361031197e-01,-1.935203641865513302e-01,3.654869947417073162e-01,1.000000000000000000e+00
6.383188389691227260e-02,9.967978607717878914e-01,-4.796104940643787506e-02,0.000000000000000000e+00,4.550259456629218713e-01,-7.184373834446199092e-02,-8.875644274842613424e-01,0.000000000000000000e+00,-8.881851240136681147e-01,3.483205825011290863e-02,-4.581636314668436349e-01,0.000000000000000000e+00,3.745838165614590043e-01,-1.971205489168036951e-01,3.633207882051282533e-01,1.000000000000000000e+00
5.893476771295996786e-02,9.978840438075816666e-01,-2.710858111477711802e-02,0.000000000000000000e+00,4.519788497519329762e-01,-5.088690215254938753e-02,-8.905652078693871987e-01,0.000000000000000000e+00,-8.900774193662128742e-01,4.023352296835463332e-02,-4.540302315528533805e-01,0.000000000000000000e+00,3.742570580025119109e-01,-2.000893624438737917e-01,3.612068253955258434e-01,1.000000000000000000e+00
5.404691026932142289e-02,9.984891313465253937e-01,-8.895671667139242247e-03,0.000000000000000000e+00,4.482407930865630608e-01,-3.222140408720400306e-02,-8.933211737292398036e-01,0.000000000000000000e+00,-8.922752928661438210e-01,4.429469920533261884e-02,-4.493136781391663948e-01,0.000000000000000000e+00,3.734477895749872545e-01,-2.026202217104523251e-01,3.593493546582825493e-01,1.000000000000000000e+00
4.320682119691614947e-02,9.988702115310001961e-01,1.929295258069897365e-02,0.000000000000000000e+00,4.405155955347549446e-01,-1.715304088099976710e-03,-8.977325964471568609e-01,0.000000000000000000e+00,-8.967025195332077869e-01,4.728792871220903471e-02,-4.401004922297930833e-01,0.000000000000000000e+00,3.718393781177713464e-01,-2.069244145808831481e-01,3.561574474975091054e-01,1.000000000000000000e+00
2.949760882937010192e-02,9.990189319829647641e-01,3.273853255987496658e-02,0.000000000000000000e+00,4.341764950236193799e-01,1.669557670031227709e-02,-9.006624094458794971e-01,0.000000000000000000e+00,-9.003427214305976811e-01,4.078247394921566404e-02,-4.332664004807281755e-01,0.000000000000000000e+00,3.710073584954409753e-01,-2.111577266040818857e-01,3.549915617605870488e-01,1.000000000000000000e+00
2.141693449273767216e-02,9.992256400500209024e-01,3.271363759608994504e-02,0.000000000000000000e+00,4.327768661185104615e-01,2.023051508688586062e-02,-9.012633673422927316e-01,0.000000000000000000e+00,-9.012446305770820398e-01,3.346064827841339212e-02,-4.320167830915452312e-01,0.000000000000000000e+00,3.712766232144908973e-01,-2.131894444143701273e-01,3.554101537066736705e-01,1.000000000000000000e+00
1.267658492102098633e-02,9.994632627543496017e-01,2.988707915434545351e-02,0.000000000000000000e+00,4.324939541957921185e-01,2.146830897720293160e-02,-9.013705332408841198e-01,0.000000000000000000e+00,-9.015457167020225482e-01,2.435275001866157515e-02,-4.319979910401957057e-01,0.000000000000000000e+00,3.719806443043107702e-01,-2.150556644126809525e-01,3.563766087727093246e-01,1.000000000000000000e+00
5.020794253364646402e-03,9.997095610042923131e-01,2.315884632011942085e-02,0.000000000000000000e+00,4.324329081885935344e-01,1.871108079494530896e-02,-9.014612705337089471e-01,0.000000000000000000e+00,-9.016501376314145499e-01,1.454097879012954814e-02,-4.322216899289950121e-01,0.000000000000000000e+00,3.727973739090731931e-01,-2.168280385230215990e-01,3.577653297060499615e-01,1.000000000000000000e+00
-4.651131253174633357e-03,9.999236385569177932e-01,1.057501462735288209e-02,0.000000000000000000e+00,4.353400760970093653e-01,1.154513645087222769e-02,-9.001813566550849188e-01,0.000000000000000000e+00,-9.002520401359638269e-01,4.168740572525964018e-04,-4.353689130462295998e-01,0.000000000000000000e+00,3.748876130498165482e-01,-2.185275080222495447e-01,3.602937619329089070e-01,1.000000000000000000e+00
-8.763353682415661941e-03,9.999205482027787584e-01,7.927661401680996534e-03,0.000000000000000000e+00,4.413908039727967303e-01,1.098192769547047185e-02,-8.972370379858090050e-01,0.000000000000000000e+00,-8.972700871245451459e-01,-4.363692675726777229e-03,-4.414604726787474398e-01,0.000000000000000000e+00,3.773755160858656144e-01,-2.178485268859251811e-01,3.620391325389648030e-01,1.000000000000000000e+00
-1.077415336101263457e-02,9.999071352790055434e-01,7.098263075848374078e-03,0.000000000000000000e+00,4.438618203839956311e-01,1.114342183087953936e-02,-8.960152093890553227e-01,0.000000000000000000e+00,-8.960283514487200618e-01,-6.503282517687801467e-03,-4.439492096136493093e-01,0.000000000000000000e+00,3.784540260020139435e-01,-2.173533958803172961e-01,3.625748847857137580e-01,1.000000000000000000e+00
-1.312342476371928211e-02,9.998818839840534212e-01,6.688849241759440775e-03,0.000000000000000000e+00,4.459427613514029276e-01,1.184003029896146808e-02,-8.949724097322854233e-01,0.000000000000000000e+00,-8.949631261480360811e-01,-8.762427887482392846e-03,-4.460540580387662435e-01,0.000000000000000000e+00,3.794998270024069753e-01,-2.167797067597893035e-01,3.627824876493850881e-01,1.000000000000000000e+00
-1.844619171770381025e-02,9.998124765885807452e-01,3.936568319071936939e-03,0.000000000000000000e+00,4.457117857484308443e-01,1.174746572249696364e-02,-8.950886816373291310e-01,0.000000000000000000e+00,-8.949843074769070483e-01,-1.475668664256045946e-02,-4.458534844199541491e-01,0.000000000000000000e+00,3.807794902277769622e-01,-2.156905749837858821e-01,3.627013656847025147e-01,1.000000000000000000e+00
-2.113287603474608631e-02,9.997659492802937198e-01,1.481590828057665916e-03,0.000000000000000000e+00,4.447105129634987275e-01,1.072743471547975627e-02,-8.955993684150158618e-01,0.000000000000000000e+00,-8.954228860724386951e-01,-1.826806312918802938e-02,-4.448416942769783944e-01,0.000000000000000000e+00,3.810618882077103087e-01,-2.159117438699199865e-01,3.625103028542724370e-01,1.000000000000000000e+00
-2.453483861338904767e-02,9.996875955077694220e-01,-1.870824234822079848e-03,0.000000000000000000e+00,4.442225846542932621e-01,9.225818366013350050e-03,-8.958582066709802616e-01,0.000000000000000000e+00,-8.955783193160870015e-01,-2.281123808519958801e-02,-4.443187160001177416e-01,0.000000000000000000e+00,3.815126214033580654e-01,-2.164648688071760252e-01,3.622218912723629836e-01,1.000000000000000000e+00
-3.406155018455163386e-02,9.993096826082626949e-01,-1.416742551090553054e-02,0.000000000000000000e+00,4.415453390162291103e-01,2.329956164236578111e-03,-8.972251845543148807e-01,0.000000000000000000e+00,-8.965900670618486279e-01,-3.681715019497025509e-02,-4.413283914474016578e-01,0.000000000000000000e+00,3.823477420904697333e-01,-2.190796459184513600e-01,3.619742953866710855e-01,1.000000000000000000e+00
-3.919878473381570999e-02,9.989636030245203635e-01,-2.271391663427006768e-02,0.000000000000000000e+00,4.387265397441575954e-01,-3.216606309545731821e-03,-8.986041529334124478e-01,0.000000000000000000e+00,-8.977631887580840298e-01,-4.519025885325832215e-02,-4.381541936529793069e-01,0.000000000000000000e+00,3.824435075734209377e-01,-2.211089135621628343e-01,3.621663382055339553e-01,1.000000000000000000e+00
