9.996743397816704180e-01,1.963837930103125295e-02,1.569379946724852593e-02,0.000000000000000000e+00,2.262732389108645242e-02,-9.749170740857295847e-01,-2.213717456471262224e-01,0.000000000000000000e+00,1.095298162918590182e-02,2.216590299829362676e-01,-9.750627193265335446e-01,0.000000000000000000e+00,6.229684455733159876e-01,2.953678727455018582e-01,2.875519083271159404e-02,1.000000000000000000e+00
9.996751273596381493e-01,1.962402132526078202e-02,1.566155888553670897e-02,0.000000000000000000e+00,2.260588934262447794e-02,-9.749233365442619981e-01,-2.213463542271271733e-01,0.000000000000000000e+00,1.092532401489280242e-02,2.216327554370303987e-01,-9.750690021801324825e-01,0.000000000000000000e+00,6.229626653095287070e-01,2.953474085073264921e-01,2.873250494439521727e-02,1.000000000000000000e+00
9.996750647220319363e-01,1.963751432987441078e-02,1.564863908312331270e-02,0.000000000000000000e+00,2.261624620117313675e-02,-9.749218404053358045e-01,-2.213518859410266437e-01,0.000000000000000000e+00,1.090960922643010624e-02,2.216381415996930282e-01,-9.750679538446338501e-01,0.000000000000000000e+00,6.229532392401253560e-01,2.953562783429783400e-01,2.872939470690396777e-02,1.000000000000000000e+00
9.996750728097727468e-01,1.965625012066341687e-02,1.562458112007682372e-02,0.000000000000000000e+00,2.262920790300529741e-02,-9.749210732194053541e-01,-2.213539402034974402e-01,0.000000000000000000e+00,1.088195449169949112e-02,2.216398554382578434e-01,-9.750678733030582190e-01,0.000000000000000000e+00,6.229390882033414290e-01,2.953657344636326232e-01,2.871818539205067689e-02,1.000000000000000000e+00
9.996749528090549397e-01,1.964070962880000437e-02,1.565177794050876675e-02,0.000000000000000000e+00,2.262001520948200839e-02,-9.749226250162186247e-01,-2.213480450435851843e-01,0.000000000000000000e+00,1.091204984710179848e-02,2.216344070875276573e-01,-9.750687754015582298e-01,0.000000000000000000e+00,6.229521645281091979e-01,2.953562214059207158e-01,2.873170266343174142e-02,1.000000000000000000e+00
9.996746448896109971e-01,1.964948489041306798e-02,1.566042814165194072e-02,0.000000000000000000e+00,2.263061620069167779e-02,-9.749198345299527890e-01,-2.213592517869427956e-01,0.000000000000000000e+00,1.091827694985162030e-02,2.216459039324394642e-01,-9.750660923744699504e-01,0.000000000000000000e+00,6.229527070075827622e-01,2.953668641051337418e-01,2.873956606006222367e-02,1.000000000000000000e+00
9.996742608392686913e-01,1.964437231749991200e-02,1.569132731548477516e-02,0.000000000000000000e+00,2.263243653391623991e-02,-9.749206735118453038e-01,-2.213553705627140378e-01,0.000000000000000000e+00,1.094962289506648534e-02,2.216426667278432461e-01,-9.750664767308053760e-01,0.000000000000000000e+00,6.229661345683206175e-01,2.953613553580255457e-01,2.875372357396992901e-02,1.000000000000000000e+00
9.996744216908951541e-01,1.960757372771987361e-02,1.572706491036313797e-02,0.000000000000000000e+00,2.260438210594526917e-02,-9.749231249583738546e-01,-2.213474400850743151e-01,0.000000000000000000e+00,1.099280466347850836e-02,2.216351419077284834e-01,-9.750677012993362869e-01,0.000000000000000000e+00,6.229903748352552117e-01,2.953415789595354446e-01,2.876699423495880301e-02,1.000000000000000000e+00
9.996732998604908049e-01,1.955454112826364790e-02,1.586380687314974808e-02,0.000000000000000000e+00,2.258281699577742441e-02,-9.749267640774941235e-01,-2.213336123663318944e-01,0.000000000000000000e+00,1.113818711932266017e-02,2.216238190370488637e-01,-9.750686250839621927e-01,0.000000000000000000e+00,6.230531026070937894e-01,2.953100574981358806e-01,2.884071263902952820e-02,1.000000000000000000e+00
9.996591018802729600e-01,1.970680231579945499e-02,1.655502556990306670e-02,0.000000000000000000e+00,2.288380895465300449e-02,-9.749333934802550949e-01,-2.212734879419791245e-01,0.000000000000000000e+00,1.177968116878345961e-02,2.215811643924237018e-01,-9.750707803529234940e-01,0.000000000000000000e+00,6.233251319277807179e-01,2.951898750269109639e-01,2.918034773207426463e-02,1.000000000000000000e+00
9.996292659160231908e-01,1.960849882255562629e-02,1.837346998600694961e-02,0.000000000000000000e+00,2.318566559197743349e-02,-9.750130819082911682e-01,-2.208906107555532461e-01,0.000000000000000000e+00,1.358330183614437150e-02,2.212389797441090822e-01,-9.751250216013400696e-01,0.000000000000000000e+00,6.241586649103877393e-01,2.946957199825084861e-01,3.026882367165823276e-02,1.000000000000000000e+00
9.995558224959862903e-01,2.057574392542058095e-02,2.110789846233826136e-02,0.000000000000000000e+00,2.470861467613334056e-02,-9.753286665434759417e-01,-2.193267504900394682e-01,0.000000000000000000e+00,1.607463689330201548e-02,2.197551083779837322e-01,-9.754226255272785417e-01,0.000000000000000000e+00,6.253294717949272608e-01,2.937286991481398157e-01,3.221974157858887439e-02,1.000000000000000000e+00
9.994992027379417943e-01,2.235973421208221554e-02,2.195752521101542593e-02,0.000000000000000000e+00,2.647476542615848430e-02,-9.773640718996774446e-01,-2.098554375195465227e-01,0.000000000000000000e+00,1.676850728890801057e-02,2.103357124345602291e-01,-9.774853989896462592e-01,0.000000000000000000e+00,6.269922764242564783e-01,2.897220268670161469e-01,3.711886193179259052e-02,1.000000000000000000e+00
9.995813263098124457e-01,2.650144630518251262e-02,1.075138770847662920e-02,0.000000000000000000e+00,2.804496880194469119e-02,-9.819620484670830152e-01,-1.869351812699687476e-01,0.000000000000000000e+00,5.603509914033790937e-03,1.871620422099511405e-01,-9.823130715980745720e-01,0.000000000000000000e+00,6.261793989158780382e-01,2.823978279148895432e-01,4.292141837592361453e-02,1.000000000000000000e+00
9.995718081804300104e-01,2.892941854189760853e-02,1.895651380490087667e-04,0.000000000000000000e+00,2.853829728127988546e-02,-9.849407556472946634e-01,-1.704641321640114615e-01,0.000000000000000000e+00,-4.744809147718991559e-03,1.703998314081408005e-01,-9.853635797218349701e-01,0.000000000000000000e+00,6.246783533270890976e-01,2.775940641616731486e-01,4.603652498719598696e-02,1.000000000000000000e+00
9.994603221135098803e-01,3.129632888165458787e-02,-8.963884230561505739e-03,0.000000000000000000e+00,2.954847547983228961e-02,-9.876654659900957478e-01,-1.537028359809703149e-01,0.000000000000000000e+00,-1.366391647329600820e-02,1.533579694620463008e-01,-9.880762271146336095e-01,0.000000000000000000e+00,6.233911430655392216e-01,2.728433422989671175e-01,5.039593110724385761e-02,1.000000000000000000e+00
9.993180765840071755e-01,3.320782874277110330e-02,-1.553604917086967400e-02,0.000000000000000000e+00,3.073996657899971674e-02,-9.898694926916633552e-01,-1.385430936361649878e-01,0.000000000000000000e+00,-1.997976111047925635e-02,1.379736966454203073e-01,-9.902343501313040086e-01,0.000000000000000000e+00,6.224372134014701796e-01,2.684818872929166100e-01,5.569998025574959127e-02,1.000000000000000000e+00
9.991076675133845342e-01,3.691024086273794053e-02,-2.005616455425594802e-02,0.000000000000000000e+00,3.443485055797521760e-02,-9.930774233312971155e-01,-1.122150579821172556e-01,0.000000000000000000e+00,-2.405967225924191683e-02,1.114264391154407702e-01,-9.934813943083339316e-01,0.000000000000000000e+00,6.214979495157353373e-01,2.606593787301276777e-01,6.883496920792919749e-02,1.000000000000000000e+00
9.990665521991880516e-01,4.046559974284858613e-02,-1.446742601457013354e-02,0.000000000000000000e+00,3.895850629835429652e-02,-9.949380713212998550e-01,-9.252683893693577910e-02,0.000000000000000000e+00,-1.813869619192284496e-02,9.187860960305194169e-02,-9.956049963704818317e-01,0.000000000000000000e+00,6.209602988482225694e-01,2.536956173581753071e-01,8.338333833463225375e-02,1.000000000000000000e+00
9.990572686824193971e-01,4.245292161172457140e-02,-7.941677446326669484e-03,0.000000000000000000e+00,4.163469387848409836e-02,-9.955640211023767394e-01,-8.425899983573983953e-02,0.000000000000000000e+00,-1.148371014487793197e-02,8.385053131101025126e-02,-9.964121701385274532e-01,0.000000000000000000e+00,6.207623143692609924e-01,2.501759999088357111e-01,9.104813966830976879e-02,1.000000000000000000e+00
9.989291346288771134e-01,4.562844352726008051e-02,6.275032437404564657e-03,0.000000000000000000e+00,4.595437654208559680e-02,-9.965199894651355361e-01,-6.940355015589891319e-02,0.000000000000000000e+00,3.086478713815469978e-03,6.961893388105801217e-02,-9.975688836839359253e-01,0.000000000000000000e+00,6.192548250348779426e-01,2.428132310769619828e-01,1.053856971508673329e-01,1.000000000000000000e+00
9.986891911886236484e-01,4.716319601727986949e-02,1.939791859082598546e-02,0.000000000000000000e+00,4.814556346525379615e-02,-9.973833384856602979e-01,-5.375153701076937351e-02,0.000000000000000000e+00,1.681239021813178691e-02,5.461605427132753404e-02,-9.983658799012437024e-01,0.000000000000000000e+00,6.164060675066348471e-01,2.344071831042815468e-01,1.183399501720943242e-01,1.000000000000000000e+00
9.984598801017084968e-01,4.888242759482541028e-02,2.586741194875808586e-02,0.000000000000000000e+00,5.002036846466110381e-02,-9.977087360709898656e-01,-4.534299954233204227e-02,0.000000000000000000e+00,2.359212121020318881e-02,4.656795994092595425e-02,-9.986364888805853157e-01,0.000000000000000000e+00,6.145653904914012422e-01,2.299907158803141394e-01,1.248292810264585162e-01,1.000000000000000000e+00
9.981753739423591121e-01,5.122724407570603683e-02,3.166132057649864023e-02,0.000000000000000000e+00,5.238542500253526996e-02,-9.979352433320702875e-01,-3.690209024260588527e-02,0.000000000000000000e+00,2.970612720496283721e-02,3.849409059223817681e-02,-9.988171759616265577e-01,0.000000000000000000e+00,6.126350669363241908e-01,2.254287248947500488e-01,1.307615117254147530e-01,1.000000000000000000e+00
9.975046888639413911e-01,5.681306936892899923e-02,4.168234331873615223e-02,0.000000000000000000e+00,5.771231230276316349e-02,-9.981090655618515273e-01,-2.069611444509267956e-02,0.000000000000000000e+00,4.042849332843188870e-02,2.305049940890890534e-02,-9.989165187362720744e-01,0.000000000000000000e+00,6.083169050813334033e-01,2.162861036306082674e-01,1.418858781885363185e-01,1.000000000000000000e+00
9.963614151046545908e-01,7.050880646992264966e-02,4.767793621839568757e-02,0.000000000000000000e+00,7.088573077143905943e-02,-9.974551519356273932e-01,-6.259389050214012387e-03,0.000000000000000000e+00,4.711616819577633258e-02,9.616484229397792224e-03,-9.988431257838306099e-01,0.000000000000000000e+00,6.032616953888813027e-01,2.065800523055387194e-01,1.514247351377741024e-01,1.000000000000000000e+00
9.958951055125424556e-01,7.617328326192272792e-02,4.869616652744724467e-02,0.000000000000000000e+00,7.631383655543855227e-02,-9.970736594899166638e-01,-1.030923267642777077e-03,0.000000000000000000e+00,4.847606946711912473e-02,4.742974046604410063e-03,-9.988130830571915197e-01,0.000000000000000000e+00,6.004741409233754768e-01,2.017278238266471679e-01,1.557846531294224401e-01,1.000000000000000000e+00
9.953550753445234989e-01,8.296179971910441764e-02,4.864525336015034646e-02,0.000000000000000000e+00,8.288926445815820998e-02,-9.965429226670586837e-01,3.509988745031002513e-03,0.000000000000000000e+00,4.876921689923652270e-02,5.384945263231116514e-04,-9.988099286183935721e-01,0.000000000000000000e+00,5.976220627220764081e-01,1.965715817782229535e-01,1.598233381618866245e-01,1.000000000000000000e+00
9.948337960346999020e-01,8.976142299442772809e-02,4.721601540169245020e-02,0.000000000000000000e+00,8.955569830860019009e-02,-9.959512070151863572e-01,6.458873482305967258e-03,0.000000000000000000e+00,4.760552175828942217e-02,-2.197084694550807682e-03,-9.988637980810827210e-01,0.000000000000000000e+00,5.946824990710852799e-01,1.914091693157864149e-01,1.634831052192149969e-01,1.000000000000000000e+00
9.934978123831139651e-01,1.072743334008924299e-01,3.788220010201712867e-02,0.000000000000000000e+00,1.071843797193489795e-01,-9.942197269380957936e-01,4.403431903056189041e-03,0.000000000000000000e+00,3.813634010604186747e-02,-3.144258959982681057e-04,-9.992724957185964429e-01,0.000000000000000000e+00,5.860320115525565754e-01,1.759124654599595050e-01,1.739231229589422167e-01,1.000000000000000000e+00
9.928704191517703226e-01,1.142867577884195684e-01,3.357997422284982741e-02,0.000000000000000000e+00,1.142902220213157655e-01,-9.934360422744186181e-01,1.822624938417843985e-03,0.000000000000000000e+00,3.356850488424184542e-02,2.028271373345279498e-03,-9.994343608236975207e-01,0.000000000000000000e+00,5.832156805869324057e-01,1.705550482253136990e-01,1.772305234059361467e-01,1.000000000000000000e+00
9.920942874262246303e-01,1.222430675698408659e-01,2.804111603655132581e-02,0.000000000000000000e+00,1.222989586124441641e-01,-9.924835681297718981e-01,-2.803853001928373508e-04,0.000000000000000000e+00,2.779660690991927682e-02,3.707639327746774585e-03,-9.996067236943291245e-01,0.000000000000000000e+00,5.802474959203743898e-01,1.649768488103953989e-01,1.805135560050897536e-01,1.000000000000000000e+00
9.903857116782939229e-01,1.377345758723535207e-01,1.208617449611423984e-02,0.000000000000000000e+00,1.377544470464922011e-01,-9.904563500556463618e-01,-8.233192396387906727e-04,0.000000000000000000e+00,1.185765704792028467e-02,2.480375650625225078e-03,-9.999266191606089871e-01,0.000000000000000000e+00,5.735158587311136591e-01,1.530977087755080179e-01,1.872195591354693378e-01,1.000000000000000000e+00
9.890634042871814247e-01,1.467346069011695731e-01,-1.425778168646411014e-02,0.000000000000000000e+00,1.467834582501255647e-01,-9.891559157190454865e-01,2.436736210306233909e-03,0.000000000000000000e+00,-1.374588022104523272e-02,-4.502979810744943238e-03,-9.998953815023712277e-01,0.000000000000000000e+00,5.651954258968668876e-01,1.403019781658889353e-01,1.939907701146353358e-01,1.000000000000000000e+00
9.881768040345472182e-01,1.504449504886053446e-01,-2.921759301785742044e-02,0.000000000000000000e+00,1.506698297459268809e-01,-9.885583063103796642e-01,5.641305726106691371e-03,0.000000000000000000e+00,-2.803512807063429299e-02,-9.977009316938297012e-03,-9.995571473803551710e-01,0.000000000000000000e+00,5.609404211980917321e-01,1.337326850347257678e-01,1.980139314225736469e-01,1.000000000000000000e+00
9.871389217497130719e-01,1.532776290664608354e-01,-4.520469550596323965e-02,0.000000000000000000e+00,1.538494099029208140e-01,-9.880395430447853622e-01,9.432250716712733962e-03,0.000000000000000000e+00,-4.321910576628525125e-02,-1.626597070094321085e-02,-9.989331945099825250e-01,0.000000000000000000e+00,5.565878473050445141e-01,1.272758355593401614e-01,2.023476498243245159e-01,1.000000000000000000e+00
9.843826436250412426e-01,1.572255947764228112e-01,-7.906750393292540091e-02,0.000000000000000000e+00,1.590329346185647141e-01,-9.871160153313655039e-01,1.706589828116233595e-02,0.000000000000000000e+00,-7.536705446616190351e-02,-2.937427679511774720e-02,-9.967231104794642693e-01,0.000000000000000000e+00,5.477677965648456437e-01,1.145018266106438837e-01,2.125409094661962761e-01,1.000000000000000000e+00
9.824214878509901494e-01,1.591504041587948060e-01,-9.746751236154248266e-02,0.000000000000000000e+00,1.617161197171715359e-01,-9.866453287273443395e-01,1.896414578461914566e-02,0.000000000000000000e+00,-9.314950772471659868e-02,-3.439351439687313855e-02,-9.950579155898789940e-01,0.000000000000000000e+00,5.429548995071608042e-01,1.084628727820264454e-01,2.181219387541418475e-01,1.000000000000000000e+00
9.767398480996957177e-01,1.641140878862701602e-01,-1.379368775659688962e-01,0.000000000000000000e+00,1.679537870975114922e-01,-9.856454374187445522e-01,1.659349259269875948e-02,0.000000000000000000e+00,-1.332361933325798553e-01,-3.937530449867374799e-02,-9.903018237799423584e-01,0.000000000000000000e+00,5.322075129973250496e-01,9.703171261479930088e-02,2.299720336265724807e-01,1.000000000000000000e+00
9.725650019566165483e-01,1.683234285770519589e-01,-1.605156916391685396e-01,0.000000000000000000e+00,1.724484080569688160e-01,-9.849354222612723975e-01,1.202112452454254070e-02,0.000000000000000000e+00,-1.560771585978154019e-01,-3.937275853568011214e-02,-9.869598302105934140e-01,0.000000000000000000e+00,5.261132693447061470e-01,9.165476232191244188e-02,2.361972617765758509e-01,1.000000000000000000e+00
9.614210267133347365e-01,1.767852419792598218e-01,-2.107067500414264161e-01,0.000000000000000000e+00,1.801005254040697889e-01,-9.836321668243528382e-01,-3.508281461746148508e-03,0.000000000000000000e+00,-2.078821518705186444e-01,-3.457612652127329406e-02,-9.775425834246135315e-01,0.000000000000000000e+00,5.122385360506376273e-01,8.141991246945276539e-02,2.489073337227354077e-01,1.000000000000000000e+00
9.545547913502825388e-01,1.803368318883483146e-01,-2.372435969123309063e-01,0.000000000000000000e+00,1.825464903921414084e-01,-9.831039694616482416e-01,-1.281058060630955835e-02,0.000000000000000000e+00,-2.355498764401053047e-01,-3.108018327646120196e-02,-9.713651619841801033e-01,0.000000000000000000e+00,5.046362298884172759e-01,7.623895373702180289e-02,2.552608850702657861e-01,1.000000000000000000e+00
9.474115446090261017e-01,1.824561046887968052e-01,-2.628723680886567715e-01,0.000000000000000000e+00,1.831197357135420645e-01,-9.828303152342034998e-01,-2.219190730980166032e-02,0.000000000000000000e+00,-2.624130336223578497e-01,-2.711277139345438097e-02,-9.645746717659952063e-01,0.000000000000000000e+00,4.969760597324748841e-01,7.116688336991160158e-02,2.616512041471880101e-01,1.000000000000000000e+00
9.322646064978551417e-01,1.888092776151234775e-01,-3.085684803395556397e-01,0.000000000000000000e+00,1.855064313128212405e-01,-9.818067959080885032e-01,-4.029300623535694847e-02,0.000000000000000000e+00,-3.105683038028811405e-01,-1.967807286467167932e-02,-9.503473586648902849e-01,0.000000000000000000e+00,4.825680684026885103e-01,6.072835736869273277e-02,2.740802856878147287e-01,1.000000000000000000e+00
9.175731242800139187e-01,2.007219512130598293e-01,-3.431486657433547860e-01,0.000000000000000000e+00,1.943351827163705137e-01,-9.794768772739599338e-01,-5.328818391965624984e-02,0.000000000000000000e+00,-3.468089689633223061e-01,-1.779039576999394412e-02,-9.377670504261410578e-01,0.000000000000000000e+00,4.705275292626365791e-01,4.916971441067367193e-02,2.858157852716860514e-01,1.000000000000000000e+00
9.103171716174220940e-01,2.090035008432106767e-01,-3.572407179969092628e-01,0.000000000000000000e+00,2.019187225589476053e-01,-9.777043685463898681e-01,-5.747820549282864344e-02,0.000000000000000000e+00,-3.612959128443168355e-01,-1.981057338502687643e-02,-9.322407438768959276e-01,0.000000000000000000e+00,4.653497026750181287e-01,4.281832063702392666e-02,2.911965133973462572e-01,1.000000000000000000e+00
9.027716804494866354e-01,2.195195490105839309e-01,-3.698583613787958524e-01,0.000000000000000000e+00,2.119914549413065286e-01,-9.753284582478292108e-01,-6.143914440312971126e-02,0.000000000000000000e+00,-3.742276836871852863e-01,-2.294173421218163866e-02,-9.270530284689550982e-01,0.000000000000000000e+00,4.605137465292299948e-01,3.634955537870141612e-02,2.962923501083713496e-01,1.000000000000000000e+00
8.945913518127962538e-01,2.313230177602748627e-01,-3.823306443606656613e-01,0.000000000000000000e+00,2.228126993815905676e-01,-9.725411004926748371e-01,-6.707500091684311105e-02,0.000000000000000000e+00,-3.873557150448018738e-01,-2.518389205122122804e-02,-9.215863071917262950e-01,0.000000000000000000e+00,4.557328488518796461e-01,2.978685022053679382e-02,3.008948794969971141e-01,1.000000000000000000e+00
8.756943406117574380e-01,2.557505243360361225e-01,-4.095507758796089748e-01,0.000000000000000000e+00,2.429497930599739675e-01,-9.663847955392682598e-01,-8.400340412060983142e-02,0.000000000000000000e+00,-4.172755913094054470e-01,-2.593947008214245870e-02,-9.084097229715474286e-01,0.000000000000000000e+00,4.454285960770041353e-01,1.707533995291646289e-02,3.091339912371066090e-01,1.000000000000000000e+00
8.542670787269085464e-01,2.794470291978625176e-01,-4.383125174770747257e-01,0.000000000000000000e+00,2.582235947607886550e-01,-9.599365720510618649e-01,-1.087340776798185332e-01,0.000000000000000000e+00,-4.511463164588094821e-01,-2.029508173719161632e-02,-8.922192055783871867e-01,0.000000000000000000e+00,4.344955937702235094e-01,5.242148980643945681e-03,3.159644175316445591e-01,1.000000000000000000e+00
8.435995746844905385e-01,2.920874342849816285e-01,-4.505612447006192567e-01,0.000000000000000000e+00,2.651579827236981712e-01,-9.562587868455209028e-01,-1.234549459513057112e-01,0.000000000000000000e+00,-4.669217773608376199e-01,-1.532366586912932080e-02,-8.841658436574710844e-01,0.000000000000000000e+00,4.294905254930678207e-01,-1.653859478891250368e-04,3.187786361955574077e-01,1.000000000000000000e+00
8.329248277626718489e-01,3.060328731347149445e-01,-4.610432287309323418e-01,0.000000000000000000e+00,2.726253530291039562e-01,-9.519623501683441846e-01,-1.393694645499061746e-01,0.000000000000000000e+00,-4.815567046741633384e-01,-9.607970722051422524e-03,-8.763622693167276712e-01,0.000000000000000000e+00,4.249550608289099363e-01,-5.311023192632562465e-03,3.210888509175804928e-01,1.000000000000000000e+00
8.138326288650391538e-01,3.301181345926341715e-01,-4.782041575612939188e-01,0.000000000000000000e+00,2.830804777164200869e-01,-9.439250780722486800e-01,-1.698576963912756532e-01,0.000000000000000000e+00,-5.074717730435888141e-01,2.865529388962695292e-03,-8.616636166772491112e-01,0.000000000000000000e+00,4.171575937300672776e-01,-1.492792152216395295e-02,3.239095437249872034e-01,1.000000000000000000e+00
7.951985470089680819e-01,3.503101390686275685e-01,-4.948967813612782929e-01,0.000000000000000000e+00,2.879635020181363081e-01,-9.364751096510188777e-01,-2.001802622906935503e-01,0.000000000000000000e+00,-5.335939664504374402e-01,1.667116438671091896e-02,-8.455764609103547658e-01,0.000000000000000000e+00,4.097440103506961306e-01,-2.343423264500705053e-02,3.247409106438871595e-01,1.000000000000000000e+00
7.850065751075978593e-01,3.612613121609886679e-01,-5.032252858062364886e-01,0.000000000000000000e+00,2.900552534055428899e-01,-9.321414592648470387e-01,-2.167048610268268172e-01,0.000000000000000000e+00,-5.473747733571985297e-01,2.415206797138329947e-02,-8.365390218662015487e-01,0.000000000000000000e+00,4.059436788665845008e-01,-2.733809852852851774e-02,3.247492682504851680e-01,1.000000000000000000e+00
7.729128779041972708e-01,3.750553307905418743e-01,-5.117811338029735202e-01,0.000000000000000000e+00,2.936983075040394686e-01,-9.264523849749143336e-01,-2.353891022217556028e-01,0.000000000000000000e+00,-5.624356182237212343e-01,3.162662452559714121e-02,-8.262360025891013482e-01,0.000000000000000000e+00,4.019005883487877240e-01,-3.072919338017024438e-02,3.246907280767712400e-01,1.000000000000000000e+00
7.593593387109571768e-01,3.912833699324121395e-01,-5.198571592543486108e-01,0.000000000000000000e+00,2.984808187199374241e-01,-9.194222155835590771e-01,-2.560326878523593863e-01,0.000000000000000000e+00,-5.781606854491272429e-01,3.925417778886068632e-02,-8.149781170848182654e-01,0.000000000000000000e+00,3.977617709389498768e-01,-3.381396843881728093e-02,3.246304085082001301e-01,1.000000000000000000e+00
7.309812110929192475e-01,4.260905521623232217e-01,-5.330047441518168672e-01,0.000000000000000000e+00,3.078873906365893198e-01,-9.030016825718524265e-01,-2.996232014724558024e-01,0.000000000000000000e+00,-6.089825209445501875e-01,5.491454808526698150e-02,-7.912804064253147196e-01,0.000000000000000000e+00,3.896680722359560090e-01,-3.946907905719657800e-02,3.243582936619296975e-01,1.000000000000000000e+00
7.022522543809904816e-01,4.650744794715366282e-01,-5.390067222793275548e-01,0.000000000000000000e+00,3.195751289462646638e-01,-8.824826602955675448e-01,-3.450751195578207198e-01,0.000000000000000000e+00,-6.361619658903637786e-01,7.007798708335831461e-02,-7.683664678269427339e-01,0.000000000000000000e+00,3.825636273685078526e-01,-4.446046145533237570e-02,3.243753636899815995e-01,1.000000000000000000e+00
6.802016645740375234e-01,4.983725454713156533e-01,-5.375232537596473792e-01,0.000000000000000000e+00,3.289796079443098042e-01,-8.628567672490732310e-01,-3.837073932966306167e-01,0.000000000000000000e+00,-6.550474190663303498e-01,8.416583880014384678e-02,-7.508854708633053709e-01,0.000000000000000000e+00,3.778950869529048573e-01,-4.927347364162695809e-02,3.246765844630447040e-01,1.000000000000000000e+00
6.718311301618297149e-01,5.136810427742214413e-01,-5.336248361359086090e-01,0.000000000000000000e+00,3.340072872289549522e-01,-8.531313909702314957e-01,-4.007327148117067472e-01,0.000000000000000000e+00,-6.611136260130660025e-01,9.099188064468398396e-02,-7.447477768725460079e-01,0.000000000000000000e+00,3.765377809096393524e-01,-5.186834136368460163e-02,3.247030778848575827e-01,1.000000000000000000e+00
6.596381030190889838e-01,5.410485798000639335e-01,-5.216557813759181705e-01,0.000000000000000000e+00,3.450448168895004497e-01,-8.346221294288221904e-01,-4.293375388975410045e-01,0.000000000000000000e+00,-6.676907798727413912e-01,1.032147633530908770e-01,-7.372487606628411738e-01,0.000000000000000000e+00,3.755020834657871731e-01,-5.722692825130178129e-02,3.247062653206971850e-01,1.000000000000000000e+00
6.532571135168414589e-01,5.568540876898977476e-01,-5.129809115005201647e-01,0.000000000000000000e+00,3.533998267883075584e-01,-8.234603499156164519e-01,-4.438494806170816820e-01,0.000000000000000000e+00,-6.695917302006418881e-01,1.086625573648239973e-01,-7.347376153933098397e-01,0.000000000000000000e+00,3.754151030597694394e-01,-5.984139134635260704e-02,3.247977625335882745e-01,1.000000000000000000e+00
6.343752052168695199e-01,5.969622996792790515e-01,-4.911057510036813678e-01,0.000000000000000000e+00,3.759275641635874687e-01,-7.933665628104958900e-01,-4.787783520769289813e-01,0.000000000000000000e+00,-6.754525122967051098e-01,1.191072198137230198e-01,-7.277206701889912255e-01,0.000000000000000000e+00,3.748898173247603993e-01,-6.494989548746954444e-02,3.256717946206094116e-01,1.000000000000000000e+00
6.206437409228402480e-01,6.198164504147652965e-01,-4.802183477854124471e-01,0.000000000000000000e+00,3.887178060762193077e-01,-7.751220737657509297e-01,-4.980612260571795069e-01,0.000000000000000000e+00,-6.809474931691363864e-01,1.224515175312160947e-01,-7.220222554748372268e-01,0.000000000000000000e+00,3.742217926723276356e-01,-6.799668938334012258e-02,3.266524676040267749e-01,1.000000000000000000e+00
6.063985442421652161e-01,6.398593194791966088e-01,-4.720610169435838777e-01,0.000000000000000000e+00,3.983646424595145286e-01,-7.582633661021506155e-01,-5.160649437490861802e-01,0.000000000000000000e+00,-6.881687888092828942e-01,1.248910169291422984e-01,-7.147208909771489704e-01,0.000000000000000000e+00,3.732797686066962606e-01,-7.093010560044320234e-02,3.280433650643512777e-01,1.000000000000000000e+00
5.726276437550736897e-01,6.793056208592030965e-01,-4.589359453974087288e-01,0.000000000000000000e+00,4.151111196057298836e-01,-7.229957692520319057e-01,-5.522142907645077869e-01,0.000000000000000000e+00,-7.069446293899064315e-01,1.257061742805190008e-01,-6.960080809333492047e-01,0.000000000000000000e+00,3.711090596269756015e-01,-7.744539301634689732e-02,3.318860492128390960e-01,1.000000000000000000e+00
5.344538109328860198e-01,7.157103213361942773e-01,-4.495537863408168855e-01,0.000000000000000000e+00,4.296911787339225963e-01,-6.881162896808541429e-01,-5.846727372601835393e-01,0.000000000000000000e+00,-7.278156088356394493e-01,1.193135733761988976e-01,-6.753137868749682360e-01,0.000000000000000000e+00,3.691841029073222868e-01,-8.542647622082712167e-02,3.375260463386126064e-01,1.000000000000000000e+00
5.147987063700916188e-01,7.325812088314825887e-01,-4.452951956712446480e-01,0.000000000000000000e+00,4.376047521957945885e-01,-6.711950289620262078e-01,-5.983143495300192738e-01,0.000000000000000000e+00,-7.372079647329109475e-01,1.131503378796574061e-01,-6.661241759402509732e-01,0.000000000000000000e+00,3.688649647627773587e-01,-9.002461573013044449e-02,3.405182716861568926e-01,1.000000000000000000e+00
4.941526141164570007e-01,7.498103083055711604e-01,-4.399755020700408803e-01,0.000000000000000000e+00,4.477065477019838702e-01,-6.532996587331958427e-01,-6.105236686198737273e-01,0.000000000000000000e+00,-7.452271334806631620e-01,1.047139697916603523e-01,-6.585373976128197082e-01,0.000000000000000000e+00,3.691377633078739562e-01,-9.500665239769227888e-02,3.434819023400875748e-01,1.000000000000000000e+00
4.742579615221752531e-01,7.648663689416030920e-01,-4.359352824630357559e-01,0.000000000000000000e+00,4.584295568481018268e-01,-6.372903384800722160e-01,-6.194224025567822700e-01,0.000000000000000000e+00,-7.516071783682217733e-01,9.392219589708260263e-02,-6.528899375417195339e-01,0.000000000000000000e+00,3.699687319414465270e-01,-1.005110386151491647e-01,3.464286890354558168e-01,1.000000000000000000e+00
4.348488066336230196e-01,7.920008818164852027e-01,-4.285112197742692586e-01,0.000000000000000000e+00,4.821413433715138197e-01,-6.066789502878089380e-01,-6.320293689305920282e-01,0.000000000000000000e+00,-7.605511974934894281e-01,6.823555543102741150e-02,-6.456824180401989910e-01,0.000000000000000000e+00,3.728521269017238682e-01,-1.122193516241551253e-01,3.513203888204237679e-01,1.000000000000000000e+00
3.962532598257195726e-01,8.185845506980765629e-01,-4.157925376159695707e-01,0.000000000000000000e+00,5.060970795080710349e-01,-5.725927679939947224e-01,-6.449682279427300102e-01,0.000000000000000000e+00,-7.660555760534950576e-01,4.514024292718914200e-02,-6.411873461522947792e-01,0.000000000000000000e+00,3.763230659167200454e-01,-1.230644934784720645e-01,3.550058743353162738e-01,1.000000000000000000e+00
3.762734023163458175e-01,8.329125810490989323e-01,-4.057779022330048058e-01,0.000000000000000000e+00,5.157132050513557608e-01,-5.521330092171057302e-01,-6.551105076013741257e-01,0.000000000000000000e+00,-7.697079772560860844e-01,3.723635400396108769e-02,-6.373092527877155522e-01,0.000000000000000000e+00,3.774707848646313146e-01,-1.275565813519966563e-01,3.563474201261183083e-01,1.000000000000000000e+00
3.562654020000344257e-01,8.473301320307256024e-01,-3.938113223254956496e-01,0.000000000000000000e+00,5.227603308605367483e-01,-5.300845742526241189e-01,-6.676172013356193036e-01,0.000000000000000000e+00,-7.744603892468513440e-01,3.198058918591377420e-02,-6.318135384770869889e-01,0.000000000000000000e+00,3.779668320247138169e-01,-1.314063574141533519e-01,3.574161904055650485e-01,1.000000000000000000e+00
2.949948710038705069e-01,8.885361237139440815e-01,-3.513720675267412719e-01,0.000000000000000000e+00,5.329825654523945300e-01,-4.582310587315726047e-01,-7.112908186098949592e-01,0.000000000000000000e+00,-7.930324496445325666e-01,2.255239150677059920e-02,-6.087617953256574399e-01,0.000000000000000000e+00,3.770231732144035952e-01,-1.406765238573655097e-01,3.577921417645624769e-01,1.000000000000000000e+00
2.750589779875555752e-01,8.998935765178195378e-01,-3.384004380487962149e-01,0.000000000000000000e+00,5.348967080585794731e-01,-4.357115245901121425e-01,-7.238934493063624576e-01,0.000000000000000000e+00,-7.988874169566884120e-01,1.810446058718023082e-02,-6.012080534516462960e-01,0.000000000000000000e+00,3.765017726273556797e-01,-1.438054233851734087e-01,3.572281987743416432e-01,1.000000000000000000e+00
2.554432504470487975e-01,9.095564709682522064e-01,-3.277751040302382401e-01,0.000000000000000000e+00,5.372189803812157383e-01,-4.154002521726104513e-01,-7.340430127140417094e-01,0.000000000000000000e+00,-8.038269092120468029e-01,1.141954581579143584e-02,-5.947536414348119083e-01,0.000000000000000000e+00,3.761143265098704225e-01,-1.474412924180070472e-01,3.563415504629058317e-01,1.000000000000000000e+00
2.173205037583135490e-01,9.242224531091967066e-01,-3.139512744300617664e-01,0.000000000000000000e+00,5.432722877067558409e-01,-3.817441449264240561e-01,-7.477348300871571318e-01,0.000000000000000000e+00,-8.109379928134954341e-01,-8.063072375022115046e-03,-5.850765408692222280e-01,0.000000000000000000e+00,3.758247835485442612e-01,-1.554696813713302150e-01,3.543368415110465519e-01,1.000000000000000000e+00
1.974457582006177159e-01,9.311447212601952073e-01,-3.065378076829433085e-01,0.000000000000000000e+00,5.460894040878002675e-01,-3.641569022241579190e-01,-7.544248539163755929e-01,0.000000000000000000e+00,-8.141222531483006675e-01,-1.843941645695686138e-02,-5.804006761276743198e-01,0.000000000000000000e+00,3.756520721638085258e-01,-1.593795724996895091e-01,3.535551000405057764e-01,1.000000000000000000e+00
1.564598621351352414e-01,9.454971558194198433e-01,-2.855454198183722259e-01,0.000000000000000000e+00,5.509404774468750210e-01,-3.234965988659546099e-01,-7.692823199151125335e-01,0.000000000000000000e+00,-8.197430002278657257e-01,-3.695743575574857859e-02,-5.715378915870555909e-01,0.000000000000000000e+00,3.752101483280456673e-01,-1.663681187191067834e-01,3.522483188349825878e-01,1.000000000000000000e+00
1.096495390180621393e-01,9.609536165938639130e-01,-2.540194328186482498e-01,0.000000000000000000e+00,5.560336384339727989e-01,-2.711337370909258637e-01,-7.856804925936463624e-01,0.000000000000000000e+00,-8.238916114255389056e-01,-5.509490638238531690e-02,-5.640630850475369940e-01,0.000000000000000000e+00,3.749329207970142352e-01,-1.731911540797646532e-01,3.518274939983194738e-01,1.000000000000000000e+00
8.505111515769329944e-02,9.674357537122095785e-01,-2.383592187244494565e-01,0.000000000000000000e+00,5.584157685427384443e-01,-2.444068628764771434e-01,-7.927281133673195201e-01,0.000000000000000000e+00,-8.251860361187765003e-01,-6.568240084426758829e-02,-5.610292577164885941e-01,0.000000000000000000e+00,3.750000400254946964e-01,-1.768785319631581143e-01,3.521596074329282344e-01,1.000000000000000000e+00
6.168772396039118311e-02,9.724068909814349571e-01,-2.249449043335162990e-01,0.000000000000000000e+00,5.605564205540812805e-01,-2.202261407646263769e-01,-7.982842183086945598e-01,0.000000000000000000e+00,-8.258117224458165762e-01,-7.685145352273957398e-02,-5.586849319272141345e-01,0.000000000000000000e+00,3.752670511854030444e-01,-1.807755397901293637e-01,3.529827439484023444e-01,1.000000000000000000e+00
4.012224864620744791e-02,9.757506338860697515e-01,-2.151317097401345968e-01,0.000000000000000000e+00,5.624425004403921236e-01,-2.000100251490555814e-01,-8.022687644670218887e-01,0.000000000000000000e+00,-8.258586544894369608e-01,-8.881209980935801662e-02,-5.568391991700559762e-01,0.000000000000000000e+00,3.757959042505274461e-01,-1.849092963769172759e-01,3.542355500117617684e-01,1.000000000000000000e+00
5.076983421798981350e-03,9.792564543258798215e-01,-2.025136237433161068e-01,0.000000000000000000e+00,5.654424592142380801e-01,-1.698424595807649928e-01,-8.070991953548951603e-01,0.000000000000000000e+00,-8.247683876349309884e-01,-1.104142980166311766e-01,-5.545861425888413132e-01,0.000000000000000000e+00,3.772085089903297050e-01,-1.927383871251904246e-01,3.573531235161449549e-01,1.000000000000000000e+00
-2.530717076957359271e-02,9.822830382141873873e-01,-1.856349289480653253e-01,0.000000000000000000e+00,5.681005850645450828e-01,-1.386632416450332972e-01,-8.111812236282475164e-01,0.000000000000000000e+00,-8.225661348453983113e-01,-1.259904392016156782e-01,-5.545370709296955081e-01,0.000000000000000000e+00,3.787613057122572457e-01,-1.996934339533120717e-01,3.607358861779255688e-01,1.000000000000000000e+00
-3.986709167956505040e-02,9.841307311865831187e-01,-1.728527287501775422e-01,0.000000000000000000e+00,5.691514961508932213e-01,-1.198170153305091468e-01,-8.134440387437210651e-01,0.000000000000000000e+00,-8.212617865131156547e-01,-1.308115557785261840e-01,-5.553534144021148311e-01,0.000000000000000000e+00,3.794388699810327115e-01,-2.027375453688637919e-01,3.622194785180081755e-01,1.000000000000000000e+00
-5.377931469112733065e-02,9.862419257703028963e-01,-1.562542673511519153e-01,0.000000000000000000e+00,5.693834959295793752e-01,-9.826034900847389897e-02,-8.161667018918081773e-01,0.000000000000000000e+00,-8.203072121231559377e-01,-1.328640449443561355e-01,-5.562762113372813344e-01,0.000000000000000000e+00,3.798773232728427374e-01,-2.052511706806929292e-01,3.633263439459780142e-01,1.000000000000000000e+00
-6.551188426434180478e-02,9.881142829485236589e-01,-1.389931788055396855e-01,0.000000000000000000e+00,5.692238008306257369e-01,-7.739766764882149985e-02,-8.185197691636204587e-01,0.000000000000000000e+00,-8.195646018031910174e-01,-1.327435536394953042e-01,-5.573984323967328125e-01,0.000000000000000000e+00,3.801745327919473505e-01,-2.073708274041637101e-01,3.640376061563660448e-01,1.000000000000000000e+00
-7.712892164062828959e-02,9.902417326997512426e-01,-1.159878750885486032e-01,0.000000000000000000e+00,5.677472243632211146e-01,-5.200723263037462102e-02,-8.215467630532035104e-01,0.000000000000000000e+00,-8.195778779555609184e-01,-1.292192979248625306e-01,-5.582064806231339382e-01,0.000000000000000000e+00,3.801386483650254777e-01,-2.111124080288688809e-01,3.643349967652143584e-01,1.000000000000000000e+00
-7.245514347290714363e-02,9.910313998086447418e-01,-1.121952034573988760e-01,0.000000000000000000e+00,5.667827313870001937e-01,-5.164772039815652277e-02,-8.222351216533952956e-01,0.000000000000000000e+00,-8.206712505468398700e-01,-1.231678389345357977e-01,-5.579680832969591275e-01,0.000000000000000000e+00,3.797119412877182354e-01,-2.144857721265813755e-01,3.632931311915255090e-01,1.000000000000000000e+00
-6.910400436348697328e-02,9.913203901015754660e-01,-1.117553920444111781e-01,0.000000000000000000e+00,5.655206758599667927e-01,-5.335746163319741997e-02,-8.229945889033271067e-01,0.000000000000000000e+00,-8.218301237430069017e-01,-1.200745183092161023e-01,-5.569356854802569590e-01,0.000000000000000000e+00,3.794204549655625924e-01,-2.159593427169824165e-01,3.624915428984299970e-01,1.000000000000000000e+00
-6.600522138840872466e-02,9.915956917041284235e-01,-1.111847194738863759e-01,0.000000000000000000e+00,5.639727800535658808e-01,-5.484737414042539089e-02,-8.239582609633577803e-01,0.000000000000000000e+00,-8.231474997631068602e-01,-1.170929571731305630e-01,-5.556234633402350465e-01,0.000000000000000000e+00,3.790496339585273655e-01,-2.173173706442816655e-01,3.616057906083399720e-01,1.000000000000000000e+00
-5.913581192050147706e-02,9.923058440187948470e-01,-1.086867727732257205e-01,0.000000000000000000e+00,5.583853369463486205e-01,-5.736827527372153485e-02,-8.275841004856482330e-01,0.000000000000000000e+00,-8.274676433442973433e-01,-1.096310686891017044e-01,-5.507071163479916320e-01,0.000000000000000000e+00,3.779744873580549447e-01,-2.203765075805041995e-01,3.585718484208474943e-01,1.000000000000000000e+00
-5.787153791361376864e-02,9.924647675960116544e-01,-1.079134703422901242e-01,0.000000000000000000e+00,5.568782351414212073e-01,-5.762188613167214257e-02,-8.285813758259432671e-01,0.000000000000000000e+00,-8.285719528712798265e-01,-1.080480216770615814e-01,-5.493579378936349622e-01,0.000000000000000000e+00,3.777625341740904474e-01,-2.209593094235018096e-01,3.577431376582644318e-01,1.000000000000000000e+00
-5.720852013619751736e-02,9.925760700316471619e-01,-1.072412109478677045e-01,0.000000000000000000e+00,5.557614189430610807e-01,-5.757194168266121376e-02,-8.293343497326587377e-01,0.000000000000000000e+00,-8.293674822366328137e-01,-1.070475794095019501e-01,-5.483524369883249205e-01,0.000000000000000000e+00,3.776881229604908685e-01,-2.213010791040103675e-01,3.570832903004048098e-01,1.000000000000000000e+00
-5.743025248825123913e-02,9.926678685783882905e-01,-1.062686016299428243e-01,0.000000000000000000e+00,5.545851117444851042e-01,-5.678799480831724089e-02,-8.301754178354210367e-01,0.000000000000000000e+00,-8.301392261190397859e-01,-1.066142208198259111e-01,-5.472680085455965404e-01,0.000000000000000000e+00,3.778350264396199143e-01,-2.213077917015509877e-01,3.563122787720083284e-01,1.000000000000000000e+00
