9.996561435578895649e-01,2.032592584834305716e-02,1.597492680997798092e-02,0.000000000000000000e+00,2.335879423581676759e-02,-9.749273323999627650e-01,-2.212505597112681688e-01,0.000000000000000000e+00,1.107748358542670619e-02,2.215519018699315668e-01,-9.750856598962117650e-01,0.000000000000000000e+00,6.228642388978636868e-01,2.957095941611564971e-01,2.882091075152024701e-02,1.000000000000000000e+00
9.996560464158982251e-01,2.032590634603588520e-02,1.598102927085652200e-02,0.000000000000000000e+00,2.336012252244705142e-02,-9.749273994292296797e-01,-2.212501241109341155e-01,0.000000000000000000e+00,1.108344739621842066e-02,2.215516086945748808e-01,-9.750856587390983599e-01,0.000000000000000000e+00,6.228660702903444646e-01,2.957068362037422737e-01,2.882435178815183699e-02,1.000000000000000000e+00
9.996564463112848076e-01,2.032267951603881212e-02,1.596010484896540418e-02,0.000000000000000000e+00,2.335231654911169158e-02,-9.749280322813340671e-01,-2.212481595065699802e-01,0.000000000000000000e+00,1.106381118888995381e-02,2.215491198129311001e-01,-9.750864472404957572e-01,0.000000000000000000e+00,6.228598219805532299e-01,2.957062135557512739e-01,2.881075955252293194e-02,1.000000000000000000e+00
9.996563530916686702e-01,2.032746730228893878e-02,1.595984641994039124e-02,0.000000000000000000e+00,2.335694004541120222e-02,-9.749276932834690657e-01,-2.212491652456514135e-01,0.000000000000000000e+00,1.106247407006733310e-02,2.215501723573638782e-01,-9.750862232622669046e-01,0.000000000000000000e+00,6.228574771535543286e-01,2.957091033118325329e-01,2.881349095328110746e-02,1.000000000000000000e+00
9.996561965976248354e-01,2.033169809240073164e-02,1.596425876321470524e-02,0.000000000000000000e+00,2.336201045863062209e-02,-9.749282407347564794e-01,-2.212462175639896556e-01,0.000000000000000000e+00,1.106590846408771374e-02,2.215473750153172938e-01,-9.750868198748698923e-01,0.000000000000000000e+00,6.228594027660236954e-01,2.957072603634867125e-01,2.881347645653005787e-02,1.000000000000000000e+00
9.996565660073257753e-01,2.033040109753859667e-02,1.594276421649633638e-02,0.000000000000000000e+00,2.335598037462532917e-02,-9.749284304074463670e-01,-2.212460184166517019e-01,0.000000000000000000e+00,1.104524645352201843e-02,2.215466593610609936e-01,-9.750872167435766791e-01,0.000000000000000000e+00,6.228519926871018964e-01,2.957051746443269402e-01,2.880307673176939198e-02,1.000000000000000000e+00
9.996566346327075969e-01,2.032551701596291630e-02,1.594468858432689096e-02,0.000000000000000000e+00,2.335163209095434886e-02,-9.749287635364430882e-01,-2.212450094560308445e-01,0.000000000000000000e+00,1.104822903474122174e-02,2.215456415238465926e-01,-9.750874142131992217e-01,0.000000000000000000e+00,6.228524209945621726e-01,2.957060122268482250e-01,2.880441292621940125e-02,1.000000000000000000e+00
9.996565187743818859e-01,2.033136467684930337e-02,1.594449696506987021e-02,0.000000000000000000e+00,2.335726744057029999e-02,-9.749291333521749037e-01,-2.212427849673183067e-01,0.000000000000000000e+00,1.104679954972248579e-02,2.215434775026560166e-01,-9.750879220848438500e-01,0.000000000000000000e+00,6.228525717527633176e-01,2.957049719865350035e-01,2.880326226235300699e-02,1.000000000000000000e+00
9.996564463756912877e-01,2.033461959265042002e-02,1.594488528509484249e-02,0.000000000000000000e+00,2.336054438849713769e-02,-9.749287243133234471e-01,-2.212442414524654621e-01,0.000000000000000000e+00,1.104642186117073266e-02,2.215449788192931091e-01,-9.750875852578700931e-01,0.000000000000000000e+00,6.228510938244862238e-01,2.957082581947886868e-01,2.880427343125334730e-02,1.000000000000000000e+00
9.996565525787374229e-01,2.033329684644675714e-02,1.593991301596220031e-02,0.000000000000000000e+00,2.335814492335225659e-02,-9.749289352875132320e-01,-2.212435651179575635e-01,0.000000000000000000e+00,1.104188393080010946e-02,2.215441717961656731e-01,-9.750878200154126096e-01,0.000000000000000000e+00,6.228493653075141134e-01,2.957083538681531953e-01,2.880182903008952564e-02,1.000000000000000000e+00
9.996569757062622186e-01,2.031612804054008445e-02,1.593526794433704555e-02,0.000000000000000000e+00,2.334020285041451398e-02,-9.749327454524396863e-01,-2.212286682974843044e-01,0.000000000000000000e+00,1.104151715854365459e-02,2.215289789954015265e-01,-9.750912759142563724e-01,0.000000000000000000e+00,6.228539060478968103e-01,2.956914640046466869e-01,2.879497277881079564e-02,1.000000000000000000e+00
9.996578379884395460e-01,2.027151821619475533e-02,1.593798603016607918e-02,0.000000000000000000e+00,2.329708210819587608e-02,-9.749381097114167005e-01,-2.212095728009575435e-01,0.000000000000000000e+00,1.105450892177822254e-02,2.215094566011867327e-01,-9.750955637622117367e-01,0.000000000000000000e+00,6.228682379364404165e-01,2.956588876540627298e-01,2.879150262084839706e-02,1.000000000000000000e+00
9.996581587586372830e-01,2.031353548893549688e-02,1.586419882752566207e-02,0.000000000000000000e+00,2.332161362466651441e-02,-9.749395247028983524e-01,-2.212007513803618819e-01,0.000000000000000000e+00,1.097347642478184275e-02,2.214993791058682271e-01,-9.750987682644614019e-01,0.000000000000000000e+00,6.228304143608626164e-01,2.956781834805883857e-01,2.875426900818678355e-02,1.000000000000000000e+00
9.996622645819561725e-01,2.022641591142579701e-02,1.571609911718138339e-02,0.000000000000000000e+00,2.320270650730877487e-02,-9.749654463025542173e-01,-2.210989819696265180e-01,0.000000000000000000e+00,1.085082253496563905e-02,2.213932275534595540e-01,-9.751242476955317429e-01,0.000000000000000000e+00,6.228099075115895999e-01,2.955867559686939927e-01,2.866492449704895196e-02,1.000000000000000000e+00
9.996690936407286454e-01,2.008674973490437790e-02,1.545873881724355373e-02,0.000000000000000000e+00,2.300692391264405959e-02,-9.750237183856731438e-01,-2.208623483952428801e-01,0.000000000000000000e+00,1.063643506939835129e-02,2.211491794743890849e-01,-9.751819864347468503e-01,0.000000000000000000e+00,6.227695811243530999e-01,2.954055058826618452e-01,2.848949279831360787e-02,1.000000000000000000e+00
9.997147679171746182e-01,1.962989552184419076e-02,1.287621494536882356e-02,0.000000000000000000e+00,2.196042334292253387e-02,-9.758383803693053693e-01,-2.173429136319356691e-01,0.000000000000000000e+00,8.298845829066234941e-03,2.175678764470670157e-01,-9.760099119866656459e-01,0.000000000000000000e+00,6.224501613475305062e-01,2.938548133968968412e-01,2.749685954832249701e-02,1.000000000000000000e+00
9.998124193654047698e-01,1.807638077518959954e-02,5.396058003276836719e-03,0.000000000000000000e+00,1.880196344868930586e-02,-9.781459385850441723e-01,-2.070211484396348722e-01,0.000000000000000000e+00,1.535968684719341958e-03,2.070877588476601749e-01,-9.783211645138077950e-01,0.000000000000000000e+00,6.212858824654399204e-01,2.894182423742270860e-01,2.474645641788631237e-02,1.000000000000000000e+00
9.998516874796544718e-01,1.662340955811228427e-02,1.006081487182908414e-03,0.000000000000000000e+00,1.650879976557761281e-02,-9.813792114001561595e-01,-1.913192354759865044e-01,0.000000000000000000e+00,-2.193072774613207248e-03,1.913111529683302614e-01,-9.815269905518306803e-01,0.000000000000000000e+00,6.210577153267035078e-01,2.822584483607928352e-01,2.198726395325169281e-02,1.000000000000000000e+00
9.998526613988053535e-01,1.652536951613797420e-02,-1.521366914696880212e-03,0.000000000000000000e+00,1.597566206091713403e-02,-9.832854488906744850e-01,-1.813153361488990811e-01,0.000000000000000000e+00,-4.492327369671303069e-03,1.812678065241826453e-01,-9.834235106568862683e-01,0.000000000000000000e+00,6.209299782641338750e-01,2.778968873929018035e-01,2.085747464627895828e-02,1.000000000000000000e+00
9.998528947767275632e-01,1.594025607130496874e-02,-4.565516858755897488e-03,0.000000000000000000e+00,1.493818636229857222e-02,-9.854589765533924295e-01,-1.691987086822881736e-01,0.000000000000000000e+00,-7.196338866219845025e-03,1.691088739966513932e-01,-9.855711042043122649e-01,0.000000000000000000e+00,6.207531454424723982e-01,2.729162874291320429e-01,1.991496710760165545e-02,1.000000000000000000e+00
9.998648086308028482e-01,1.322091134817059317e-02,-8.736066965171112100e-03,0.000000000000000000e+00,1.171000657489914068e-02,-9.878705798848129715e-01,-1.547751273469587519e-01,0.000000000000000000e+00,-1.067657733355016625e-02,1.546548812696819653e-01,-9.879108656128351429e-01,0.000000000000000000e+00,6.203160973901027386e-01,2.674244235012491200e-01,1.913190217430887907e-02,1.000000000000000000e+00
9.998491329825405227e-01,-2.674781088099245879e-04,-1.680436344320965572e-02,0.000000000000000000e+00,-2.221303460079566885e-03,-9.931952434042961020e-01,-1.163572996903406709e-01,0.000000000000000000e+00,-1.665921155121130939e-02,1.163793134646569083e-01,-9.930651167310162730e-01,0.000000000000000000e+00,6.194809714759523800e-01,2.544223563289086387e-01,1.876941327108478177e-02,1.000000000000000000e+00
9.996957358101421498e-01,-1.425765856412462146e-02,-1.964438536823201464e-02,0.000000000000000000e+00,-1.557855843289514264e-02,-9.974981382965771859e-01,-6.881511108196973481e-02,0.000000000000000000e+00,-1.861445386085203851e-02,6.910153473195855545e-02,-9.974359528336393943e-01,0.000000000000000000e+00,6.190297078170575729e-01,2.408930745641000848e-01,2.152575629968830895e-02,1.000000000000000000e+00
9.996122158491119736e-01,-2.045361909548771076e-02,-1.837972503420610970e-02,0.000000000000000000e+00,-2.123606084305740618e-02,-9.988208926145764055e-01,-4.343502155748568683e-02,0.000000000000000000e+00,-1.746998632970772278e-02,4.380933456908375073e-02,-9.988871516754301849e-01,0.000000000000000000e+00,6.191047247947871757e-01,2.342022130261898205e-01,2.430891174031756322e-02,1.000000000000000000e+00
9.995484074965298449e-01,-2.465054371145989839e-02,-1.661561515829125882e-02,0.000000000000000000e+00,-2.493809387944617359e-02,-9.995292011149321532e-01,-1.732669886082422589e-02,0.000000000000000000e+00,-1.618099153178428895e-02,1.773357745050968548e-02,-9.997118063441359226e-01,0.000000000000000000e+00,6.191047288800897164e-01,2.276412411773444666e-01,2.785624099003580767e-02,1.000000000000000000e+00
9.994873607712997376e-01,-2.761945502097144442e-02,-1.558615616419734701e-02,0.000000000000000000e+00,-2.747089511816406052e-02,-9.995662345809182003e-01,9.666411347560192185e-03,0.000000000000000000e+00,-1.584668153979024510e-02,-9.233468077493832415e-03,-9.998317987298857012e-01,0.000000000000000000e+00,6.187228475854626986e-01,2.211862345319685896e-01,3.204217072171303832e-02,1.000000000000000000e+00
9.992667927515596071e-01,-3.393688109842061401e-02,-1.717299934582216039e-02,0.000000000000000000e+00,-3.280355421409286709e-02,-9.974990275399995276e-01,6.245289255820492269e-02,0.000000000000000000e+00,-1.924987715618951475e-02,-6.184495693670151450e-02,-9.979001170112012931e-01,0.000000000000000000e+00,6.171319704971451880e-01,2.087464144612232453e-01,4.272880407885416149e-02,1.000000000000000000e+00
9.990138258248588699e-01,-3.887111633486128176e-02,-2.100378601273031678e-02,0.000000000000000000e+00,-3.640944585562423674e-02,-9.935794027219039259e-01,1.070283590478663394e-01,0.000000000000000000e+00,-2.502972285683309830e-02,-1.061601181458141641e-01,-9.940339744138410039e-01,0.000000000000000000e+00,6.148546407506232381e-01,1.980901064277506007e-01,5.661993305723059255e-02,1.000000000000000000e+00
9.989404519779014890e-01,-3.954509381288335429e-02,-2.312803188177848385e-02,0.000000000000000000e+00,-3.629785273942969653e-02,-9.912214749008860792e-01,1.270558951132420844e-01,0.000000000000000000e+00,-2.794997728881823060e-02,-1.260842029070959880e-01,-9.916257220074702339e-01,0.000000000000000000e+00,6.136189602663918441e-01,1.931433315222430558e-01,6.454945052990376797e-02,1.000000000000000000e+00
9.988743603315048958e-01,-4.053419596802464164e-02,-2.424331105193671537e-02,0.000000000000000000e+00,-3.653312507558592603e-02,-9.884010484333950464e-01,1.473412539962431489e-01,0.000000000000000000e+00,-2.993504966735799008e-02,-1.462925335056324827e-01,-9.887883430956880826e-01,0.000000000000000000e+00,6.124616115279289952e-01,1.881358954455945864e-01,7.312658509859583378e-02,1.000000000000000000e+00
9.988124865078129577e-01,-4.159463264360536983e-02,-2.498500015072240010e-02,0.000000000000000000e+00,-3.683616429174089296e-02,-9.851710383854510589e-01,1.675167723782077789e-01,0.000000000000000000e+00,-3.158290522005605117e-02,-1.664006961095009507e-01,-9.855522961426930184e-01,0.000000000000000000e+00,6.111584521673515402e-01,1.833109925266783458e-01,8.201741869143543140e-02,1.000000000000000000e+00
9.985155672950712935e-01,-4.643961817578624168e-02,-2.812064427245116946e-02,0.000000000000000000e+00,-3.852288761829655850e-02,-9.710425724920461743e-01,2.357393824518630721e-01,0.000000000000000000e+00,-3.825472618653735085e-02,-2.343106659900502375e-01,-9.714088159614839846e-01,0.000000000000000000e+00,6.046791594185085827e-01,1.671486274937326322e-01,1.124578938923767868e-01,1.000000000000000000e+00
9.983417307953492692e-01,-4.909081949275322099e-02,-2.974267801131453420e-02,0.000000000000000000e+00,-3.971982065810401169e-02,-9.649389120195518421e-01,2.594146850481290900e-01,0.000000000000000000e+00,-4.143554460088638702e-02,-2.578080954329090013e-01,-9.653072472393875447e-01,0.000000000000000000e+00,6.015694972887634107e-01,1.614251553269550610e-01,1.228018658597246071e-01,1.000000000000000000e+00
9.980188929251747609e-01,-5.468932936117738841e-02,-3.079145205477704442e-02,0.000000000000000000e+00,-4.267417952462462111e-02,-9.510561279000651069e-01,3.060259840060046699e-01,0.000000000000000000e+00,-4.602164105522145443e-02,-3.041115689012803824e-01,-9.515241259237656735e-01,0.000000000000000000e+00,5.946652313131792766e-01,1.494640735591180603e-01,1.442765980041385288e-01,1.000000000000000000e+00
9.978948859098640822e-01,-5.781296238081638089e-02,-2.905520533230501398e-02,0.000000000000000000e+00,-4.514974589834395285e-02,-9.438225475864230329e-01,3.273243743047523080e-01,0.000000000000000000e+00,-4.634744198726700737e-02,-3.253297476203513838e-01,-9.444641178650015068e-01,0.000000000000000000e+00,5.912634033480567153e-01,1.434790492320751343e-01,1.554876221776702039e-01,1.000000000000000000e+00
9.977012042074303588e-01,-6.465283754792175430e-02,-1.982585739011353404e-02,0.000000000000000000e+00,-5.299602369588763545e-02,-9.296319348307566788e-01,3.646321901813617261e-01,0.000000000000000000e+00,-4.200606466870124983e-02,-3.627502676954404426e-01,-9.309391676247892322e-01,0.000000000000000000e+00,5.847025070688156578e-01,1.318977245094085926e-01,1.778657370577275409e-01,1.000000000000000000e+00
9.978906780347485128e-01,-6.431124596600761023e-02,-7.681486500543319856e-03,0.000000000000000000e+00,-5.604554729216380815e-02,-9.168463661678707410e-01,3.952624246936469743e-01,0.000000000000000000e+00,-3.246318701733125894e-02,-3.940057616961163411e-01,-9.185344856013524240e-01,0.000000000000000000e+00,5.781362584476076316e-01,1.209652456524113601e-01,1.993308631704488465e-01,1.000000000000000000e+00
9.980771810356345863e-01,-6.180165083987024938e-02,-1.800986017735143729e-03,0.000000000000000000e+00,-5.570693051811015373e-02,-9.115226170919942250e-01,4.074358886048458084e-01,0.000000000000000000e+00,-2.682236642909167912e-02,-4.065599632876570890e-01,-9.132302868995763045e-01,0.000000000000000000e+00,5.747318529757275973e-01,1.158469316753461958e-01,2.094870131209095321e-01,1.000000000000000000e+00
9.981736388053273901e-01,-6.008405517370143945e-02,4.476606887306834072e-03,0.000000000000000000e+00,-5.645372329469181688e-02,-9.067272417210096025e-01,4.178988312359636081e-01,0.000000000000000000e+00,-2.105040030324660180e-02,-4.173963543270554633e-01,-9.084806899662513091e-01,0.000000000000000000e+00,5.711098364395100768e-01,1.108090586169751257e-01,2.191924444039149711e-01,1.000000000000000000e+00
9.983693205171132456e-01,-5.603880172064513304e-02,9.954870823889254774e-03,0.000000000000000000e+00,-5.488694100115858177e-02,-9.016483306311415813e-01,4.289504149418897905e-01,0.000000000000000000e+00,-1.506236458810196813e-02,-4.288055825448962022e-01,-9.032712203714604593e-01,0.000000000000000000e+00,5.674133534827434655e-01,1.054080295286900504e-01,2.286329811463131412e-01,1.000000000000000000e+00
9.989250938526333945e-01,-4.198233533427742081e-02,1.915430219548312774e-02,0.000000000000000000e+00,-4.610431843668810759e-02,-8.904698257120493565e-01,4.526793878884359801e-01,0.000000000000000000e+00,-1.948247233396488507e-03,-4.530846193623992990e-01,-8.914653846504346779e-01,0.000000000000000000e+00,5.602500340193705686e-01,9.372486900571250223e-02,2.471823846634534083e-01,1.000000000000000000e+00
9.996154761331194072e-01,-1.982425142947366256e-02,1.888506901301596763e-02,0.000000000000000000e+00,-2.641923520915864451e-02,-8.794665481523804562e-01,4.752066514613491610e-01,0.000000000000000000e+00,7.188308714186428770e-03,-4.755320077070810947e-01,-8.796690501909807391e-01,0.000000000000000000e+00,5.523210352871597006e-01,8.172642477639648073e-02,2.648852932820883743e-01,1.000000000000000000e+00
9.998807444767422448e-01,-7.107986998940671666e-03,1.298923579995367450e-02,0.000000000000000000e+00,-1.250767605439289873e-02,-8.749592974298785464e-01,4.840150129716433991e-01,0.000000000000000000e+00,7.924832787772543088e-03,-4.841290776465465018e-01,-8.749607038046852692e-01,0.000000000000000000e+00,5.477964150389054154e-01,7.573141283210527153e-02,2.732320817376270305e-01,1.000000000000000000e+00
9.999742186653065579e-01,1.766262349434213333e-03,5.402705177099913561e-03,0.000000000000000000e+00,-1.098333295547007172e-03,-8.725311872661053458e-01,4.885374784120262159e-01,0.000000000000000000e+00,5.577021491976191271e-03,-4.885402231479470947e-01,-8.725235510849160825e-01,0.000000000000000000e+00,5.429407316602375966e-01,7.016734515002405470e-02,2.812830813330522428e-01,1.000000000000000000e+00
9.999403106505585503e-01,8.163091315605216364e-03,-5.786706960424810829e-03,0.000000000000000000e+00,9.951419487271108422e-03,-8.716812773106290546e-01,4.899525149823263925e-01,0.000000000000000000e+00,-1.044657107460796605e-03,-4.899902898153196684e-01,-8.717272650194135553e-01,0.000000000000000000e+00,5.374578144024982906e-01,6.478196048752551950e-02,2.889534553247656290e-01,1.000000000000000000e+00
9.991631839142554039e-01,1.517164034565816888e-02,-3.772930082519517642e-02,0.000000000000000000e+00,3.161531126116762930e-02,-8.733401890730602135e-01,4.860639187852758281e-01,0.000000000000000000e+00,-2.557662018465412662e-02,-4.868593698201358899e-01,-8.731058300791892934e-01,0.000000000000000000e+00,5.251881915160014902e-01,5.379996592374205328e-02,3.040041165994702421e-01,1.000000000000000000e+00
9.965416271233651369e-01,2.283046674611772034e-02,-7.977657613409232240e-02,0.000000000000000000e+00,5.800631247673383728e-02,-8.791382581068304392e-01,4.730031054305540716e-01,0.000000000000000000e+00,-5.933690093012575911e-02,-4.760039938756465139e-01,-8.774390748094375025e-01,0.000000000000000000e+00,5.121424785017453241e-01,4.322633306956201460e-02,3.186840595460183612e-01,1.000000000000000000e+00
9.946102830596496025e-01,2.576534724341052185e-02,-1.003358291670456287e-01,0.000000000000000000e+00,6.975063888508185872e-02,-8.826728888486470304e-01,4.647624840366477716e-01,0.000000000000000000e+00,-7.659042400198608214e-02,-4.692650687973908830e-01,-8.797296187794156896e-01,0.000000000000000000e+00,5.062159809481233674e-01,3.825767352722792697e-02,3.253729735614475649e-01,1.000000000000000000e+00
9.883167815716128457e-01,3.512764312771946701e-02,-1.482455222036370979e-01,0.000000000000000000e+00,9.762025845673774627e-02,-8.930618312421424454e-01,4.391942595463640964e-01,0.000000000000000000e+00,-1.169668102930940812e-01,-4.485434591236939772e-01,-8.860742240733618935e-01,0.000000000000000000e+00,4.930206759106476322e-01,2.822097937580276064e-02,3.403130131457890450e-01,1.000000000000000000e+00
9.795085663518042773e-01,5.174602027943474986e-02,-1.945920469337866499e-01,0.000000000000000000e+00,1.280994297636076085e-01,-9.057577113858051865e-01,4.039483274635445320e-01,0.000000000000000000e+00,-1.553535197765174292e-01,-4.206060753330979063e-01,-8.938432822849514681e-01,0.000000000000000000e+00,4.809013583829729321e-01,1.998337437041334402e-02,3.525856293791851392e-01,1.000000000000000000e+00
9.742947963811554590e-01,6.082024542734374567e-02,-2.168669970096158695e-01,0.000000000000000000e+00,1.422064765753432991e-01,-9.127727851512548174e-01,3.828888972123061230e-01,0.000000000000000000e+00,-1.746662590347392574e-01,-4.038943278936783510e-01,-8.979760964803702450e-01,0.000000000000000000e+00,4.749682113867709221e-01,1.607692332009021466e-02,3.577851360903916977e-01,1.000000000000000000e+00
9.688531207982310489e-01,6.986514736711577078e-02,-2.375357623687591735e-01,0.000000000000000000e+00,1.547190079042651822e-01,-9.198191041100877152e-01,3.605212770537183919e-01,0.000000000000000000e+00,-1.933057817211124019e-01,-3.860508945591479835e-01,-9.019964421012265365e-01,0.000000000000000000e+00,4.692607187993447226e-01,1.257418265756122394e-02,3.622564322528352143e-01,1.000000000000000000e+00
9.574940391350940105e-01,8.605791116518438089e-02,-2.752815792018351582e-01,0.000000000000000000e+00,1.749524581541709312e-01,-9.320925085774497409e-01,3.171370992817110768e-01,0.000000000000000000e+00,-2.293001561447899350e-01,-3.518248448352511160e-01,-9.075465370704834944e-01,0.000000000000000000e+00,4.586123660061542373e-01,4.741757186556864664e-03,3.691508080367068567e-01,1.000000000000000000e+00
9.516586687733135097e-01,9.195313874194757653e-02,-2.930377882207637619e-01,0.000000000000000000e+00,1.822241553726702268e-01,-9.370857813108104395e-01,2.977336772436620649e-01,0.000000000000000000e+00,-2.472287585164213986e-01,-3.367458817872207022e-01,-9.085593827933186040e-01,0.000000000000000000e+00,4.535835347686362207e-01,2.345621223314172754e-04,3.717326393728564993e-01,1.000000000000000000e+00
9.381490623136159446e-01,1.016124151225987482e-01,-3.309561917750504234e-01,0.000000000000000000e+00,1.947381974300630703e-01,-9.452621365444523471e-01,2.617962463029511744e-01,0.000000000000000000e+00,-2.862441191693310127e-01,-3.100596848106726422e-01,-9.066020604962687912e-01,0.000000000000000000e+00,4.435500968919618980e-01,-9.089268228469718144e-03,3.749589555418608722e-01,1.000000000000000000e+00
9.203082902234955842e-01,1.100275763125556083e-01,-3.753762516434671070e-01,0.000000000000000000e+00,2.055424269470969290e-01,-9.524829963214217488e-01,2.247425178831820025e-01,0.000000000000000000e+00,-3.328180301546200814e-01,-2.839936159118403580e-01,-8.992106454693009621e-01,0.000000000000000000e+00,4.325177508671060878e-01,-1.820241958938312310e-02,3.760045465234743145e-01,1.000000000000000000e+00
9.102026741089410677e-01,1.153828309438006128e-01,-3.977419279753333647e-01,0.000000000000000000e+00,2.104497419185420992e-01,-9.560168688327714825e-01,2.042630645388704702e-01,0.000000000000000000e+00,-3.566864092614118187e-01,-2.696306648833877717e-01,-8.944686187914826503e-01,0.000000000000000000e+00,4.270607741665068957e-01,-2.215943828853319045e-02,3.758736926322489569e-01,1.000000000000000000e+00
8.994510682703565907e-01,1.228469551174823232e-01,-4.193770955916474308e-01,0.000000000000000000e+00,2.159833324755483785e-01,-9.592287591996515594e-01,1.822419669512534424e-01,0.000000000000000000e+00,-3.798980145205516634e-01,-2.545010944625108462e-01,-8.893293492743432616e-01,0.000000000000000000e+00,4.218380175235439400e-01,-2.596199942291240598e-02,3.754660617942187639e-01,1.000000000000000000e+00
8.758002287879005365e-01,1.465986985104447693e-01,-4.598516366735179162e-01,0.000000000000000000e+00,2.311934416044407192e-01,-9.637539679688630345e-01,1.330737715876941785e-01,0.000000000000000000e+00,-4.236835550217878943e-01,-2.228650129542684433e-01,-8.779655068423778408e-01,0.000000000000000000e+00,4.121255294086832999e-01,-3.310056002691687954e-02,3.741190690303886068e-01,1.000000000000000000e+00
8.517461224821631927e-01,1.792016537239639606e-01,-4.923373406927455953e-01,0.000000000000000000e+00,2.478215751747217532e-01,-9.657124613653613743e-01,7.723118374583792800e-02,0.000000000000000000e+00,-4.616252369724465066e-01,-1.877967922482286500e-01,-8.669685723320126325e-01,0.000000000000000000e+00,4.037718335735147046e-01,-3.950440346373430139e-02,3.723454295971392325e-01,1.000000000000000000e+00
8.398465529151591946e-01,2.008884699830600362e-01,-5.042641540756177543e-01,0.000000000000000000e+00,2.586841797046876001e-01,-9.648337530247990124e-01,4.646580566182417771e-02,0.000000000000000000e+00,-4.772058193775042811e-01,-1.694725686371445772e-01,-8.622955725456166176e-01,0.000000000000000000e+00,4.004143935307726276e-01,-4.234438418171474622e-02,3.712525302188239285e-01,1.000000000000000000e+00
8.279676284639413408e-01,2.256390637558015611e-01,-5.133589056638742099e-01,0.000000000000000000e+00,2.710763025173533736e-01,-9.624434611271466267e-01,1.417636230939249911e-02,0.000000000000000000e+00,-4.908896319952096854e-01,-1.508999083841149336e-01,-8.580539533440034727e-01,0.000000000000000000e+00,3.975226600004543864e-01,-4.537481055644027039e-02,3.700141686979027678e-01,1.000000000000000000e+00
8.161718620256739332e-01,2.523003343444580326e-01,-5.197968640040330213e-01,0.000000000000000000e+00,2.847762586423892017e-01,-9.584140353238282950e-01,-1.804899745544921025e-02,0.000000000000000000e+00,-5.027440574523734940e-01,-1.332972887100728754e-01,-8.540961570683174298e-01,0.000000000000000000e+00,3.951023488965493824e-01,-4.835251812334734334e-02,3.686210061031139351e-01,1.000000000000000000e+00
7.920324905784709157e-01,3.085711838408314311e-01,-5.267343782897984106e-01,0.000000000000000000e+00,3.139435934574940079e-01,-9.458796127547802746e-01,-8.204831017803489168e-02,0.000000000000000000e+00,-5.235551340238786544e-01,-1.003818887222549805e-01,-8.460576210009522757e-01,0.000000000000000000e+00,3.909935867047302782e-01,-5.522863000099852149e-02,3.654676003761326286e-01,1.000000000000000000e+00
7.669540847582529963e-01,3.665865997980426449e-01,-5.266654000618880005e-01,0.000000000000000000e+00,3.454017867259523977e-01,-9.275427234050941383e-01,-1.426283593328795951e-01,0.000000000000000000e+00,-5.408007168688793165e-01,-7.252316369102995708e-02,-8.380184815159809064e-01,0.000000000000000000e+00,3.879322969140559518e-01,-6.319656755419110483e-02,3.619499790892175550e-01,1.000000000000000000e+00
7.541997665303683540e-01,3.941360810703494755e-01,-5.251858801084172690e-01,0.000000000000000000e+00,3.606679446403491252e-01,-9.170139128662621042e-01,-1.702494176783626023e-01,0.000000000000000000e+00,-5.487147616481048429e-01,-6.101681563066274627e-02,-8.337799821054455718e-01,0.000000000000000000e+00,3.866783530799959290e-01,-6.758545550599592833e-02,3.601398478309869589e-01,1.000000000000000000e+00
7.401065839224330034e-01,4.220017706561939308e-01,-5.235814138211095647e-01,0.000000000000000000e+00,3.765036976152100201e-01,-9.051440140248379063e-01,-1.973322742439430066e-01,0.000000000000000000e+00,-5.572018795762309074e-01,-5.108440645104191796e-02,-8.288042282796705962e-01,0.000000000000000000e+00,3.854394356201424343e-01,-7.197033155785799441e-02,3.583573434567698390e-01,1.000000000000000000e+00
7.242843582249313128e-01,4.503529948900505953e-01,-5.220872487673584583e-01,0.000000000000000000e+00,3.921106814245647887e-01,-8.918752944161036922e-01,-2.253628621227549977e-01,0.000000000000000000e+00,-5.671404778109059297e-01,-4.148998972780300332e-02,-8.225753820658652238e-01,0.000000000000000000e+00,3.838044455038499003e-01,-7.636659753353161606e-02,3.567902360924591343e-01,1.000000000000000000e+00
6.876901953498001374e-01,5.063173284716795397e-01,-5.202938640905385714e-01,0.000000000000000000e+00,4.185260661423949591e-01,-8.620739940280187641e-01,-2.857360804679027755e-01,0.000000000000000000e+00,-5.932163596484562040e-01,-2.125905248301842437e-02,-8.047623272326791533e-01,0.000000000000000000e+00,3.792000609656548393e-01,-8.453106884417883882e-02,3.550516107767182628e-01,1.000000000000000000e+00
6.489207874512139540e-01,5.600240162562758472e-01,-5.150297658690174973e-01,0.000000000000000000e+00,4.397833709419776693e-01,-8.284633902166970154e-01,-3.467271904751280109e-01,0.000000000000000000e+00,-6.208708133365998805e-01,-1.503074034299788347e-03,-7.839114579563154495e-01,0.000000000000000000e+00,3.750461684826279507e-01,-9.162921717298544433e-02,3.548681708839259152e-01,1.000000000000000000e+00
6.275974983170820032e-01,5.890847193975571328e-01,-5.090003147146865414e-01,0.000000000000000000e+00,4.502927976161087975e-01,-8.080065299895502484e-01,-3.799244540833249806e-01,0.000000000000000000e+00,-6.350954960384757042e-01,9.240639142760083413e-03,-7.723783538524857661e-01,0.000000000000000000e+00,3.734893305713833378e-01,-9.547150939716031459e-02,3.553068318291087158e-01,1.000000000000000000e+00
6.080650841475188084e-01,6.151739873738270026e-01,-5.017953423463251683e-01,0.000000000000000000e+00,4.589067537381075201e-01,-7.881475173830558845e-01,-4.101326969624415897e-01,0.000000000000000000e+00,-6.478041920855115432e-01,1.911046922881354249e-02,-7.615671465355450254e-01,0.000000000000000000e+00,3.723566197898960373e-01,-9.894979790003251285e-02,3.561520978012764904e-01,1.000000000000000000e+00
5.880979131286666606e-01,6.409509801253798766e-01,-4.932579776863526000e-01,0.000000000000000000e+00,4.668319446854193311e-01,-7.670376453692154817e-01,-4.401158176081464979e-01,0.000000000000000000e+00,-6.604528181921012209e-01,2.856316284474664721e-02,-7.503240770963008899e-01,0.000000000000000000e+00,3.714530418736014528e-01,-1.021412660967007391e-01,3.574187807532219208e-01,1.000000000000000000e+00
5.287425188139901477e-01,7.109551722019082920e-01,-4.636322236631106875e-01,0.000000000000000000e+00,4.816067892347099533e-01,-7.010893423581084916e-01,-5.258415935394583629e-01,0.000000000000000000e+00,-6.989108676697510791e-01,5.474743609887171986e-02,-7.131103121493306274e-01,0.000000000000000000e+00,3.693976027089614922e-01,-1.114070444104179602e-01,3.624855768543527312e-01,1.000000000000000000e+00
5.099653429538948402e-01,7.317811477238800322e-01,-4.521199483799026031e-01,0.000000000000000000e+00,4.843226269392409966e-01,-6.786446006505493234e-01,-5.521357133384305893e-01,0.000000000000000000e+00,-7.108849545588254992e-01,6.259936255044913633e-02,-7.005168814455323689e-01,0.000000000000000000e+00,3.691097343762936855e-01,-1.143532341230011212e-01,3.643954884963227503e-01,1.000000000000000000e+00
4.754775648407397748e-01,7.684471306495405107e-01,-4.282415669114997270e-01,0.000000000000000000e+00,4.856089898194495547e-01,-6.351738494076822894e-01,-6.005987320469209356e-01,0.000000000000000000e+00,-7.335503399619274223e-01,7.761476217819826551e-02,-6.751887494869581730e-01,0.000000000000000000e+00,3.691949737476448723e-01,-1.203593004086125906e-01,3.674307691214542815e-01,1.000000000000000000e+00
4.573616811185945985e-01,7.866070133340238302e-01,-4.147896408052016981e-01,0.000000000000000000e+00,4.859638347551162307e-01,-6.117093797045091152e-01,-6.242047204185779963e-01,0.000000000000000000e+00,-7.447488634457058998e-01,8.391617147674976240e-02,-6.620477373732305271e-01,0.000000000000000000e+00,3.694629768603189257e-01,-1.232737955531753860e-01,3.687982899305591866e-01,1.000000000000000000e+00
4.211417416952683568e-01,8.187851367042857653e-01,-3.901426408574538152e-01,0.000000000000000000e+00,4.843249297121693941e-01,-5.667046787749194792e-01,-6.665252556468704848e-01,0.000000000000000000e+00,-7.668513967909049711e-01,9.174756636095961204e-02,-6.352332794388840798e-01,0.000000000000000000e+00,3.703755186456412773e-01,-1.295354309592780251e-01,3.714699331447322006e-01,1.000000000000000000e+00
3.853085632275777273e-01,8.436253126615712583e-01,-3.739176244059301268e-01,0.000000000000000000e+00,4.781900839077072862e-01,-5.290965206708899693e-01,-7.009792167871361501e-01,0.000000000000000000e+00,-7.892175199048921952e-01,9.129135232482703255e-02,-6.072903714582306156e-01,0.000000000000000000e+00,3.718274004380419107e-01,-1.364249740688166235e-01,3.746024178695481210e-01,1.000000000000000000e+00
3.664502374088611236e-01,8.543758939017890297e-01,-3.684247580222000384e-01,0.000000000000000000e+00,4.737962460656371388e-01,-5.121376939931563399e-01,-7.163887537550340801e-01,0.000000000000000000e+00,-8.007649050599481289e-01,8.796425516650611953e-02,-5.924844779716463838e-01,0.000000000000000000e+00,3.727167430049079244e-01,-1.401756286598347945e-01,3.761598888344033220e-01,1.000000000000000000e+00
3.474058520588531596e-01,8.643907436279016920e-01,-3.634811730844855204e-01,0.000000000000000000e+00,4.691123023356858490e-01,-4.958418195096203074e-01,-7.307908625071261044e-01,0.000000000000000000e+00,-8.119336555375955555e-01,8.336913741901237629e-02,-5.777658054362228013e-01,0.000000000000000000e+00,3.737571820421933255e-01,-1.438458110584599769e-01,3.780101353925577334e-01,1.000000000000000000e+00
3.104134331557806270e-01,8.819217045350052908e-01,-3.547370215916589298e-01,0.000000000000000000e+00,4.584900486635445915e-01,-4.657994950199033091e-01,-7.568344948645719938e-01,0.000000000000000000e+00,-8.327211257462119320e-01,7.228959138795679196e-02,-5.489533146934477692e-01,0.000000000000000000e+00,3.764840757121720727e-01,-1.509069653515677234e-01,3.815341992702234730e-01,1.000000000000000000e+00
2.760291943440338347e-01,9.004153173950310007e-01,-3.362155364812832725e-01,0.000000000000000000e+00,4.517419505197327600e-01,-4.302997844785497739e-01,-7.815062715804329541e-01,0.000000000000000000e+00,-8.483700242094270871e-01,6.383711333631306162e-02,-5.255407928827057207e-01,0.000000000000000000e+00,3.805970705316494840e-01,-1.566470769574919153e-01,3.838452857016110831e-01,1.000000000000000000e+00
2.593639341262011233e-01,9.115769682552501418e-01,-3.189647747359486418e-01,0.000000000000000000e+00,4.513884836733780825e-01,-4.063944177451245809e-01,-7.944008817554634172e-01,0.000000000000000000e+00,-8.537994895658843619e-01,6.206310685926728909e-02,-5.168893521673766367e-01,0.000000000000000000e+00,3.833479156825914669e-01,-1.588538578962681580e-01,3.843188973054629809e-01,1.000000000000000000e+00
2.437904577684634200e-01,9.222479686644806662e-01,-3.000094063466856587e-01,0.000000000000000000e+00,4.524978205518473962e-01,-3.817758659553368017e-01,-8.058992849426589444e-01,0.000000000000000000e+00,-8.577918445404028036e-01,6.071812208652234422e-02,-5.103983357048293978e-01,0.000000000000000000e+00,3.864617407051081366e-01,-1.609805515825926125e-01,3.843378285473836309e-01,1.000000000000000000e+00
2.281373233685902446e-01,9.324052238170787987e-01,-2.802759482831997939e-01,0.000000000000000000e+00,4.534909243756277686e-01,-3.564976595833544426e-01,-8.168452406188930759e-01,0.000000000000000000e+00,-8.615650768011797744e-01,5.925142870757290486e-02,-5.041774356639618926e-01,0.000000000000000000e+00,3.896551979300668656e-01,-1.631841048033641772e-01,3.840018558255066106e-01,1.000000000000000000e+00
1.977294164038575497e-01,9.486527570011694666e-01,-2.468638722532688623e-01,0.000000000000000000e+00,4.508344207234391554e-01,-3.116290542328333246e-01,-8.364307529916146233e-01,0.000000000000000000e+00,-8.704290533571559241e-01,5.409327526959616106e-02,-4.893129679891727868e-01,0.000000000000000000e+00,3.952693202566319730e-01,-1.685709877664095246e-01,3.838990994549344449e-01,1.000000000000000000e+00
1.678586108386941056e-01,9.592015514783756025e-01,-2.274568471380656320e-01,0.000000000000000000e+00,4.349471694284835488e-01,-2.791212647897506338e-01,-8.560917160266930948e-01,0.000000000000000000e+00,-8.846695777096325042e-01,4.477151636335320595e-02,-4.640638421570748573e-01,0.000000000000000000e+00,3.987578900624119682e-01,-1.750599180135123112e-01,3.857769819983467019e-01,1.000000000000000000e+00
1.551855373686861217e-01,9.618541704813128312e-01,-2.252437582276272943e-01,0.000000000000000000e+00,4.227639306642423378e-01,-2.707348239564188463e-01,-8.648433736393051907e-01,0.000000000000000000e+00,-8.928517251416033806e-01,3.898699771258347380e-02,-4.486600170742001126e-01,0.000000000000000000e+00,4.000736857822274617e-01,-1.784228963314606620e-01,3.870058982100531009e-01,1.000000000000000000e+00
1.435196846439177054e-01,9.639566777261562303e-01,-2.239874337726780185e-01,0.000000000000000000e+00,4.095738587337158232e-01,-2.638936924746236312e-01,-8.732640609891668682e-01,0.000000000000000000e+00,-9.009149393792866833e-01,3.359183183275066265e-02,-4.326937263669720646e-01,0.000000000000000000e+00,4.012038166247615667e-01,-1.814798893116018885e-01,3.885403343630529638e-01,1.000000000000000000e+00
1.320069394665590035e-01,9.664339616782366971e-01,-2.203640454992346065e-01,0.000000000000000000e+00,3.959658626394987890e-01,-2.552145254094805860e-01,-8.820755798373398626e-01,0.000000000000000000e+00,-9.087253981910944356e-01,2.918402018450722002e-02,-4.163729621965227556e-01,0.000000000000000000e+00,4.021780072298961617e-01,-1.842571694882851607e-01,3.898792699447574117e-01,1.000000000000000000e+00
1.081840847026076108e-01,9.739154366856120904e-01,-1.994133217810202252e-01,0.000000000000000000e+00,3.747671871895217888e-01,-2.257457284720696955e-01,-8.992047421938323959e-01,0.000000000000000000e+00,-9.207838126976830573e-01,2.254650639260710049e-02,-3.894211413411016176e-01,0.000000000000000000e+00,4.044778561171925024e-01,-1.888840058946812950e-01,3.915652859528817031e-01,1.000000000000000000e+00
8.343224525222170396e-02,9.833170049331328988e-01,-1.615780776055790735e-01,0.000000000000000000e+00,3.663885455131520308e-01,-1.810559651434995310e-01,-9.126658304680421718e-01,0.000000000000000000e+00,-9.267123477919384511e-01,1.694572881800398070e-02,-3.753892203097736746e-01,0.000000000000000000e+00,4.080257576980892420e-01,-1.928854523117375652e-01,3.908832194244640790e-01,1.000000000000000000e+00
7.515290379193238779e-02,9.871123306424876009e-01,-1.412162690570937240e-01,0.000000000000000000e+00,3.688590684765304939e-01,-1.590911514303068874e-01,-9.157585599056192738e-01,0.000000000000000000e+00,-9.264406620728203867e-01,1.673333565965938116e-02,-3.760687372486251623e-01,0.000000000000000000e+00,4.104521637754508512e-01,-1.942288415062963236e-01,3.894351210443262601e-01,1.000000000000000000e+00
7.046774902565713927e-02,9.893673601712443810e-01,-1.271505795356378254e-01,0.000000000000000000e+00,3.709287974760156481e-01,-1.443169398247022561e-01,-9.173686254629807024e-01,0.000000000000000000e+00,-9.259823858441067479e-01,1.748142706924711576e-02,-3.771617965993880328e-01,0.000000000000000000e+00,4.125984057525417525e-01,-1.954727743177519794e-01,3.879749886734807918e-01,1.000000000000000000e+00
6.727559626230313061e-02,9.907709486775083674e-01,-1.175911064044798809e-01,0.000000000000000000e+00,3.720235493553084583e-01,-1.342688764310789318e-01,-9.184503766933856950e-01,0.000000000000000000e+00,-9.257806009103065614e-01,1.804298333551272032e-02,-3.776304142021746357e-01,0.000000000000000000e+00,4.142299282266718730e-01,-1.968725939004800640e-01,3.867445024217532890e-01,1.000000000000000000e+00
5.169763835527105278e-02,9.949752724020308747e-01,-8.562889931676255506e-02,0.000000000000000000e+00,3.679242962032788777e-01,-9.868861858720316682e-02,-9.245934326642601953e-01,0.000000000000000000e+00,-9.284160751973806747e-01,1.629465811441681289e-02,-3.711846918072267409e-01,0.000000000000000000e+00,4.151295281895244771e-01,-2.021457386932740408e-01,3.840792481488262133e-01,1.000000000000000000e+00
4.685736603300712927e-02,9.960905379587829955e-01,-7.475810550461445270e-02,0.000000000000000000e+00,3.647106641408053296e-01,-8.673386921047902820e-02,-9.270620876160129420e-01,0.000000000000000000e+00,-9.299397375415244804e-01,1.617492068359681692e-02,-3.673560350424088239e-01,0.000000000000000000e+00,4.146127280891152567e-01,-2.037850268076625282e-01,3.831028733848572676e-01,1.000000000000000000e+00
