9.996743685570912419e-01,1.969577221829630839e-02,1.561986901079644337e-02,0.000000000000000000e+00,2.266642691802569706e-02,-9.749259086652692918e-01,-2.213288336506958054e-01,0.000000000000000000e+00,1.086918196109190257e-02,2.216150754195800876e-01,-9.750736481057574734e-01,0.000000000000000000e+00,6.229407520987247926e-01,2.953168212850569296e-01,2.868588796435279573e-02,1.000000000000000000e+00
9.996746475700990509e-01,1.969175637786259661e-02,1.560707011458353603e-02,0.000000000000000000e+00,2.265966614298299889e-02,-9.749262173740340653e-01,-2.213281660978888288e-01,0.000000000000000000e+00,1.085761054739203813e-02,2.216140741971741324e-01,-9.750740045816678192e-01,0.000000000000000000e+00,6.229379531877797804e-01,2.953150077614425939e-01,2.867905715121371601e-02,1.000000000000000000e+00
9.996745169441055845e-01,1.969528054889537264e-02,1.561098965080352091e-02,0.000000000000000000e+00,2.266385662950581165e-02,-9.749284681814229803e-01,-2.213178222224980174e-01,0.000000000000000000e+00,1.086089073371348732e-02,2.216038588136740317e-01,-9.750762897390948813e-01,0.000000000000000000e+00,6.229395534786817956e-01,2.953102331461414654e-01,2.867813321490128575e-02,1.000000000000000000e+00
9.996746106628573436e-01,1.969700942524702653e-02,1.560280477909577711e-02,0.000000000000000000e+00,2.266375245077618950e-02,-9.749279840349853732e-01,-2.213199655962770351e-01,0.000000000000000000e+00,1.085247850407071619e-02,2.216058351434632978e-01,-9.750759342434243138e-01,0.000000000000000000e+00,6.229362214677887088e-01,2.953108841841523557e-01,2.867218755189460469e-02,1.000000000000000000e+00
9.996745323234570435e-01,1.968851245523281501e-02,1.561854034108378121e-02,0.000000000000000000e+00,2.265892165326241839e-02,-9.749287452738761850e-01,-2.213171069064148733e-01,0.000000000000000000e+00,1.086976859858784089e-02,2.216032411728725005e-01,-9.750763311824827140e-01,0.000000000000000000e+00,6.229444448112092525e-01,2.953058224957398337e-01,2.867994560194813553e-02,1.000000000000000000e+00
9.996746763172755790e-01,1.969411780207708934e-02,1.560224840068264417e-02,0.000000000000000000e+00,2.266083661325110285e-02,-9.749274904482748694e-01,-2.213224384318605853e-01,0.000000000000000000e+00,1.085251964854117186e-02,2.216082636487206325e-01,-9.750753818551043395e-01,0.000000000000000000e+00,6.229362914628525649e-01,2.953118422940910759e-01,2.867335590913500445e-02,1.000000000000000000e+00
9.996748866930071920e-01,1.968752808000600110e-02,1.559708481192398875e-02,0.000000000000000000e+00,2.265321298731895125e-02,-9.749287396393765404e-01,-2.213177161181089370e-01,0.000000000000000000e+00,1.084905636501347533e-02,2.216033534190074428e-01,-9.750765363444240386e-01,0.000000000000000000e+00,6.229363800983861443e-01,2.953070977334903424e-01,2.867054590390782573e-02,1.000000000000000000e+00
9.996750543860494220e-01,1.963742142480223371e-02,1.564941593932368119e-02,0.000000000000000000e+00,2.261575164448633574e-02,-9.749335409318922174e-01,-2.213003963954095210e-01,0.000000000000000000e+00,1.091158143150360200e-02,2.215866753366514952e-01,-9.750796289041798737e-01,0.000000000000000000e+00,6.229723266845533791e-01,2.952713025568033389e-01,2.868828979812540134e-02,1.000000000000000000e+00
9.996752192843195717e-01,1.958534776150793952e-02,1.570404416439726003e-02,0.000000000000000000e+00,2.257693776956254395e-02,-9.749371833597220149e-01,-2.212883125806005269e-01,0.000000000000000000e+00,1.097665936225292183e-02,2.215752576422241049e-01,-9.750814930814897252e-01,0.000000000000000000e+00,6.230071977979402265e-01,2.952405120984916143e-01,2.871117731322433975e-02,1.000000000000000000e+00
9.996739548536239806e-01,1.945035066103970728e-02,1.595038393537834623e-02,0.000000000000000000e+00,2.250026540546910467e-02,-9.749312578478602775e-01,-2.213222253391664840e-01,0.000000000000000000e+00,1.124594950072302195e-02,2.216132189148719012e-01,-9.750697974104296506e-01,0.000000000000000000e+00,6.231369529404356955e-01,2.952021529099491115e-01,2.882762410593127725e-02,1.000000000000000000e+00
9.996537463016509362e-01,1.915581821367535326e-02,1.749825805180926092e-02,0.000000000000000000e+00,2.255856260965309959e-02,-9.748881411135299491e-01,-2.215061409315795538e-01,0.000000000000000000e+00,1.281595964289222386e-02,2.218284500459601072e-01,-9.750014820135602944e-01,0.000000000000000000e+00,6.239191803714149165e-01,2.948833510639670696e-01,2.956883771534047495e-02,1.000000000000000000e+00
9.996008355058955130e-01,1.716633455304250253e-02,2.200530652223251296e-02,0.000000000000000000e+00,2.161708694388087687e-02,-9.749279715231656818e-01,-2.214247023143412207e-01,0.000000000000000000e+00,1.765287820483789002e-02,2.218162787101050915e-01,-9.749286714371909746e-01,0.000000000000000000e+00,6.260073082267927358e-01,2.937662921333169530e-01,3.211587488240159188e-02,1.000000000000000000e+00
9.995365278935458564e-01,1.603163289893904178e-02,2.550417719348649359e-02,0.000000000000000000e+00,2.128857114482347879e-02,-9.749180935951331506e-01,-2.215000099788966836e-01,0.000000000000000000e+00,2.131388731947166451e-02,2.219445715141275532e-01,-9.748263052373705717e-01,0.000000000000000000e+00,6.274532446104696959e-01,2.931944202528973809e-01,3.424403939159200577e-02,1.000000000000000000e+00
9.994551720703810371e-01,1.513178862810766676e-02,2.900232569791823256e-02,0.000000000000000000e+00,2.117715342544435747e-02,-9.750154284192489307e-01,-2.210818613510209252e-01,0.000000000000000000e+00,2.493283105429764529e-02,2.215798625782088027e-01,-9.748234293632052072e-01,0.000000000000000000e+00,6.289001617027951685e-01,2.925134286776376324e-01,3.689242028033405674e-02,1.000000000000000000e+00
9.993578103016731440e-01,1.447188525306965061e-02,3.248504929156072196e-02,0.000000000000000000e+00,2.126870090823661588e-02,-9.753004911106527564e-01,-2.198120590463669699e-01,0.000000000000000000e+00,2.850213838653893952e-02,2.203660555332883630e-01,-9.750007331669522381e-01,0.000000000000000000e+00,6.303057129536637770e-01,2.916110500048256227e-01,3.982221287207508842e-02,1.000000000000000000e+00
9.990809833420389863e-01,1.399771578915399821e-02,4.027405589456696522e-02,0.000000000000000000e+00,2.235091429146943143e-02,-9.763199381495615281e-01,-2.151291749232999151e-01,0.000000000000000000e+00,3.630974578660677715e-02,2.158357851070946409e-01,-9.757543319033309404e-01,0.000000000000000000e+00,6.329783370988633084e-01,2.892920791187981178e-01,4.645922586497523016e-02,1.000000000000000000e+00
9.986837315087004896e-01,1.547912583264278615e-02,4.870264863971154184e-02,0.000000000000000000e+00,2.533543447135765819e-02,-9.776190350475311153e-01,-2.088058547409283594e-01,0.000000000000000000e+00,4.438135874597087804e-02,2.097689516390763287e-01,-9.767432016267656447e-01,0.000000000000000000e+00,6.349262702612225029e-01,2.868232523267164047e-01,5.372154466131724010e-02,1.000000000000000000e+00
9.984278984693586434e-01,1.660893975325523908e-02,5.335374007079009273e-02,0.000000000000000000e+00,2.724326381953789261e-02,-9.783174928430725670e-01,-2.052643044343374079e-01,0.000000000000000000e+00,4.878861408601938010e-02,2.063991119461505153e-01,-9.772507752483016175e-01,0.000000000000000000e+00,6.358731151530778725e-01,2.856419604458491635e-01,5.771721334980799839e-02,1.000000000000000000e+00
9.981621268095788313e-01,1.775773623854868741e-02,5.777350870311438735e-02,0.000000000000000000e+00,2.906971685158767429e-02,-9.790880126935050942e-01,-2.013016688039616642e-01,0.000000000000000000e+00,5.299170813805473279e-02,2.026150623710146204e-01,-9.778236115828872199e-01,0.000000000000000000e+00,6.366845588421836677e-01,2.844434032959334835e-01,6.181792259343359824e-02,1.000000000000000000e+00
9.972591299266061471e-01,2.100183422771804628e-02,7.080888106945526506e-02,0.000000000000000000e+00,3.406097505417576138e-02,-9.814511898616877783e-01,-1.886111311631537557e-01,0.000000000000000000e+00,6.553554263047731143e-02,1.905096599912651789e-01,-9.794953609395714578e-01,0.000000000000000000e+00,6.390217894601152304e-01,2.808253415463998759e-01,7.438617402985282789e-02,1.000000000000000000e+00
9.969395816053944204e-01,2.213036746382086167e-02,7.484961165955057727e-02,0.000000000000000000e+00,3.560840821888114349e-02,-9.823001585131941882e-01,-1.838455513475356073e-01,0.000000000000000000e+00,6.945755306304886301e-02,1.859517627150812646e-01,-9.801008061753890832e-01,0.000000000000000000e+00,6.396719489839757244e-01,2.794687637438262318e-01,7.867351122573222610e-02,1.000000000000000000e+00
9.966158784702290330e-01,2.337706672092592503e-02,7.868322841462009609e-02,0.000000000000000000e+00,3.717615055318555795e-02,-9.831777409649670174e-01,-1.787741882998751808e-01,0.000000000000000000e+00,7.318179161291472890e-02,1.810978209600727085e-01,-9.807384996113068798e-01,0.000000000000000000e+00,6.401537418756526598e-01,2.780199745855604365e-01,8.293824870763312485e-02,1.000000000000000000e+00
9.963079252345270476e-01,2.439115330219352243e-02,8.219693824388647763e-02,0.000000000000000000e+00,3.842729172679629213e-02,-9.840252984465021058e-01,-1.737765869414648889e-01,0.000000000000000000e+00,7.664673100149205220e-02,1.762969907783156487e-01,-9.813483834343925682e-01,0.000000000000000000e+00,6.405499307325293046e-01,2.764436296062642295e-01,8.698963820927216317e-02,1.000000000000000000e+00
9.956894363029343831e-01,2.630590662525205195e-02,8.883294778727501839e-02,0.000000000000000000e+00,4.055758246119471611e-02,-9.858388670446289748e-01,-1.626577930204207156e-01,0.000000000000000000e+00,8.329771562692515896e-02,1.655626834426360272e-01,-9.826751693324753401e-01,0.000000000000000000e+00,6.411452659069757365e-01,2.727297171189868585e-01,9.530119435379642845e-02,1.000000000000000000e+00
9.948026671246258390e-01,2.843563630672645004e-02,9.767197638407364157e-02,0.000000000000000000e+00,4.315381211438096276e-02,-9.874195799599853052e-01,-1.520561360578757126e-01,0.000000000000000000e+00,9.212118253010376234e-02,1.554837613649763528e-01,-9.835336738927928923e-01,0.000000000000000000e+00,6.420526296522800491e-01,2.686141423055702360e-01,1.041736083565047155e-01,1.000000000000000000e+00
9.942556313162632664e-01,2.920106131009172004e-02,1.028775219154857562e-01,0.000000000000000000e+00,4.424149534795050048e-02,-9.881221779000783911e-01,-1.470986013957698846e-01,0.000000000000000000e+00,9.736200025431580862e-02,1.508079717245013884e-01,-9.837568787921233682e-01,0.000000000000000000e+00,6.425955986228544248e-01,2.662850209770031285e-01,1.087233408392243722e-01,1.000000000000000000e+00
9.936580212903765030e-01,2.982461435540901401e-02,1.083280942556121701e-01,0.000000000000000000e+00,4.514923911206517038e-02,-9.888419867370298322e-01,-1.418936868742701751e-01,0.000000000000000000e+00,1.028894243929158736e-01,1.458875399504036829e-01,-9.839362743772146480e-01,0.000000000000000000e+00,6.430933416137835090e-01,2.637681296617302995e-01,1.134603466911602299e-01,1.000000000000000000e+00
9.931229169985110738e-01,3.013658372272243896e-02,1.130460302491884256e-01,0.000000000000000000e+00,4.554537505005554210e-02,-9.896097253928828330e-01,-1.363046481987366110e-01,0.000000000000000000e+00,1.077657693344207662e-01,1.405186990855999130e-01,-9.841956279963101073e-01,0.000000000000000000e+00,6.433185882385720200e-01,2.609995528618652139e-01,1.179521842842840562e-01,1.000000000000000000e+00
9.921457934697253123e-01,3.091908829105273829e-02,1.211258906294903903e-01,0.000000000000000000e+00,4.486488883512882581e-02,-9.924396297953090862e-01,-1.141554635695089803e-01,0.000000000000000000e+00,1.166827977033783187e-01,1.186954478554065190e-01,-9.860509699698677410e-01,0.000000000000000000e+00,6.422501703898173542e-01,2.511162517719903176e-01,1.309893115578287248e-01,1.000000000000000000e+00
9.919785591124130608e-01,3.209043236543907690e-02,1.221862893825184510e-01,0.000000000000000000e+00,4.508780851260582589e-02,-9.934250651377648511e-01,-1.051402700242227289e-01,0.000000000000000000e+00,1.180111978459245370e-01,1.098081197284405952e-01,-9.869222532827369720e-01,0.000000000000000000e+00,6.413952947720139575e-01,2.474642964859339878e-01,1.350852203891459435e-01,1.000000000000000000e+00
9.918172259245511269e-01,3.392210179340484494e-02,1.229984888950029637e-01,0.000000000000000000e+00,4.583600726147082222e-02,-9.943769820060547326e-01,-9.536364609255083835e-02,0.000000000000000000e+00,1.190742234163635060e-01,1.002229961549517961e-01,-9.878140920029006011e-01,0.000000000000000000e+00,6.404099937791408736e-01,2.435908709774213532e-01,1.392838173472580598e-01,1.000000000000000000e+00
9.912874460340790339e-01,4.186335102124826707e-02,1.248094791180269503e-01,0.000000000000000000e+00,5.147961771820844246e-02,-9.958559032688826251e-01,-7.484394287658582834e-02,0.000000000000000000e+00,1.211613710429911561e-01,8.061855741490642213e-02,-9.893536123991876208e-01,0.000000000000000000e+00,6.382455760547225410e-01,2.354488296554694271e-01,1.474722257379477153e-01,1.000000000000000000e+00
9.903190692499692638e-01,5.364292155572369242e-02,1.279504784987118282e-01,0.000000000000000000e+00,6.100678394730629089e-02,-9.966473028513943566e-01,-5.434218373102254335e-02,0.000000000000000000e+00,1.246088249012524685e-01,6.162313444753774599e-02,-9.902904776163353739e-01,0.000000000000000000e+00,6.359445802643726164e-01,2.273134231296411734e-01,1.559502541522199415e-01,1.000000000000000000e+00
9.887855737563254754e-01,7.158389004589080229e-02,1.309945904168582365e-01,0.000000000000000000e+00,7.670355654093323483e-02,-9.964487033965447882e-01,-3.445711558626210480e-02,0.000000000000000000e+00,1.280652810529221697e-01,4.411929921077235167e-02,-9.907839175248992492e-01,0.000000000000000000e+00,6.331528715598492285e-01,2.192042568068211517e-01,1.640996540565734241e-01,1.000000000000000000e+00
9.881900060569804856e-01,7.836654101259556138e-02,1.316052585576813760e-01,0.000000000000000000e+00,8.233620236938217485e-02,-9.962816129978590007e-01,-2.498888318794292504e-02,0.000000000000000000e+00,1.291600936676837175e-01,3.553032589920530893e-02,-9.909870161335370131e-01,0.000000000000000000e+00,6.313911372805376399e-01,2.149397512668253518e-01,1.677472470002644989e-01,1.000000000000000000e+00
9.876944315002501584e-01,8.284500383205535556e-02,1.325788905696255182e-01,0.000000000000000000e+00,8.573172760750766286e-02,-9.961767947034759763e-01,-1.620529163418530511e-02,0.000000000000000000e+00,1.307320038016434038e-01,2.737262064851262930e-02,-9.910397988077167541e-01,0.000000000000000000e+00,6.296711224519195849e-01,2.106587116720177455e-01,1.713483587717915813e-01,1.000000000000000000e+00
9.864398774591327523e-01,9.427000295575301003e-02,1.342768840952957565e-01,0.000000000000000000e+00,9.507001682142908472e-02,-9.954608132989145597e-01,4.560581597445828670e-04,0.000000000000000000e+00,1.337129432413202146e-01,1.231606879694551078e-02,-9.909435721872017488e-01,0.000000000000000000e+00,6.259780689049284641e-01,2.023577217736770018e-01,1.779199820337214188e-01,1.000000000000000000e+00
9.859207263168563440e-01,9.980149962734426172e-02,1.340922406113939924e-01,0.000000000000000000e+00,9.855696126338871210e-02,-9.949946403200793377e-01,1.590402534112269825e-02,0.000000000000000000e+00,1.350109056743077351e-01,-2.464431899974059252e-03,-9.908410477591315102e-01,0.000000000000000000e+00,6.219785864130193964e-01,1.939173630195222542e-01,1.837491647519799154e-01,1.000000000000000000e+00
9.860738354903288982e-01,1.002102858687686227e-01,1.326538219151626452e-01,0.000000000000000000e+00,9.802316886089218473e-02,-9.949101879221039502e-01,2.293301629706358605e-02,0.000000000000000000e+00,1.342793483027200918e-01,-9.610684389231079205e-03,-9.908969125822157942e-01,0.000000000000000000e+00,6.198019458464477660e-01,1.896746186941138668e-01,1.864357635385028023e-01,1.000000000000000000e+00
9.862594039327194917e-01,1.015591328384055636e-01,1.302262553888291485e-01,0.000000000000000000e+00,9.836276538605283337e-02,-9.946653469012520787e-01,3.076298035998243155e-02,0.000000000000000000e+00,1.326583591853603972e-01,-1.753120159707100001e-02,-9.910067692547870344e-01,0.000000000000000000e+00,6.173564088066967326e-01,1.854722585054550399e-01,1.889088260642205752e-01,1.000000000000000000e+00
9.862801185268891269e-01,1.056242092068271771e-01,1.267903826369580489e-01,0.000000000000000000e+00,1.013920661892514646e-01,-9.940563858542152964e-01,3.939920757499900533e-02,0.000000000000000000e+00,1.302008064376416752e-01,-2.600361689865359274e-02,-9.911465895169975227e-01,0.000000000000000000e+00,6.147677177064980736e-01,1.812212771871228867e-01,1.912253990590602193e-01,1.000000000000000000e+00
9.874465922406007179e-01,1.085838422395381669e-01,1.146277609400627867e-01,0.000000000000000000e+00,1.026253550381595742e-01,-9.930943163826400077e-01,5.667858654727857270e-02,0.000000000000000000e+00,1.199928668237734003e-01,-4.420421354351126292e-02,-9.917901488805037635e-01,0.000000000000000000e+00,6.086395633010699413e-01,1.723574645856003895e-01,1.953069791146206380e-01,1.000000000000000000e+00
9.896353589240143300e-01,1.044491684218862154e-01,9.845290490646685377e-02,0.000000000000000000e+00,9.757948213924592940e-02,-9.925960847448151991e-01,7.219421109693316407e-02,0.000000000000000000e+00,1.052666199644950867e-01,-6.184015114981152722e-02,-9.925193874313080755e-01,0.000000000000000000e+00,6.019380180258373514e-01,1.638551623616473496e-01,1.995366015335763299e-01,1.000000000000000000e+00
9.905732754969044374e-01,1.034442631406698593e-01,8.969179001350324754e-02,0.000000000000000000e+00,9.645831578498204051e-02,-9.921861139786807282e-01,7.901427367898369858e-02,0.000000000000000000e+00,9.716639266176442524e-02,-6.961924927104087835e-02,-9.928302232849464115e-01,0.000000000000000000e+00,5.985803573747142670e-01,1.600840548246403872e-01,2.018386553644218873e-01,1.000000000000000000e+00
9.911148159735374552e-01,1.060375310392274034e-01,8.017612157029416209e-02,0.000000000000000000e+00,9.914223985528285155e-02,-9.913763276379130573e-01,8.558352748544173494e-02,0.000000000000000000e+00,8.856148000171681911e-02,-7.687574191496515663e-02,-9.930996851096718370e-01,0.000000000000000000e+00,5.951680352005727093e-01,1.564388037751796301e-01,2.044217203975100816e-01,1.000000000000000000e+00
9.918281142522058502e-01,1.075194314864903883e-01,6.853692824269033701e-02,0.000000000000000000e+00,1.010931194078015655e-01,-9.906787647598050972e-01,9.119491851849459430e-02,0.000000000000000000e+00,7.770480126368052576e-02,-8.352268026331421957e-02,-9.934716532152310098e-01,0.000000000000000000e+00,5.914323173951500090e-01,1.528898291148523825e-01,2.068823908254177613e-01,1.000000000000000000e+00
9.936600269200437374e-01,1.048688472496748930e-01,4.028675562751050238e-02,0.000000000000000000e+00,1.004362350761205391e-01,-9.899331469063629152e-01,9.962767808700577488e-02,0.000000000000000000e+00,5.033000354066544113e-02,-9.495161934416439242e-02,-9.942087711982415810e-01,0.000000000000000000e+00,5.831601704363235106e-01,1.459136725544749880e-01,2.121741958658725502e-01,1.000000000000000000e+00
9.947406789792140325e-01,1.020840018362328128e-01,7.112317082373395376e-03,0.000000000000000000e+00,1.008111203258651861e-01,-9.895280167109249403e-01,1.032093458171083611e-01,0.000000000000000000e+00,1.757419842242878560e-02,-1.019514969641670821e-01,-9.946341235934823555e-01,0.000000000000000000e+00,5.741262940259408420e-01,1.393065853629956163e-01,2.180839999941474872e-01,1.000000000000000000e+00
9.947093121596124465e-01,1.021502356574140180e-01,-9.972991491710502671e-03,0.000000000000000000e+00,1.026333779975135002e-01,-9.892945036728064689e-01,1.036509605589992083e-01,0.000000000000000000e+00,7.217582753777194039e-04,-1.041281422772701859e-01,-9.945636274521989506e-01,0.000000000000000000e+00,5.695944857243087078e-01,1.362169246410433743e-01,2.214280040798859706e-01,1.000000000000000000e+00
9.945608892314224958e-01,1.005793581879359799e-01,-2.670537808968521595e-02,0.000000000000000000e+00,1.028189013658207945e-01,-9.893336177821518973e-01,1.030922555249070699e-01,0.000000000000000000e+00,-1.605188447338434798e-02,-1.052793699175747083e-01,-9.943131253657530033e-01,0.000000000000000000e+00,5.651607552460323758e-01,1.331597753021094566e-01,2.247110499858867294e-01,1.000000000000000000e+00
9.924281523938734972e-01,1.008619811778670439e-01,-6.995691524192725053e-02,0.000000000000000000e+00,1.077836639175610428e-01,-9.887651574999368753e-01,1.034741127424604196e-01,0.000000000000000000e+00,-5.873548714570397955e-02,-1.102329574967612358e-01,-9.921687546134850821e-01,0.000000000000000000e+00,5.535581138763342457e-01,1.235061015499647336e-01,2.356242260664735966e-01,1.000000000000000000e+00
9.914849670601864062e-01,1.007952803963495098e-01,-8.233236571780871982e-02,0.000000000000000000e+00,1.092175614767443570e-01,-9.884292487606873845e-01,1.051660180888535634e-01,0.000000000000000000e+00,-7.078084286427059613e-02,-1.132648468942753783e-01,-9.910404364814989764e-01,0.000000000000000000e+00,5.500531097549368198e-01,1.198730438255151270e-01,2.390422644520832640e-01,1.000000000000000000e+00
9.907656082953560928e-01,9.855333585636232019e-02,-9.301342006358334635e-02,0.000000000000000000e+00,1.084805757406615556e-01,-9.881481670307954435e-01,1.085168723372644528e-01,0.000000000000000000e+00,-8.121790447589730122e-02,-1.176071986946599507e-01,-9.897333978439540880e-01,0.000000000000000000e+00,5.467409401171020589e-01,1.159307200988998615e-01,2.426255803002998479e-01,1.000000000000000000e+00
9.887621038953843255e-01,9.646267464929121627e-02,-1.141280035796909537e-01,0.000000000000000000e+00,1.099626634480274229e-01,-9.868251946703916477e-01,1.185959304207688941e-01,0.000000000000000000e+00,-1.011862568479625635e-01,-1.298154802741653679e-01,-9.863616388051016370e-01,0.000000000000000000e+00,5.400869357341755439e-01,1.069328020797372242e-01,2.492855270070562512e-01,1.000000000000000000e+00
9.870716446546294875e-01,9.857887769379815313e-02,-1.263032861514069849e-01,0.000000000000000000e+00,1.142437410333485975e-01,-9.857416771943434686e-01,1.234603595410136284e-01,0.000000000000000000e+00,-1.123339922202689634e-01,-1.362962041808264690e-01,-9.842786287011188184e-01,0.000000000000000000e+00,5.363365274273913519e-01,1.021566808867286902e-01,2.522467407325363897e-01,1.000000000000000000e+00
9.827659686904348657e-01,1.028271635944697088e-01,-1.535525060436194467e-01,0.000000000000000000e+00,1.230840648261373738e-01,-9.839888712317664821e-01,1.288291938153680316e-01,0.000000000000000000e+00,-1.378494705379481877e-01,-1.455116156131673610e-01,-9.797060238633081841e-01,0.000000000000000000e+00,5.280012788374477406e-01,9.282554881312481132e-02,2.579545933770613919e-01,1.000000000000000000e+00
9.778147786678019759e-01,1.028283189676597043e-01,-1.824427097428969746e-01,0.000000000000000000e+00,1.271327980572254379e-01,-9.837204922267909213e-01,1.269330206543167472e-01,0.000000000000000000e+00,-1.664235272647131281e-01,-1.473142719277237833e-01,-9.749880588290177341e-01,0.000000000000000000e+00,5.189083080290946004e-01,8.430332564791848116e-02,2.631181672637293856e-01,1.000000000000000000e+00
9.747943620912253859e-01,1.049720522319500665e-01,-1.968186139230271858e-01,0.000000000000000000e+00,1.308457563877793994e-01,-9.836824522304400409e-01,1.234057053398502912e-01,0.000000000000000000e+00,-1.806563448361987456e-01,-1.460508781571157044e-01,-9.726419824683488757e-01,0.000000000000000000e+00,5.144069324664702902e-01,8.032235084479182052e-02,2.656076231539158394e-01,1.000000000000000000e+00
9.716480093639053850e-01,1.070089904405715359e-01,-2.107841757942419125e-01,0.000000000000000000e+00,1.340537112121725771e-01,-9.838574067342342744e-01,1.184692053895836511e-01,0.000000000000000000e+00,-1.947080512438459365e-01,-1.433695289254339200e-01,-9.703267248491731500e-01,0.000000000000000000e+00,5.099648378095901213e-01,7.645549749677957307e-02,2.679652626740707810e-01,1.000000000000000000e+00
9.680954818479635682e-01,1.110038269556560681e-01,-2.246108530947833748e-01,0.000000000000000000e+00,1.388703823302289697e-01,-9.839139691475420335e-01,1.122900936369455177e-01,0.000000000000000000e+00,-2.085371408453682296e-01,-1.399020208984326774e-01,-9.679564481094041772e-01,0.000000000000000000e+00,5.055709863711813634e-01,7.284604780859754714e-02,2.702663420602401390e-01,1.000000000000000000e+00
9.603335634327426762e-01,1.199394578295068930e-01,-2.517036358524489814e-01,0.000000000000000000e+00,1.488933357682286074e-01,-9.838487059996214867e-01,9.926351377967701506e-02,0.000000000000000000e+00,-2.357372230758903731e-01,-1.328056347939618465e-01,-9.626996546293347112e-01,0.000000000000000000e+00,4.969760126382337662e-01,6.558741814380562862e-02,2.748114696898944498e-01,1.000000000000000000e+00
9.514588310626059808e-01,1.287617765523874080e-01,-2.795125124091242252e-01,0.000000000000000000e+00,1.585085901453824608e-01,-9.835538690213123658e-01,8.647288872553531014e-02,0.000000000000000000e+00,-2.637862889474259509e-01,-1.265829650096993719e-01,-9.562392727412414306e-01,0.000000000000000000e+00,4.880628623996067228e-01,5.832513299877047086e-02,2.794883205319169672e-01,1.000000000000000000e+00
9.467837599901194334e-01,1.305129217316565449e-01,-2.941897958482694864e-01,0.000000000000000000e+00,1.608734373255391592e-01,-9.836050388096455599e-01,8.137328611128782918e-02,0.000000000000000000e+00,-2.787516670748331205e-01,-1.243726240298240471e-01,-9.522756735814149609e-01,0.000000000000000000e+00,4.834637514755386056e-01,5.449848072891717160e-02,2.818908898859186496e-01,1.000000000000000000e+00
9.417096375916719220e-01,1.328054896077446589e-01,-3.090734658591993700e-01,0.000000000000000000e+00,1.639138203146899841e-01,-9.834676207080171872e-01,7.684038931423650687e-02,0.000000000000000000e+00,-2.937645764464123510e-01,-1.230251163351146065e-01,-9.479278423888558569e-01,0.000000000000000000e+00,4.788411445846075254e-01,5.064333441563405314e-02,2.845971467721439274e-01,1.000000000000000000e+00
9.314549531887218459e-01,1.357411341482439582e-01,-3.375600118224210688e-01,0.000000000000000000e+00,1.677006094656815771e-01,-9.835319643968344350e-01,6.724676568989275405e-02,0.000000000000000000e+00,-3.228791257106823354e-01,-1.192486486076470426e-01,-9.388976674726352556e-01,0.000000000000000000e+00,4.699545021635059827e-01,4.361258887440873366e-02,2.905384782869098736e-01,1.000000000000000000e+00
9.206479977474674170e-01,1.423182758601542197e-01,-3.635017462144863876e-01,0.000000000000000000e+00,1.747368735338096224e-01,-9.829115132264447663e-01,5.772979383072714826e-02,0.000000000000000000e+00,-3.490807675948894295e-01,-1.166682239830749007e-01,-9.298016687487703491e-01,0.000000000000000000e+00,4.616650641779608266e-01,3.663291584964074171e-02,2.974042653437241612e-01,1.000000000000000000e+00
9.159073969217839117e-01,1.452112765503112413e-01,-3.741765256236675996e-01,0.000000000000000000e+00,1.777377156811087988e-01,-9.825998707178680291e-01,5.373588550399494013e-02,0.000000000000000000e+00,-3.598696777793387591e-01,-1.157246039963289591e-01,-9.257978348672499802e-01,0.000000000000000000e+00,4.580311702440152399e-01,3.357964413061761966e-02,3.006758515774335949e-01,1.000000000000000000e+00
9.115701031172712687e-01,1.487119729548599945e-01,-3.832824586435546466e-01,0.000000000000000000e+00,1.811241954057457026e-01,-9.821945808355959651e-01,4.968478758148772018e-02,0.000000000000000000e+00,-3.690763368851323056e-01,-1.147151024951675868e-01,-9.222923087671148767e-01,0.000000000000000000e+00,4.547171090101880253e-01,3.058594730631541969e-02,3.039203866087670236e-01,1.000000000000000000e+00
9.079320837741751138e-01,1.502138623635843606e-01,-3.912491197542901644e-01,0.000000000000000000e+00,1.827742562492227496e-01,-9.820154563816290150e-01,4.711646826039166819e-02,0.000000000000000000e+00,-3.771423973759304160e-01,-1.142910205353000058e-01,-9.190762616489099868e-01,0.000000000000000000e+00,4.516724208387895012e-01,2.763016664010056397e-02,3.070887564735876318e-01,1.000000000000000000e+00
9.017365507705550343e-01,1.516734283693111640e-01,-4.047803244135395606e-01,0.000000000000000000e+00,1.850100366887557635e-01,-9.817282304898542478e-01,4.429124840070684105e-02,0.000000000000000000e+00,-3.906739878168041247e-01,-1.148296710598117609e-01,-9.133389195077646905e-01,0.000000000000000000e+00,4.462437194251362427e-01,2.234086868996070993e-02,3.128636349791001359e-01,1.000000000000000000e+00
8.934026823555246688e-01,1.568225307085430176e-01,-4.209739753516003602e-01,0.000000000000000000e+00,1.905018603541607236e-01,-9.809068756968895020e-01,3.887787691450254185e-02,0.000000000000000000e+00,-4.068471729343438592e-01,-1.149321377846740933e-01,-9.062372656096066015e-01,0.000000000000000000e+00,4.399607643844111737e-01,1.717508142338425303e-02,3.188160010246540166e-01,1.000000000000000000e+00
8.883604443126522643e-01,1.590959921129317944e-01,-4.306796177850040763e-01,0.000000000000000000e+00,1.930045013549644140e-01,-9.805312869590093738e-01,3.589435404682152914e-02,0.000000000000000000e+00,-4.165922127164397026e-01,-1.150124435296289716e-01,-9.017888145998288474e-01,0.000000000000000000e+00,4.364602439954144986e-01,1.459426128215066641e-02,3.215974833878744721e-01,1.000000000000000000e+00
8.822362035691118098e-01,1.622369393679184701e-01,-4.419493223410345673e-01,0.000000000000000000e+00,1.962902447964083863e-01,-9.800109053671250958e-01,3.208601035470606821e-02,0.000000000000000000e+00,-4.279178581421473337e-01,-1.150599958944114876e-01,-8.964638888587844745e-01,0.000000000000000000e+00,4.324922473308192017e-01,1.202737162932603771e-02,3.244573461871386733e-01,1.000000000000000000e+00
8.746640770447398072e-01,1.674859662033185148e-01,-4.548537680987402299e-01,0.000000000000000000e+00,2.012689766787176815e-01,-9.791681185805219956e-01,2.648285262939888487e-02,0.000000000000000000e+00,-4.409512918568340156e-01,-1.147137608916685286e-01,-8.901700462674974057e-01,0.000000000000000000e+00,4.280472525395576655e-01,9.501311401357976499e-03,3.273906195982326239e-01,1.000000000000000000e+00
8.555985798310372648e-01,1.816951067105964379e-01,-4.846841293974308851e-01,0.000000000000000000e+00,2.131257409072084830e-01,-9.769638815990802083e-01,9.986967248380142215e-03,0.000000000000000000e+00,-4.717133872701216868e-01,-1.118456525537239316e-01,-8.746296532104201882e-01,0.000000000000000000e+00,4.179863033027483854e-01,4.384701399595194136e-03,3.332080942648399935e-01,1.000000000000000000e+00
8.343520402727455654e-01,2.001279033172962962e-01,-5.136012481563280163e-01,0.000000000000000000e+00,2.247405904218802708e-01,-9.743001433846802950e-01,-1.454800737642646634e-02,0.000000000000000000e+00,-5.033229224609002683e-01,-1.032908767850984483e-01,-8.579026929077587793e-01,0.000000000000000000e+00,4.075185315192531577e-01,4.220822393961507456e-05,3.392429246531067366e-01,1.000000000000000000e+00
8.145495242951430459e-01,2.210976103573963347e-01,-5.362887898008066312e-01,0.000000000000000000e+00,2.333738063386673889e-01,-9.712897650960021778e-01,-4.597396693742620416e-02,0.000000000000000000e+00,-5.310667715787776855e-01,-8.770937195093370109e-02,-8.427782331057604992e-01,0.000000000000000000e+00,3.981969332128733607e-01,-3.514086896003866620e-03,3.449028445965160450e-01,1.000000000000000000e+00
8.054040778033866310e-01,2.326070465962657152e-01,-5.451595915258643510e-01,0.000000000000000000e+00,2.379598785099472369e-01,-9.692832108113541567e-01,-6.201532358999296835e-02,0.000000000000000000e+00,-5.428496920815266691e-01,-7.978025167941743545e-02,-8.360318912870253749e-01,0.000000000000000000e+00,3.941639795877634467e-01,-5.387181517570756653e-03,3.476057554888147272e-01,1.000000000000000000e+00
7.887229707915587307e-01,2.573163414140945404e-01,-5.582876701918210172e-01,0.000000000000000000e+00,2.486016699309277767e-01,-9.641066756400292759e-01,-9.314652218464021527e-02,0.000000000000000000e+00,-5.622278166911501840e-01,-6.532570313737864898e-02,-8.243982257673225789e-01,0.000000000000000000e+00,3.873885707729324834e-01,-9.048936816080155321e-03,3.527411712915483055e-01,1.000000000000000000e+00
7.722637063967263682e-01,2.838448697397386034e-01,-5.683498962839967916e-01,0.000000000000000000e+00,2.620757674724851771e-01,-9.572961461302165187e-01,-1.219882273383447735e-01,0.000000000000000000e+00,-5.787160399419016832e-01,-5.474470868574389526e-02,-8.136895980562097730e-01,0.000000000000000000e+00,3.819310761973406798e-01,-1.344833373421233137e-02,3.574931931065827850e-01,1.000000000000000000e+00
7.637230832937889069e-01,2.970853680570888500e-01,-5.731039024747786037e-01,0.000000000000000000e+00,2.690558981818533257e-01,-9.535024986588948037e-01,-1.357300836440042957e-01,0.000000000000000000e+00,-5.867907223964119456e-01,-5.053776026404514093e-02,-8.081599983276769317e-01,0.000000000000000000e+00,3.795235848334557183e-01,-1.566468391521799383e-02,3.598197249117837115e-01,1.000000000000000000e+00
7.547156707919289165e-01,3.116909635318904637e-01,-5.772640179457394494e-01,0.000000000000000000e+00,2.766377030474811982e-01,-9.490637212779887699e-01,-1.507659812683151412e-01,0.000000000000000000e+00,-5.948641839797210729e-01,-4.590842717043308596e-02,-8.025141861256270825e-01,0.000000000000000000e+00,3.772787703270518156e-01,-1.792968266725299131e-02,3.620519595391882839e-01,1.000000000000000000e+00
7.453500726676033361e-01,3.268696609560382549e-01,-5.810251636737358005e-01,0.000000000000000000e+00,2.840784460271505441e-01,-9.441794081993687415e-01,-1.667495983092540934e-01,0.000000000000000000e+00,-6.031089915673075730e-01,-4.077068534404211519e-02,-7.966161531799631490e-01,0.000000000000000000e+00,3.751192440925892879e-01,-2.030028679436865838e-02,3.642438913248993715e-01,1.000000000000000000e+00
7.273812319198762477e-01,3.579973894162982728e-01,-5.854358714009987308e-01,0.000000000000000000e+00,2.989165986541319486e-01,-9.332288417400378400e-01,-1.992825704741887638e-01,0.000000000000000000e+00,-6.177001728090038002e-01,-3.004267621224248480e-02,-7.858396363875603807e-01,0.000000000000000000e+00,3.715759180004161166e-01,-2.500305912536331457e-02,3.685995980653903881e-01,1.000000000000000000e+00
7.113330242929133407e-01,3.882617855563522125e-01,-5.858659072928712463e-01,0.000000000000000000e+00,3.122465820783645873e-01,-9.213574531857998684e-01,-2.314805873946327031e-01,0.000000000000000000e+00,-6.296791097093272782e-01,-1.827519266600477477e-02,-7.766403518545049733e-01,0.000000000000000000e+00,3.691389435572702271e-01,-3.000264794244920236e-02,3.727182094358137965e-01,1.000000000000000000e+00
7.045253374936670809e-01,4.018833472775117932e-01,-5.849056085486493695e-01,0.000000000000000000e+00,3.177319625058540598e-01,-9.155983223719796893e-01,-2.463876193582041352e-01,0.000000000000000000e+00,-6.345698925653494582e-01,-1.225712218982771134e-02,-7.727682798906955197e-01,0.000000000000000000e+00,3.682979636469772555e-01,-3.254822410409771022e-02,3.745661580121249501e-01,1.000000000000000000e+00
6.982974635565900590e-01,4.150822900913996305e-01,-5.831535747503572287e-01,0.000000000000000000e+00,3.230223337296665997e-01,-9.097515314489277305e-01,-2.607479047650800297e-01,0.000000000000000000e+00,-6.387689934280130766e-01,-6.292149256878533554e-03,-7.693728497241713038e-01,0.000000000000000000e+00,3.677601188102034846e-01,-3.506856210489186360e-02,3.762904153320634215e-01,1.000000000000000000e+00
6.930390339383799558e-01,4.268370339154484161e-01,-5.809369938446231618e-01,0.000000000000000000e+00,3.272306290684300345e-01,-9.043179011027704384e-01,-2.740620295585792787e-01,0.000000000000000000e+00,-6.423439138629865042e-01,-1.646969113550756985e-04,-7.664165115641150550e-01,0.000000000000000000e+00,3.674776936900966406e-01,-3.768736541488825614e-02,3.778824190892493551e-01,1.000000000000000000e+00
6.827491005090462473e-01,4.504166795980641402e-01,-5.752905591048330658e-01,0.000000000000000000e+00,3.359664236226058698e-01,-8.927309617011102150e-01,-3.002311428210853728e-01,0.000000000000000000e+00,-6.488213003692266945e-01,1.170445636665366253e-02,-7.608507908179807933e-01,0.000000000000000000e+00,3.673036813534305001e-01,-4.284893273607543601e-02,3.804693537925948887e-01,1.000000000000000000e+00
6.710892725547652482e-01,4.755320765564424734e-01,-5.687610916096862423e-01,0.000000000000000000e+00,3.458139944586581804e-01,-8.793892327232173400e-01,-3.272124776169554328e-01,0.000000000000000000e+00,-6.557750346113574436e-01,2.290367955939781597e-02,-7.546088559267731810e-01,0.000000000000000000e+00,3.674391155986145296e-01,-4.766495755927187966e-02,3.823735164485833060e-01,1.000000000000000000e+00
6.635627590794558328e-01,4.900056573009565763e-01,-5.652960883263971059e-01,0.000000000000000000e+00,3.514781333815507058e-01,-8.712368544382078639e-01,-3.426225505194399612e-01,0.000000000000000000e+00,-6.604064887644928161e-01,2.866290286236603327e-02,-7.503610514927173680e-01,0.000000000000000000e+00,3.673734144572646243e-01,-4.997671288964825737e-02,3.830854357389796849e-01,1.000000000000000000e+00
6.541834464074949285e-01,5.068164819964514622e-01,-5.613927492623688176e-01,0.000000000000000000e+00,3.584130063238077368e-01,-8.613611138481057639e-01,-3.599692977873096833e-01,0.000000000000000000e+00,-6.660130797578028838e-01,3.427615275803008732e-02,-7.451521475132676375e-01,0.000000000000000000e+00,3.672147906842198606e-01,-5.223756563435023176e-02,3.836206525954327651e-01,1.000000000000000000e+00
6.446454922304000190e-01,5.245584051254332802e-01,-5.561037815556513220e-01,0.000000000000000000e+00,3.661083193260555868e-01,-8.504256133061680600e-01,-3.777852851214394958e-01,0.000000000000000000e+00,-6.711082670482687584e-01,3.994412929657642497e-02,-7.402824869157772492e-01,0.000000000000000000e+00,3.672935401006704459e-01,-5.445600847737103178e-02,3.839342279691764226e-01,1.000000000000000000e+00
6.171120112139328873e-01,5.740237119988198522e-01,-5.381916857215454097e-01,0.000000000000000000e+00,3.855632737221082462e-01,-8.168198265334701835e-01,-4.291003144251123169e-01,0.000000000000000000e+00,-6.859326010071241653e-01,5.729711295756919481e-02,-7.254057538525103821e-01,0.000000000000000000e+00,3.684887344917543439e-01,-6.205027892892827496e-02,3.846908566647767036e-01,1.000000000000000000e+00
6.072313841003430523e-01,5.905241534549018345e-01,-5.315374090797012618e-01,0.000000000000000000e+00,3.920454435750039823e-01,-8.045888268761379747e-01,-4.460021712271891037e-01,0.000000000000000000e+00,-6.910574200119808941e-01,6.244089860747394777e-02,-7.200977547718615535e-01,0.000000000000000000e+00,3.691247283992307726e-01,-6.484577925139797805e-02,3.849347567961345362e-01,1.000000000000000000e+00
5.971162875226455613e-01,6.061140875302334363e-01,-5.254127891227754477e-01,0.000000000000000000e+00,3.982967989431214773e-01,-7.925887918937212229e-01,-4.616745756670193601e-01,0.000000000000000000e+00,-6.962771574355528514e-01,6.640445512603929124e-02,-7.146947378936550077e-01,0.000000000000000000e+00,3.698296558156332625e-01,-6.801748977107478777e-02,3.852012371558110604e-01,1.000000000000000000e+00
5.589677127154343284e-01,6.551240339660965306e-01,-5.082797882690918145e-01,0.000000000000000000e+00,4.194632395855747986e-01,-7.521783457896952241e-01,-5.081919653661012282e-01,0.000000000000000000e+00,-7.152595916819615152e-01,7.085957816428627154e-02,-6.952572449743571470e-01,0.000000000000000000e+00,3.716897785136430432e-01,-7.998995475638105701e-02,3.861782002057309593e-01,1.000000000000000000e+00
5.429749675412852694e-01,6.738893092624824721e-01,-5.010310672867329673e-01,0.000000000000000000e+00,4.286545803787686348e-01,-7.354838136273367244e-01,-5.246899632294286242e-01,0.000000000000000000e+00,-7.220970996182541901e-01,7.012560398439740550e-02,-6.882282894423394914e-01,0.000000000000000000e+00,3.724111207720018912e-01,-8.443976288077589820e-02,3.867302226808778665e-01,1.000000000000000000e+00
