9.996583187553642613e-01,2.034025111975209035e-02,1.581982391786521808e-02,0.000000000000000000e+00,2.333575913765301504e-02,-9.749812588051643969e-01,-2.210152352788712082e-01,0.000000000000000000e+00,1.092873686270342051e-02,2.213131470826298075e-01,-9.751415556927968131e-01,0.000000000000000000e+00,6.228330525053926703e-01,2.956063942640764219e-01,2.866580004005664720e-02,1.000000000000000000e+00
9.996583279561492841e-01,2.033619979225015362e-02,1.582445029483843524e-02,0.000000000000000000e+00,2.333282975416592700e-02,-9.749813718694404496e-01,-2.210150457875106889e-01,0.000000000000000000e+00,1.093414864555729282e-02,2.213130212912402528e-01,-9.751415235750859889e-01,0.000000000000000000e+00,6.228358544999393898e-01,2.956043268693223647e-01,2.866865387511886507e-02,1.000000000000000000e+00
9.996583854933247526e-01,2.033815916632177034e-02,1.581829623610057217e-02,0.000000000000000000e+00,2.333341935202339415e-02,-9.749805322975035882e-01,-2.210186871814861231e-01,0.000000000000000000e+00,1.092762803638647195e-02,2.213165399604181960e-01,-9.751407980827421218e-01,0.000000000000000000e+00,6.228319084130311545e-01,2.956088397103467935e-01,2.866676587827038380e-02,1.000000000000000000e+00
9.996586043461711535e-01,2.033502471066495759e-02,1.580849227124253922e-02,0.000000000000000000e+00,2.332812195987896825e-02,-9.749820792870684816e-01,-2.210124220402503725e-01,0.000000000000000000e+00,1.091891382438359842e-02,2.213100126991670857e-01,-9.751423770916686218e-01,0.000000000000000000e+00,6.228302785677751752e-01,2.956025610354157673e-01,2.865997562182890854e-02,1.000000000000000000e+00
9.996587183907034158e-01,2.033997979153635838e-02,1.579490008657138608e-02,0.000000000000000000e+00,2.332999247548096788e-02,-9.749810945832324549e-01,-2.210165685137293612e-01,0.000000000000000000e+00,1.090446638284274863e-02,2.213138955020105270e-01,-9.751416575403958342e-01,0.000000000000000000e+00,6.228242298922461728e-01,2.956065295666462922e-01,2.865358576978535576e-02,1.000000000000000000e+00
9.996595200296226613e-01,2.031143198016635912e-02,1.578089497676167519e-02,0.000000000000000000e+00,2.329884599623456565e-02,-9.749859638206416212e-01,-2.209983733632144842e-01,0.000000000000000000e+00,1.089756748251932694e-02,2.212950651010952841e-01,-9.751460081366615240e-01,0.000000000000000000e+00,6.228285091989775868e-01,2.955843127201374099e-01,2.864035419656251608e-02,1.000000000000000000e+00
9.996594070233569829e-01,2.031602533625201379e-02,1.578214071206964636e-02,0.000000000000000000e+00,2.330361157508347922e-02,-9.749856496969332431e-01,-2.209992567268379837e-01,0.000000000000000000e+00,1.089774403215283162e-02,2.212960274434095098e-01,-9.751457877736925406e-01,0.000000000000000000e+00,6.228288126192431662e-01,2.955825340728637785e-01,2.863961766281354626e-02,1.000000000000000000e+00
9.996597021470948752e-01,2.031525191234595865e-02,1.576443288316465088e-02,0.000000000000000000e+00,2.329892052466928792e-02,-9.749861144154755577e-01,-2.209977011206374076e-01,0.000000000000000000e+00,1.088068867937911841e-02,2.212940509425352642e-01,-9.751464267643630279e-01,0.000000000000000000e+00,6.228206700445356736e-01,2.955835815555531987e-01,2.863298501911813385e-02,1.000000000000000000e+00
9.996599043786761341e-01,2.034026600651735184e-02,1.571928934806338107e-02,0.000000000000000000e+00,2.331329146882398298e-02,-9.749864650639018526e-01,-2.209946385872174623e-01,0.000000000000000000e+00,1.083121315432366422e-02,2.212902081747919192e-01,-9.751478496041320332e-01,0.000000000000000000e+00,6.227979427010358338e-01,2.955928351065643112e-01,2.861194347512986680e-02,1.000000000000000000e+00
9.996600467747861485e-01,2.033353293053570890e-02,1.571894468477629675e-02,0.000000000000000000e+00,2.330663115359799323e-02,-9.749869740316536859e-01,-2.209930956253559065e-01,0.000000000000000000e+00,1.083240448321528410e-02,2.212885844466177254e-01,-9.751482048420760940e-01,0.000000000000000000e+00,6.227996892389375816e-01,2.955890682680156756e-01,2.860836839232519871e-02,1.000000000000000000e+00
9.996595608524420085e-01,2.035563688868556598e-02,1.572123863972010524e-02,0.000000000000000000e+00,2.332879572722997355e-02,-9.749844343848632633e-01,-2.210019612997899674e-01,0.000000000000000000e+00,1.082953578919357458e-02,2.212977418125669227e-01,-9.751461585953404843e-01,0.000000000000000000e+00,6.227943686952507329e-01,2.956042630982909092e-01,2.861508916149631959e-02,1.000000000000000000e+00
9.996591526909356373e-01,2.037992061673591856e-02,1.571573027587425467e-02,0.000000000000000000e+00,2.335134275284340283e-02,-9.749822211086754953e-01,-2.210093441799269864e-01,0.000000000000000000e+00,1.081861301259815986e-02,2.213052579559630362e-01,-9.751445741086438579e-01,0.000000000000000000e+00,6.227848580172938853e-01,2.956191586215278777e-01,2.861364049862540060e-02,1.000000000000000000e+00
9.996588865835064341e-01,2.037093131054372105e-02,1.574428573715790092e-02,0.000000000000000000e+00,2.334888613075633557e-02,-9.749824797313006997e-01,-2.210084628123204220e-01,0.000000000000000000e+00,1.084846340115138384e-02,2.213049462013756408e-01,-9.751443132319647100e-01,0.000000000000000000e+00,6.227972404996251488e-01,2.956148995878839503e-01,2.862726448955455263e-02,1.000000000000000000e+00
9.996585212837163503e-01,2.038431333553184649e-02,1.575015859922642564e-02,0.000000000000000000e+00,2.336349280608419204e-02,-9.749769336894091865e-01,-2.210313843749476814e-01,0.000000000000000000e+00,1.085067724927152484e-02,2.213281468313570421e-01,-9.751390230236042234e-01,0.000000000000000000e+00,6.227933101270082261e-01,2.956358253635574806e-01,2.863668211786693854e-02,1.000000000000000000e+00
9.996531864720681337e-01,2.056331040256004911e-02,1.585572271253858287e-02,0.000000000000000000e+00,2.356299680186271783e-02,-9.749405662794482508e-01,-2.211705773958923538e-01,0.000000000000000000e+00,1.091059810805064013e-02,2.214717448086200302e-01,-9.751057507267352209e-01,0.000000000000000000e+00,6.227731102152609388e-01,2.958018692545715811e-01,2.872226728788149566e-02,1.000000000000000000e+00
9.996500198773261570e-01,2.064894060696809835e-02,1.594383618454788681e-02,0.000000000000000000e+00,2.366628297493495597e-02,-9.749329344191407509e-01,-2.211931900765529146e-01,0.000000000000000000e+00,1.097697729357108298e-02,2.214973727064036002e-01,-9.750991846236244376e-01,0.000000000000000000e+00,6.227766414396292971e-01,2.958617496956102988e-01,2.878623961440082701e-02,1.000000000000000000e+00
9.996569726426967062e-01,2.046132632871911286e-02,1.574858955325078580e-02,0.000000000000000000e+00,2.343739361629443296e-02,-9.749927758896246299e-01,-2.209536658322899527e-01,0.000000000000000000e+00,1.083396457213927321e-02,2.212512383444237007e-01,-9.751566616409430566e-01,0.000000000000000000e+00,6.227780585955360326e-01,2.956508926369606494e-01,2.866046850002259075e-02,1.000000000000000000e+00
9.996698910979705532e-01,1.987212581648768392e-02,1.568293177035868374e-02,0.000000000000000000e+00,2.283432484641874718e-02,-9.752872348946192149e-01,-2.197137910137284267e-01,0.000000000000000000e+00,1.092939348740441796e-02,2.200036064451741658e-01,-9.754378306735466131e-01,0.000000000000000000e+00,6.230445394253604219e-01,2.948982299471066826e-01,2.857395214927431829e-02,1.000000000000000000e+00
9.996697921475422577e-01,1.888489520105145550e-02,1.686458722126724791e-02,0.000000000000000000e+00,2.210690808045933514e-02,-9.757352255229981841e-01,-2.177907279704864307e-01,0.000000000000000000e+00,1.234265437655619746e-02,2.180958346620842925e-01,-9.758493048550015425e-01,0.000000000000000000e+00,6.237786794933667389e-01,2.936751405656986003e-01,2.896838607138318977e-02,1.000000000000000000e+00
9.996602895048990467e-01,1.725012456655662663e-02,1.903905697843811737e-02,0.000000000000000000e+00,2.086177849152073133e-02,-9.775385305566978156e-01,-2.096758316459742255e-01,0.000000000000000000e+00,1.499476626311454196e-02,2.100058344178436232e-01,-9.775851402794437650e-01,0.000000000000000000e+00,6.254436919734103206e-01,2.897900494401023930e-01,3.094362700241383782e-02,1.000000000000000000e+00
9.996577953806600192e-01,1.639341139794192950e-02,1.990716199322042218e-02,0.000000000000000000e+00,1.996647622437540751e-02,-9.805599488757983373e-01,-1.951519238672308754e-01,0.000000000000000000e+00,1.632127420838368551e-02,1.954863815726596010e-01,-9.805705944131931640e-01,0.000000000000000000e+00,6.265464624230647761e-01,2.838497302383599652e-01,3.402502394884702325e-02,1.000000000000000000e+00
9.996123343552155704e-01,1.646364192560456977e-02,2.201990918851522150e-02,0.000000000000000000e+00,2.030344413018226116e-02,-9.820570366470476875e-01,-1.874366395070075353e-01,0.000000000000000000e+00,1.853927398680200664e-02,1.878146727717068531e-01,-9.820295026177671138e-01,0.000000000000000000e+00,6.271989527965619038e-01,2.807197075945661591e-01,3.650986612100978745e-02,1.000000000000000000e+00
9.995574418774199055e-01,1.730294931305662032e-02,2.379653827232805843e-02,0.000000000000000000e+00,2.129469214292366297e-02,-9.835527431749878646e-01,-1.793077923033538079e-01,0.000000000000000000e+00,2.030298774958467015e-02,1.797386386657715274e-01,-9.835048604145358864e-01,0.000000000000000000e+00,6.273522315391895088e-01,2.776783289048919134e-01,3.931709675106265234e-02,1.000000000000000000e+00
9.993679900318443998e-01,2.115742727842450516e-02,2.822641797815698614e-02,0.000000000000000000e+00,2.546316351803597569e-02,-9.864285503337322236e-01,-1.621452721831674881e-01,0.000000000000000000e+00,2.441323779303076688e-02,1.627646623754891997e-01,-9.863628432287248060e-01,0.000000000000000000e+00,6.266930510340031901e-01,2.720879656419867842e-01,4.663318220869148989e-02,1.000000000000000000e+00
9.990024321925593531e-01,2.764308955449855040e-02,3.479578960795257775e-02,0.000000000000000000e+00,3.243198742954053054e-02,-9.888029285017583270e-01,-1.455942364206945783e-01,0.000000000000000000e+00,3.038208909724136875e-02,1.465803150339448357e-01,-9.887320870218770930e-01,0.000000000000000000e+00,6.247549253579571804e-01,2.676575666867553882e-01,5.558336712260333878e-02,1.000000000000000000e+00
9.987356735424240961e-01,3.149647262914190976e-02,3.893293601682582677e-02,0.000000000000000000e+00,3.656115064686984301e-02,-9.898736206506528745e-01,-1.370921015396313614e-01,0.000000000000000000e+00,3.422142758224717279e-02,1.383448688747940247e-01,-9.897927010997045194e-01,0.000000000000000000e+00,6.235114363779855617e-01,2.655935560702673004e-01,6.066089364886159685e-02,1.000000000000000000e+00
9.984139867221235587e-01,3.545543194005521676e-02,4.351057761956157732e-02,0.000000000000000000e+00,4.079140909926712300e-02,-9.908464540963125566e-01,-1.286083677280306647e-01,0.000000000000000000e+00,3.855317858927832103e-02,1.301817573232275371e-01,-9.907403103139085232e-01,0.000000000000000000e+00,6.221528101784530307e-01,2.635556820053114313e-01,6.586669363839750546e-02,1.000000000000000000e+00
9.975357279966243773e-01,4.737655911819086546e-02,5.156238859453241702e-02,0.000000000000000000e+00,5.231303305782810525e-02,-9.936990001106659198e-01,-9.902722177543739346e-02,0.000000000000000000e+00,4.654682113349621619e-02,1.014825305575168812e-01,-9.937477997127887042e-01,0.000000000000000000e+00,6.158791061511020848e-01,2.560337266267989631e-01,8.103489633518271007e-02,1.000000000000000000e+00
9.974550899998736453e-01,5.039982902868966885e-02,5.023890492866177337e-02,0.000000000000000000e+00,5.461693550989208529e-02,-9.947489518842674849e-01,-8.644223494257645413e-02,0.000000000000000000e+00,4.561930247257323795e-02,8.896785517191897752e-02,-9.949892461670247767e-01,0.000000000000000000e+00,6.130091808878747051e-01,2.524792494725350278e-01,8.584843859020829804e-02,1.000000000000000000e+00
9.975025690737526762e-01,5.337496903624468214e-02,4.604871629971298702e-02,0.000000000000000000e+00,5.659183589208985343e-02,-9.958141121445739374e-01,-7.164052669603326873e-02,0.000000000000000000e+00,4.203295990798477239e-02,7.406901688306423426e-02,-9.963669058230256725e-01,0.000000000000000000e+00,6.096005091444498536e-01,2.483242543358583632e-01,9.043334870670727277e-02,1.000000000000000000e+00
9.977417531653191007e-01,5.684265591596418532e-02,3.551131313009148194e-02,0.000000000000000000e+00,5.820808008331899291e-02,-9.975452736993022373e-01,-3.867807175140038078e-02,0.000000000000000000e+00,3.322621795937775319e-02,4.065855528001785513e-02,-9.986204986493406599e-01,0.000000000000000000e+00,6.029922380882350996e-01,2.386999831701745733e-01,1.007098042783816649e-01,1.000000000000000000e+00
9.978526053863587819e-01,5.743920819898614555e-02,3.117149637630589262e-02,0.000000000000000000e+00,5.811849578262000965e-02,-9.980719150901626868e-01,-2.134103224844545801e-02,0.000000000000000000e+00,2.988615849118788498e-02,2.310728999836701020e-02,-9.992861805706968470e-01,0.000000000000000000e+00,6.002832865932545836e-01,2.334969340927114112e-01,1.066559987770835799e-01,1.000000000000000000e+00
9.981046211895888698e-01,5.701353752688625293e-02,2.274573805938023482e-02,0.000000000000000000e+00,5.665153795466556369e-02,-9.982520444661828751e-01,1.625441071418377847e-02,0.000000000000000000e+00,2.363315598738638390e-02,-1.493530895654134397e-02,-9.996091288520970730e-01,0.000000000000000000e+00,5.952798377856363121e-01,2.221496613546929400e-01,1.196725219520041322e-01,1.000000000000000000e+00
9.985618001008329525e-01,5.232059202562808209e-02,1.084591769653601816e-02,0.000000000000000000e+00,5.160574404291851103e-02,-9.969655546732913987e-01,5.811434313456086131e-02,0.000000000000000000e+00,1.385384991978967292e-02,-5.747215795670158889e-02,-9.982509814181000918e-01,0.000000000000000000e+00,5.897442666083733132e-01,2.091853723893389305e-01,1.337461587765491899e-01,1.000000000000000000e+00
9.988644303692146842e-01,4.723985297766917363e-02,4.358088461793618515e-03,0.000000000000000000e+00,4.675093706877821859e-02,-9.957895940065853990e-01,7.872852883548267511e-02,0.000000000000000000e+00,8.059018428428583666e-03,-7.843689254288423174e-02,-9.968865061330633992e-01,0.000000000000000000e+00,5.868381732522446326e-01,2.024422682373376303e-01,1.413303727806773380e-01,1.000000000000000000e+00
9.991400352356144543e-01,4.118977222589390724e-02,-1.827444817789335065e-03,0.000000000000000000e+00,4.116763667912420183e-02,-9.941987862779797513e-01,9.927107310216781721e-02,0.000000000000000000e+00,2.272153215852422154e-03,-9.926284617887104478e-02,-9.950586538934442782e-01,0.000000000000000000e+00,5.838199072711219850e-01,1.955663771915795157e-01,1.491377581627084947e-01,1.000000000000000000e+00
9.995870807044883177e-01,2.589858448437170474e-02,-1.164810334745621824e-02,0.000000000000000000e+00,2.725521297199771237e-02,-9.901218841179227903e-01,1.374647404167113618e-01,0.000000000000000000e+00,-7.973053345462995795e-03,-1.377281018031459858e-01,-9.904379841232124893e-01,0.000000000000000000e+00,5.775434705951681957e-01,1.821050051816544002e-01,1.654490036506183204e-01,1.000000000000000000e+00
9.997370483105291195e-01,1.760043799397086745e-02,-1.402874616562873461e-02,0.000000000000000000e+00,1.955689037301804739e-02,-9.878063880226052307e-01,1.543917572990227416e-01,0.000000000000000000e+00,-1.114053701709383053e-02,-1.546284954541315981e-01,-9.879098728267484697e-01,0.000000000000000000e+00,5.744696088862113470e-01,1.757898287831388129e-01,1.737422335673721729e-01,1.000000000000000000e+00
9.998953402743048224e-01,1.053042862197512081e-05,-1.378605411459352635e-02,0.000000000000000000e+00,2.551000171034550554e-03,-9.828621896013818304e-01,1.842719608386287622e-01,0.000000000000000000e+00,-1.354811171343524821e-02,-1.842913913925233738e-01,-9.827782719045065063e-01,0.000000000000000000e+00,5.686299843191511272e-01,1.636985769770418486e-01,1.904481676648437649e-01,1.000000000000000000e+00
9.998749529850753381e-01,-8.385745512930236484e-03,-1.266903968318151483e-02,0.000000000000000000e+00,-5.694721971254774334e-03,-9.799355706217466322e-01,1.991848249066936472e-01,0.000000000000000000e+00,-1.408542707099213510e-02,-1.990916039106009616e-01,-9.798796528127994288e-01,0.000000000000000000e+00,5.655624813713185928e-01,1.576625256844203515e-01,1.986305687785822338e-01,1.000000000000000000e+00
9.997883092123767135e-01,-1.632570586336425100e-02,-1.172838401180225677e-02,0.000000000000000000e+00,-1.343180281972454135e-02,-9.766312076842340595e-01,2.144570300816806552e-01,0.000000000000000000e+00,-1.495575617972633858e-02,-2.142582232973708201e-01,-9.766625512972976209e-01,0.000000000000000000e+00,5.622700339948829562e-01,1.515627802155540549e-01,2.067072732711315586e-01,1.000000000000000000e+00
9.992026700816416529e-01,-3.676673472250308744e-02,-1.493245528274542329e-02,0.000000000000000000e+00,-3.204210749454840940e-02,-9.694898530060909181e-01,2.429886317644185112e-01,0.000000000000000000e+00,-2.341121318015561975e-02,-2.423210877530063145e-01,-9.699136072494463079e-01,0.000000000000000000e+00,5.543281144176683828e-01,1.391585740678743799e-01,2.218423244640696235e-01,1.000000000000000000e+00
9.976240443590463913e-01,-6.282834575758593221e-02,-2.792153268130616664e-02,0.000000000000000000e+00,-5.297633766900865238e-02,-9.613093588380642318e-01,2.702934907812942211e-01,0.000000000000000000e+00,-4.382416732549747340e-02,-2.681772681370353517e-01,-9.623722747527505561e-01,0.000000000000000000e+00,5.444435741464536127e-01,1.262391258718273956e-01,2.357021648678581105e-01,1.000000000000000000e+00
9.962815792622722322e-01,-7.712905983424811485e-02,-3.814275623190035297e-02,0.000000000000000000e+00,-6.324587398120191939e-02,-9.569779995059232158e-01,2.831498097954570081e-01,0.000000000000000000e+00,-5.834198044012883777e-02,-2.796899526151801485e-01,-9.583160980200852164e-01,0.000000000000000000e+00,5.388239999240869160e-01,1.199429589265790103e-01,2.423095205597887158e-01,1.000000000000000000e+00
9.944468580269109070e-01,-9.157357753834591274e-02,-5.167662293960543357e-02,0.000000000000000000e+00,-7.238857439386535420e-02,-9.526841617859294065e-01,2.951838902797259689e-01,0.000000000000000000e+00,-7.626401339233072896e-02,-2.898094748951974275e-01,-9.540410203561817681e-01,0.000000000000000000e+00,5.327580169307185587e-01,1.136927786276413221e-01,2.486538235117263795e-01,1.000000000000000000e+00
9.921673227533539530e-01,-1.052421150632981417e-01,-6.714795438919828052e-02,0.000000000000000000e+00,-7.987770948474781640e-02,-9.485363816907786960e-01,3.063968521993070127e-01,0.000000000000000000e+00,-9.593997761032641014e-02,-2.986390694809538116e-01,-9.495315828742507680e-01,0.000000000000000000e+00,5.266077258367853897e-01,1.075165850236470266e-01,2.548873390287371143e-01,1.000000000000000000e+00
9.871425683272470053e-01,-1.247140011663640247e-01,-9.988350519766059366e-02,0.000000000000000000e+00,-8.619316953374948909e-02,-9.419980603575185407e-01,3.243318342525253750e-01,0.000000000000000000e+00,-1.345413792516310658e-01,-3.115584824234391426e-01,-9.406539902105727213e-01,0.000000000000000000e+00,5.151755972461091737e-01,9.566571402667171931e-02,2.677967466767119942e-01,1.000000000000000000e+00
9.811932223013276611e-01,-1.391815384275132128e-01,-1.336753783315993149e-01,0.000000000000000000e+00,-8.765591791322172033e-02,-9.385483098749203279e-01,3.338027216589601887e-01,0.000000000000000000e+00,-1.719232867928233432e-01,-3.158136104780970288e-01,-9.331152913199639576e-01,0.000000000000000000e+00,5.049625549642029476e-01,8.492413737989586153e-02,2.805379945771840910e-01,1.000000000000000000e+00
9.779722959723866627e-01,-1.441998911959762042e-01,-1.508553167467942824e-01,0.000000000000000000e+00,-8.675133627560403793e-02,-9.383605134359834787e-01,3.345661360325683509e-01,0.000000000000000000e+00,-1.898047272199885060e-01,-3.141155595962176750e-01,-9.302180286064665182e-01,0.000000000000000000e+00,5.000837843402395899e-01,7.995568791704427136e-02,2.867087137952831766e-01,1.000000000000000000e+00
9.744404458265348845e-01,-1.481582441893037339e-01,-1.688066915656329103e-01,0.000000000000000000e+00,-8.523385392890357737e-02,-9.392789065743799570e-01,3.323718891694537048e-01,0.000000000000000000e+00,-2.078042010682469298e-01,-3.094945257000423222e-01,-9.279173199052238585e-01,0.000000000000000000e+00,4.953569444278321243e-01,7.514653195034842748e-02,2.922250180203654901e-01,1.000000000000000000e+00
9.622242139766435942e-01,-1.666494864967382195e-01,-2.152516146016384135e-01,0.000000000000000000e+00,-9.206327724518482969e-02,-9.433328956920888908e-01,3.187916996869006869e-01,0.000000000000000000e+00,-2.561853343183559950e-01,-2.869378480236969287e-01,-9.230578236772177814e-01,0.000000000000000000e+00,4.824439642964368780e-01,6.172572349347645038e-02,3.070938484918397937e-01,1.000000000000000000e+00
9.579713748180080923e-01,-1.716656380067029808e-01,-2.297879471561888598e-01,0.000000000000000000e+00,-9.410638341173517551e-02,-9.448829370489471025e-01,3.135617495424578571e-01,0.000000000000000000e+00,-2.709557049340473034e-01,-2.787640347125523443e-01,-9.213433773108007374e-01,0.000000000000000000e+00,4.785908909962643953e-01,5.728376692507692464e-02,3.111052656956116436e-01,1.000000000000000000e+00
9.539664321614843567e-01,-1.751549930092400897e-01,-2.434122462700461786e-01,0.000000000000000000e+00,-9.494284308535479167e-02,-9.463415452872482314e-01,3.088758376944066297e-01,0.000000000000000000e+00,-2.844577431621538310e-01,-2.715521583840845299e-01,-9.194254823703980062e-01,0.000000000000000000e+00,4.749108609753274757e-01,5.292893485727601099e-02,3.149890597724708807e-01,1.000000000000000000e+00
9.450538445191756232e-01,-1.791498005669828197e-01,-2.734215185707677409e-01,0.000000000000000000e+00,-9.370743670464716513e-02,-9.498076741242617027e-01,2.984376742003483352e-01,0.000000000000000000e+00,-3.131689358963524739e-01,-2.564229786441819536e-01,-9.144246680907026636e-01,0.000000000000000000e+00,4.675440201509106775e-01,4.419946055674914970e-02,3.210941239227854682e-01,1.000000000000000000e+00
9.400459116252692926e-01,-1.786830694854708856e-01,-2.904596213195131948e-01,0.000000000000000000e+00,-9.095742508204533727e-02,-9.522498669287184914e-01,2.914235485644404156e-01,0.000000000000000000e+00,-3.286689178226593344e-01,-2.475368219846897089e-01,-9.114286939848900149e-01,0.000000000000000000e+00,4.637303376613705064e-01,4.006419547438755391e-02,3.235314012108009840e-01,1.000000000000000000e+00
9.297343047783900305e-01,-1.655794679671303560e-01,-3.288743060915124139e-01,0.000000000000000000e+00,-7.626760387693548582e-02,-9.604052963938949361e-01,2.679284720940164344e-01,0.000000000000000000e+00,-3.602230146900177177e-01,-2.240241495894609858e-01,-9.055675348025425953e-01,0.000000000000000000e+00,4.563213379345589238e-01,3.331446716969908850e-02,3.271935511973369515e-01,1.000000000000000000e+00
9.183031975909676792e-01,-1.442480810857285911e-01,-3.686359658233274161e-01,0.000000000000000000e+00,-5.815329378437752994e-02,-9.702898232319786542e-01,2.348118401096751795e-01,0.000000000000000000e+00,-3.915624222576944979e-01,-1.941948068367229663e-01,-8.994260650399980017e-01,0.000000000000000000e+00,4.497687847449158283e-01,2.721474245770443001e-02,3.293927141656734503e-01,1.000000000000000000e+00
9.122917733573151500e-01,-1.297198841393391311e-01,-3.884291683494561775e-01,0.000000000000000000e+00,-4.706794190339893408e-02,-9.754239328665973430e-01,2.152057316551923283e-01,0.000000000000000000e+00,-4.068074019110595740e-01,-1.780512850778976919e-01,-8.959941281238862354e-01,0.000000000000000000e+00,4.468742804052131534e-01,2.420722370458465444e-02,3.301562961911972960e-01,1.000000000000000000e+00
9.065205010882936287e-01,-1.100923736153170407e-01,-4.075303636289972498e-01,0.000000000000000000e+00,-3.262888686706546387e-02,-9.807700786150017613e-01,1.923698405066349426e-01,0.000000000000000000e+00,-4.208801423747478010e-01,-1.610930436208886929e-01,-8.926975619164480014e-01,0.000000000000000000e+00,4.443089870999334390e-01,2.156557768790042656e-02,3.304522138050607905e-01,1.000000000000000000e+00
8.954699312454195148e-01,-6.833301712429083741e-02,-4.398237691476246658e-01,0.000000000000000000e+00,-4.485104541001360204e-03,-9.894707212075100067e-01,1.445971044369639136e-01,0.000000000000000000e+00,-4.450820676853390889e-01,-1.275121585883969844e-01,-8.863648246839844758e-01,0.000000000000000000e+00,4.400598131924037260e-01,1.610714037123408757e-02,3.304047142067260134e-01,1.000000000000000000e+00
8.903471210756134235e-01,-4.528935139735373178e-02,-4.530028979417046742e-01,0.000000000000000000e+00,1.045648623306086843e-02,-9.927331760710232933e-01,1.198008761437282521e-01,0.000000000000000000e+00,-4.551454725811784341e-01,-1.114033286020599672e-01,-8.834205664151346671e-01,0.000000000000000000e+00,4.382614639619398234e-01,1.369109094125469175e-02,3.301957866392088992e-01,1.000000000000000000e+00
8.799015721823617575e-01,5.271251708314477619e-03,-4.751064976167387877e-01,0.000000000000000000e+00,4.488216964288276739e-02,-9.963797556925688692e-01,7.206746974448705045e-02,0.000000000000000000e+00,-4.730157172686482725e-01,-8.473772181957887895e-02,-8.769695831199927349e-01,0.000000000000000000e+00,4.349396852637643085e-01,8.543581638891517560e-03,3.297619354677983616e-01,1.000000000000000000e+00
8.744700504886295800e-01,3.127804380301578424e-02,-4.840501644204643905e-01,0.000000000000000000e+00,6.359345651796000087e-02,-9.966885811045038679e-01,5.048258595988947689e-02,0.000000000000000000e+00,-4.808775334073489560e-01,-7.492937519938848434e-02,-8.735802118845718001e-01,0.000000000000000000e+00,4.334878465773919776e-01,5.689890428952066974e-03,3.296465601642800669e-01,1.000000000000000000e+00
8.682001382234284526e-01,5.614832451827556775e-02,-4.930077408558797281e-01,0.000000000000000000e+00,8.194198137463058751e-02,-9.961498180795219648e-01,3.085123222406350660e-02,0.000000000000000000e+00,-4.893867485780929449e-01,-6.718436870734421917e-02,-8.694750547989044120e-01,0.000000000000000000e+00,4.318411489205247755e-01,2.677852872605014818e-03,3.297241822221594343e-01,1.000000000000000000e+00
8.536479354140215081e-01,1.049504644435649697e-01,-5.101483600656445683e-01,0.000000000000000000e+00,1.193936375035068859e-01,-9.928272632181845969e-01,-4.464486037454009661e-03,0.000000000000000000e+00,-5.069675107379201240e-01,-5.709846840858191080e-02,-8.600719202262046004e-01,0.000000000000000000e+00,4.284202800476868411e-01,-3.701586768169368158e-03,3.306693459973513716e-01,1.000000000000000000e+00
8.351961449349449840e-01,1.501262260308421082e-01,-5.290465599970869404e-01,0.000000000000000000e+00,1.523908034921009069e-01,-9.875149715728458455e-01,-3.964808736524020466e-02,0.000000000000000000e+00,-5.284037897920865756e-01,-4.750881533311058363e-02,-8.476628736703082367e-01,0.000000000000000000e+00,4.244495156307910855e-01,-1.035692094580602240e-02,3.327903659260173508e-01,1.000000000000000000e+00
8.236468841449966494e-01,1.751197528337896936e-01,-5.393696592383366850e-01,0.000000000000000000e+00,1.694114611723354646e-01,-9.836663625872928973e-01,-6.067116975093756609e-02,0.000000000000000000e+00,-5.411949307233101525e-01,-4.140457932725562229e-02,-8.398771980296431128e-01,0.000000000000000000e+00,4.221300797839034891e-01,-1.333621910109116480e-02,3.343995249169068873e-01,1.000000000000000000e+00
8.107429416714688752e-01,2.006388349152181672e-01,-5.499278928686609502e-01,0.000000000000000000e+00,1.850879902350990591e-01,-9.790858214985466157e-01,-8.434534315809155691e-02,0.000000000000000000e+00,-5.553602465417331047e-01,-3.340329995403665958e-02,-8.309387559340856155e-01,0.000000000000000000e+00,4.196176090492662603e-01,-1.618976809339146838e-02,3.363638178276686652e-01,1.000000000000000000e+00
7.815754387055589003e-01,2.487396828578116725e-01,-5.720569470649026211e-01,0.000000000000000000e+00,2.076617205065200977e-01,-9.684932538712890393e-01,-1.373978673170846154e-01,0.000000000000000000e+00,-5.882209210798595711e-01,-1.140775106420457291e-02,-8.086198187155807515e-01,0.000000000000000000e+00,4.138367525218304421e-01,-2.066048042479583582e-02,3.412947545790231407e-01,1.000000000000000000e+00
7.476776144331677143e-01,2.889386812648386815e-01,-5.978907678210725329e-01,0.000000000000000000e+00,2.200039112831281285e-01,-9.572984136712405778e-01,-1.875067281562456112e-01,0.000000000000000000e+00,-6.265498933725379693e-01,8.656442420662765341e-03,-7.793332388134610600e-01,0.000000000000000000e+00,4.070451979344751892e-01,-2.604327563137597695e-02,3.477792832183890792e-01,1.000000000000000000e+00
7.301881725855762229e-01,3.076745432343866993e-01,-6.100347161947889951e-01,0.000000000000000000e+00,2.253112258615488361e-01,-9.513472412660611832e-01,-2.101285914325539683e-01,0.000000000000000000e+00,-6.450184813224765223e-01,1.598605024317247339e-02,-7.639997414594252856e-01,0.000000000000000000e+00,4.041099875881546399e-01,-2.915171057324522641e-02,3.510820300366415125e-01,1.000000000000000000e+00
7.139660725639470629e-01,3.254271958685439614e-01,-6.199438154526240030e-01,0.000000000000000000e+00,2.294326147539627603e-01,-9.452677266092874842e-01,-2.319705740374786163e-01,0.000000000000000000e+00,-6.615151507079716220e-01,2.338423933516929967e-02,-7.495671302388632329e-01,0.000000000000000000e+00,4.017325483324672430e-01,-3.225694063548310148e-02,3.540668969093226925e-01,1.000000000000000000e+00
6.801250661776341300e-01,3.743991782125673518e-01,-6.302665282337557295e-01,0.000000000000000000e+00,2.454858669979571861e-01,-9.264198347701739777e-01,-2.854185098235105800e-01,0.000000000000000000e+00,-6.907651678420833052e-01,3.939951632156095396e-02,-7.220049591309782855e-01,0.000000000000000000e+00,3.986547613692242864e-01,-3.885375898937019901e-02,3.595974167654197307e-01,1.000000000000000000e+00
6.476988696648299237e-01,4.284057125650140851e-01,-6.300281474488043099e-01,0.000000000000000000e+00,2.641876833300316196e-01,-9.019088177773212367e-01,-3.416812832061978944e-01,0.000000000000000000e+00,-7.146199138818669638e-01,5.486196047381673019e-02,-6.973582608505058955e-01,0.000000000000000000e+00,3.972328485968806278e-01,-4.523540419099520565e-02,3.633868886583874191e-01,1.000000000000000000e+00
6.307515288001596110e-01,4.539841987745364960e-01,-6.293104186969352698e-01,0.000000000000000000e+00,2.708332175289805410e-01,-8.887857411618255155e-01,-3.697161363688805102e-01,0.000000000000000000e+00,-7.271814113414100111e-01,6.276206108072117373e-02,-6.835701271182168526e-01,0.000000000000000000e+00,3.964168938724859093e-01,-4.869519922024851538e-02,3.650157044960694597e-01,1.000000000000000000e+00
6.114344258043489244e-01,4.834900923391798888e-01,-6.263912678608840601e-01,0.000000000000000000e+00,2.780357334874599129e-01,-8.724033816311537182e-01,-4.019816134151238951e-01,0.000000000000000000e+00,-7.408342510498155953e-01,7.162762042619338909e-02,-6.678578415078616493e-01,0.000000000000000000e+00,3.952202173116501349e-01,-5.211301117794591570e-02,3.669897595630919329e-01,1.000000000000000000e+00
5.908208080745368518e-01,5.150729185454530068e-01,-6.209761736398818899e-01,0.000000000000000000e+00,2.848138830854192727e-01,-8.532807484378535090e-01,-4.367765598659684723e-01,0.000000000000000000e+00,-7.548533249135579437e-01,8.119560799718970878e-02,-6.508484701594627886e-01,0.000000000000000000e+00,3.939917347497616240e-01,-5.585673125334490730e-02,3.690803216005606457e-01,1.000000000000000000e+00
5.530115378970108519e-01,5.719287458037620731e-01,-6.058518759377796714e-01,0.000000000000000000e+00,2.945087694189902350e-01,-8.144081385061526790e-01,-4.999847153378426667e-01,0.000000000000000000e+00,-7.793813351630134445e-01,9.807051408265353432e-02,-6.188270426113282596e-01,0.000000000000000000e+00,3.926641955003522533e-01,-6.399507295108770866e-02,3.731396872559977207e-01,1.000000000000000000e+00
5.164994881083861955e-01,6.297703209242756506e-01,-5.801709821836299463e-01,0.000000000000000000e+00,3.020557681588976751e-01,-7.679912126708009490e-01,-5.647411416601229028e-01,0.000000000000000000e+00,-8.012388525168364639e-01,1.164467608552113287e-01,-5.869041259897840312e-01,0.000000000000000000e+00,3.920567453179386597e-01,-7.233367038798284299e-02,3.773121971454037604e-01,1.000000000000000000e+00
4.983560434809555795e-01,6.564539441368041350e-01,-5.662951704318605062e-01,0.000000000000000000e+00,3.039170069512128758e-01,-7.440209307010064999e-01,-5.950193731853046231e-01,0.000000000000000000e+00,-8.119539067502811180e-01,1.244271629750296621e-01,-5.703058253489448060e-01,0.000000000000000000e+00,3.916837284483173920e-01,-7.680221357285012262e-02,3.796233153918303072e-01,1.000000000000000000e+00
4.807778317121170208e-01,6.816273694376352443e-01,-5.515592014180644709e-01,0.000000000000000000e+00,3.040879324871898493e-01,-7.196076627438495743e-01,-6.242404087666933998e-01,0.000000000000000000e+00,-8.224214096822818343e-01,1.324010021200056619e-01,-5.532567211826951992e-01,0.000000000000000000e+00,3.913133657608562355e-01,-8.152123355212112510e-02,3.819346419904925960e-01,1.000000000000000000e+00
4.461913265195813771e-01,7.314000609010687937e-01,-5.157014620435134145e-01,0.000000000000000000e+00,3.036441358956101233e-01,-6.657889416182356523e-01,-6.815468222039378077e-01,0.000000000000000000e+00,-8.418479260531054331e-01,1.475133959520603111e-01,-5.191645860560748504e-01,0.000000000000000000e+00,3.906743519681787347e-01,-9.059598511504676766e-02,3.867530761893217539e-01,1.000000000000000000e+00
4.106231264088741617e-01,7.781619597908374653e-01,-4.752192749604050581e-01,0.000000000000000000e+00,3.064563730272747422e-01,-6.086508261617389337e-01,-7.318534075515455983e-01,0.000000000000000000e+00,-8.587596199963484223e-01,1.548849408998551891e-01,-4.884082003265050598e-01,0.000000000000000000e+00,3.907063662210832344e-01,-1.008006420337772546e-01,3.920763672025268654e-01,1.000000000000000000e+00
3.924210351620198711e-01,8.021386266545398325e-01,-4.500667747038722966e-01,0.000000000000000000e+00,3.112234743973452122e-01,-5.762552528578556155e-01,-7.556788864583835474e-01,0.000000000000000000e+00,-8.655292313552575001e-01,1.564759581870165395e-01,-4.757882135772517618e-01,0.000000000000000000e+00,3.912136266805558704e-01,-1.059122120074268147e-01,3.948757430126975110e-01,1.000000000000000000e+00
3.745804584844029117e-01,8.237255563397721803e-01,-4.256130106746685016e-01,0.000000000000000000e+00,3.168907009315139467e-01,-5.451292087210091175e-01,-7.761412090357969751e-01,0.000000000000000000e+00,-8.713582092873700669e-01,1.558575253913337677e-01,-4.652346750688273747e-01,0.000000000000000000e+00,3.921573934775871573e-01,-1.112522525115217931e-01,3.973239278666996221e-01,1.000000000000000000e+00
3.387943449598853074e-01,8.644112455715429189e-01,-3.714731985673584425e-01,0.000000000000000000e+00,3.337162755109858714e-01,-4.795585864424653511e-01,-8.115650045003102164e-01,0.000000000000000000e+00,-8.796860150903659248e-01,1.509898888372435688e-01,-4.509485207020300646e-01,0.000000000000000000e+00,3.952233083455873319e-01,-1.210096593432149759e-01,4.020421477097516627e-01,1.000000000000000000e+00
3.044601342806739219e-01,8.976594825381128961e-01,-3.185784470807933588e-01,0.000000000000000000e+00,3.506239036363772432e-01,-4.165916369536966091e-01,-8.387461076632404255e-01,0.000000000000000000e+00,-8.856425651171953017e-01,1.436662998581241801e-01,-4.415849195089318613e-01,0.000000000000000000e+00,3.985783241990372705e-01,-1.300445547393551393e-01,4.061074055718592035e-01,1.000000000000000000e+00
2.882963780278142707e-01,9.106754410868886929e-01,-2.958651488743685443e-01,0.000000000000000000e+00,3.575760884282505048e-01,-3.890232477816166767e-01,-8.489882216915632940e-01,0.000000000000000000e+00,-8.882682463033356735e-01,1.389686022414419742e-01,-4.377981843272722440e-01,0.000000000000000000e+00,4.001245532395378834e-01,-1.344410848061427244e-01,4.077587001676680201e-01,1.000000000000000000e+00
2.729171132534591315e-01,9.218543254515662033e-01,-2.751028877362884928e-01,0.000000000000000000e+00,3.631184951496565505e-01,-3.635174680225468635e-01,-8.578932077035775761e-01,0.000000000000000000e+00,-8.908744215858981352e-01,1.342413756825525384e-01,-4.339608484861821047e-01,0.000000000000000000e+00,4.015460268608049832e-01,-1.386872945626240194e-01,4.090577166755866023e-01,1.000000000000000000e+00
2.584632383888095242e-01,9.315621371094855441e-01,-2.556745705125672563e-01,0.000000000000000000e+00,3.688437298568473799e-01,-3.397831282448779411e-01,-8.651488170289673985e-01,0.000000000000000000e+00,-8.928309760536602413e-01,1.293076922939259410e-01,-4.314306072970340300e-01,0.000000000000000000e+00,4.029944643372933566e-01,-1.428609924640131812e-01,4.098078869907703647e-01,1.000000000000000000e+00
2.310329744243080907e-01,9.466892595107586628e-01,-2.244637110021056869e-01,0.000000000000000000e+00,3.849200880175122630e-01,-3.008195601221800852e-01,-8.725393200250043391e-01,0.000000000000000000e+00,-8.935638814492239401e-01,1.151869807181912647e-01,-4.339073048963615897e-01,0.000000000000000000e+00,4.064467698252486327e-01,-1.517822182071305315e-01,4.095599786604559589e-01,1.000000000000000000e+00
2.008251237033479575e-01,9.603135582976074502e-01,-1.935145636393579283e-01,0.000000000000000000e+00,3.961367170611367339e-01,-2.602767757815830363e-01,-8.805182839021441499e-01,0.000000000000000000e+00,-8.959582430235689676e-01,1.001738980020486502e-01,-4.326939067252903448e-01,0.000000000000000000e+00,4.084381189964849113e-01,-1.604605044061464536e-01,4.089341660061232564e-01,1.000000000000000000e+00
1.841091615763204015e-01,9.665135166091702867e-01,-1.787069828983967046e-01,0.000000000000000000e+00,3.995706210644459633e-01,-2.397107900405651970e-01,-8.847953451626593413e-01,0.000000000000000000e+00,-8.980219422940989293e-01,9.149463057442386305e-02,-4.303316438915267272e-01,0.000000000000000000e+00,4.088525604426995197e-01,-1.648082078333487632e-01,4.085924978458620460e-01,1.000000000000000000e+00
1.660757266646776531e-01,9.724422330059605546e-01,-1.635717071512945153e-01,0.000000000000000000e+00,4.011980883605838488e-01,-2.181582549056542419e-01,-8.896222887346861841e-01,0.000000000000000000e+00,-9.008081465213340078e-01,8.212159293487177047e-02,-4.263809647892812804e-01,0.000000000000000000e+00,4.088732532701541689e-01,-1.689568348347359195e-01,4.081153519676633534e-01,1.000000000000000000e+00
1.470534289540454675e-01,9.780745134305347532e-01,-1.473983789316837822e-01,0.000000000000000000e+00,4.013970522623840353e-01,-1.952061751329467187e-01,-8.948495418371975596e-01,0.000000000000000000e+00,-9.040200091845513874e-01,7.242681315427347555e-02,-4.213100755147918264e-01,0.000000000000000000e+00,4.086073982134338922e-01,-1.728101540740842046e-01,4.075662305035553934e-01,1.000000000000000000e+00
9.180110593182772005e-02,9.908748783598887444e-01,-9.859147674204710166e-02,0.000000000000000000e+00,3.953636352617518335e-01,-1.271409218291798260e-01,-9.096722095404735642e-01,0.000000000000000000e+00,-9.139239470813128596e-01,4.453028756673031718e-02,-4.034353386114529760e-01,0.000000000000000000e+00,4.071545291893312601e-01,-1.826490031212671672e-01,4.059072887894332737e-01,1.000000000000000000e+00
7.674591322417971540e-02,9.931584592791600219e-01,-8.790384785002597345e-02,0.000000000000000000e+00,3.918653587384853809e-01,-1.111148672349159955e-01,-9.132774900331955825e-01,0.000000000000000000e+00,-9.168143407960774871e-01,3.564452839506713350e-02,-3.977196652243225050e-01,0.000000000000000000e+00,4.068134848210026577e-01,-1.856257767646705414e-01,4.054935675907325177e-01,1.000000000000000000e+00
6.528763018234616522e-02,9.941845534173484600e-01,-8.552979593527008928e-02,0.000000000000000000e+00,3.872387242521713180e-01,-1.042382996335727008e-01,-9.160574732134771914e-01,0.000000000000000000e+00,-9.196633767775126422e-01,2.668728628637281192e-02,-3.917997730535991985e-01,0.000000000000000000e+00,4.065021638019623573e-01,-1.885663065483575984e-01,4.050952046590582944e-01,1.000000000000000000e+00
