9.996700646771323751e-01,1.980305533080654531e-02,1.575905102444161154e-02,0.000000000000000000e+00,2.280241281477307300e-02,-9.749124929476171708e-01,-2.213739550301588588e-01,0.000000000000000000e+00,1.098002643999912951e-02,2.216645280589171485e-01,-9.750611652710788890e-01,0.000000000000000000e+00,6.229524219472125646e-01,2.953919726154089487e-01,2.876973001624137313e-02,1.000000000000000000e+00
9.996701491634470971e-01,1.979649921111712937e-02,1.576192855345206686e-02,0.000000000000000000e+00,2.279659149283157563e-02,-9.749139499057377645e-01,-2.213681381696780415e-01,0.000000000000000000e+00,1.098442133568475372e-02,2.216587055674451856e-01,-9.750624394027722630e-01,0.000000000000000000e+00,6.229553256019809693e-01,2.953876550797750467e-01,2.877153800502863304e-02,1.000000000000000000e+00
9.996702667313260848e-01,1.979116040073173113e-02,1.576117649543899366e-02,0.000000000000000000e+00,2.279119389158004716e-02,-9.749145653328680217e-01,-2.213659835747801008e-01,0.000000000000000000e+00,1.098492233778638680e-02,2.216564754489293299e-01,-9.750629407237213497e-01,0.000000000000000000e+00,6.229552135574560889e-01,2.953867598590913524e-01,2.877116700721735892e-02,1.000000000000000000e+00
9.996705192367604242e-01,1.978667626620046055e-02,1.575078767714743061e-02,0.000000000000000000e+00,2.278454302973630802e-02,-9.749142087498094966e-01,-2.213682386383992451e-01,0.000000000000000000e+00,1.097573634883178620e-02,2.216584441736816069e-01,-9.750625966255210830e-01,0.000000000000000000e+00,6.229528496618125244e-01,2.953865898069275575e-01,2.876675546825207402e-02,1.000000000000000000e+00
9.996703268598051695e-01,1.978574496076520792e-02,1.576416168294111214e-02,0.000000000000000000e+00,2.278657474887697126e-02,-9.749146655206640810e-01,-2.213660178644266674e-01,0.000000000000000000e+00,1.098903241481926675e-02,2.216565182575705728e-01,-9.750628846800175609e-01,0.000000000000000000e+00,6.229581604078325840e-01,2.953834447819060904e-01,2.877134788583678160e-02,1.000000000000000000e+00
9.996702967049682087e-01,1.979205358586120025e-02,1.575815350424462913e-02,0.000000000000000000e+00,2.279132289898885486e-02,-9.749160113226165159e-01,-2.213596019343231636e-01,0.000000000000000000e+00,1.098192649305430868e-02,2.216500355590174109e-01,-9.750644383973746665e-01,0.000000000000000000e+00,6.229561862937369465e-01,2.953801812008023941e-01,2.876755748008210170e-02,1.000000000000000000e+00
9.996703381056442073e-01,1.978670814491777577e-02,1.576223949011519229e-02,0.000000000000000000e+00,2.278705571907163954e-02,-9.749153035345342611e-01,-2.213631584682316800e-01,0.000000000000000000e+00,1.098701182026555305e-02,2.216536260187483565e-01,-9.750635649248731163e-01,0.000000000000000000e+00,6.229585040382935590e-01,2.953796280966622945e-01,2.876836229602793699e-02,1.000000000000000000e+00
9.996701452571525870e-01,1.978467698932347488e-02,1.577701299928702117e-02,0.000000000000000000e+00,2.278836510427639447e-02,-9.749149699391562729e-01,-2.213644928745721607e-01,0.000000000000000000e+00,1.100183298487804676e-02,2.216552746300823606e-01,-9.750630230398623643e-01,0.000000000000000000e+00,6.229630123480853765e-01,2.953825102454736284e-01,2.877850531432973868e-02,1.000000000000000000e+00
9.996702368056282761e-01,1.977587741834635135e-02,1.578224377335858686e-02,0.000000000000000000e+00,2.278088583058693675e-02,-9.749162959513655302e-01,-2.213594227279505611e-01,0.000000000000000000e+00,1.100900178945949694e-02,2.216502274848857201e-01,-9.750640894502768941e-01,0.000000000000000000e+00,6.229683189276957744e-01,2.953748479431919649e-01,2.877843657840421440e-02,1.000000000000000000e+00
9.996700756241949648e-01,1.977318985184489675e-02,1.579581481936460918e-02,0.000000000000000000e+00,2.278131876884463558e-02,-9.749153741452283306e-01,-2.213634379739111147e-01,0.000000000000000000e+00,1.102273365101442276e-02,2.216545218088311620e-01,-9.750629581235035204e-01,0.000000000000000000e+00,6.229733546371076791e-01,2.953755174142599915e-01,2.878585013813813112e-02,1.000000000000000000e+00
9.996702482644415078e-01,1.976780917276650673e-02,1.579162298901782419e-02,0.000000000000000000e+00,2.277513298471411235e-02,-9.749157003405927169e-01,-2.213626378776433479e-01,0.000000000000000000e+00,1.101985896874092298e-02,2.216535669952575949e-01,-9.750632076673737547e-01,0.000000000000000000e+00,6.229737686809632136e-01,2.953742198770863969e-01,2.878381772034059247e-02,1.000000000000000000e+00
9.996700168869122605e-01,1.977154360913156023e-02,1.580159175022641596e-02,0.000000000000000000e+00,2.278104981006521049e-02,-9.749142601250360141e-01,-2.213683718953841917e-01,0.000000000000000000e+00,1.102861504637290754e-02,2.216595685531987936e-01,-9.750617443623603720e-01,0.000000000000000000e+00,6.229753629252835490e-01,2.953784139863688263e-01,2.879031234801029612e-02,1.000000000000000000e+00
9.996695237793224997e-01,1.977286749984030409e-02,1.583110352642174909e-02,0.000000000000000000e+00,2.278897890431166515e-02,-9.749121677552156084e-01,-2.213767704718203888e-01,0.000000000000000000e+00,1.105689478630672226e-02,2.216686532061439563e-01,-9.750593588410189083e-01,0.000000000000000000e+00,6.229849644436880052e-01,2.953837295318679224e-01,2.880864465401146435e-02,1.000000000000000000e+00
9.996688032874643248e-01,1.978564652226960652e-02,1.586060612689932717e-02,0.000000000000000000e+00,2.280817746577995520e-02,-9.749078223799465537e-01,-2.213939290140723715e-01,0.000000000000000000e+00,1.108242033008606693e-02,2.216866237463325506e-01,-9.750549834812287653e-01,0.000000000000000000e+00,6.229913514261846696e-01,2.954006211859718789e-01,2.883030442445368852e-02,1.000000000000000000e+00
9.996683818026629309e-01,1.977387076799177329e-02,1.590180367456660304e-02,0.000000000000000000e+00,2.280582701158820683e-02,-9.749078970147415646e-01,-2.213938424930102788e-01,0.000000000000000000e+00,1.112519494330447244e-02,2.216873462182132604e-01,-9.750543321088315230e-01,0.000000000000000000e+00,6.230091320814946654e-01,2.953963260867781826e-01,2.884851397470689777e-02,1.000000000000000000e+00
9.996626076952228601e-01,1.984072665193156379e-02,1.617909895879328722e-02,0.000000000000000000e+00,2.293374050088380425e-02,-9.748809912488707319e-01,-2.214990820510679692e-01,0.000000000000000000e+00,1.137821235567954697e-02,2.217996675532391826e-01,-9.750258682501001806e-01,0.000000000000000000e+00,6.231222814996663084e-01,2.954145481839738907e-01,2.899281551475382107e-02,1.000000000000000000e+00
9.995487323907422672e-01,1.878241177574321505e-02,2.302823234977926029e-02,0.000000000000000000e+00,2.348345912118353362e-02,-9.741127390388626406e-01,-2.247968987577825817e-01,0.000000000000000000e+00,1.821021717419824340e-02,2.252405743307602237e-01,-9.741329845896902206e-01,0.000000000000000000e+00,6.258845406140671752e-01,2.962918205569014529e-01,3.337717215173163776e-02,1.000000000000000000e+00
9.994555003049288011e-01,1.831325502041820930e-02,2.709380929271214267e-02,0.000000000000000000e+00,2.396291424852997620e-02,-9.738956851342240872e-01,-2.256850019803402774e-01,0.000000000000000000e+00,2.225394542588192068e-02,2.262157185479044263e-01,-9.738229873004831116e-01,0.000000000000000000e+00,6.273634359328166266e-01,2.965254339095917957e-01,3.592493090329462735e-02,1.000000000000000000e+00
9.992194075152300847e-01,1.794902938179447974e-02,3.491639858823269993e-02,0.000000000000000000e+00,2.536718564320048289e-02,-9.739547067336045139e-01,-2.252764568817832713e-01,0.000000000000000000e+00,2.996407390487313208e-02,2.259906895585975239e-01,-9.736685075054306582e-01,0.000000000000000000e+00,6.300703613583263918e-01,2.963329779711418310e-01,4.147548123118459384e-02,1.000000000000000000e+00
9.990643495912994165e-01,1.763974976571355824e-02,3.924298032929213198e-02,0.000000000000000000e+00,2.601570451628792621e-02,-9.741290823168157198e-01,-2.244470115736181826e-01,0.000000000000000000e+00,3.426919908400476861e-02,2.252622784129934552e-01,-9.736952952121764593e-01,0.000000000000000000e+00,6.314937344708788647e-01,2.958781931959072464e-01,4.438377127639356323e-02,1.000000000000000000e+00
9.986621409373211966e-01,1.690543030597007820e-02,4.867115763842459059e-02,0.000000000000000000e+00,2.729809884277081475e-02,-9.747580043006232042e-01,-2.215454665585483707e-01,0.000000000000000000e+00,4.369812036635094959e-02,2.225819854132777276e-01,-9.739341528285838656e-01,0.000000000000000000e+00,6.345443484727171235e-01,2.943932244258621322e-01,5.063457686324573936e-02,1.000000000000000000e+00
9.981664412911447348e-01,1.582363823731012045e-02,5.825903238395814532e-02,0.000000000000000000e+00,2.815194705590053775e-02,-9.756820630823359597e-01,-2.173309148684713921e-01,0.000000000000000000e+00,5.340435533422755593e-02,2.185767393515682666e-01,-9.743573183620944933e-01,0.000000000000000000e+00,6.377492708547591871e-01,2.921392804424465806e-01,5.746370030882088503e-02,1.000000000000000000e+00
9.979318273900428249e-01,1.528003608846639078e-02,6.228431006532234027e-02,0.000000000000000000e+00,2.833364860515283357e-02,-9.763138190610157752e-01,-2.144511085735444633e-01,0.000000000000000000e+00,5.753331964392695980e-02,2.157764827855628564e-01,-9.747463396224892440e-01,0.000000000000000000e+00,6.391822537038763796e-01,2.906526236634234261e-01,6.091914592790673155e-02,1.000000000000000000e+00
9.977124044981006135e-01,1.492261213616741244e-02,6.578769230532413581e-02,0.000000000000000000e+00,2.852036377269511619e-02,-9.770820300946017056e-01,-2.108981797401128511e-01,0.000000000000000000e+00,6.113399723532804420e-02,2.122961062870019899e-01,-9.752912373426763093e-01,0.000000000000000000e+00,6.403216871695212031e-01,2.888734845996351885e-01,6.434490256462560565e-02,1.000000000000000000e+00
9.975626076421761912e-01,1.480446031447780857e-02,6.804717988386374539e-02,0.000000000000000000e+00,2.860063979065135403e-02,-9.780181800909092393e-01,-2.065022753299329550e-01,0.000000000000000000e+00,6.349544677447339913e-02,2.079491448082272376e-01,-9.760765755884305284e-01,0.000000000000000000e+00,6.410212942791887469e-01,2.867458521248338332e-01,6.755855995827689253e-02,1.000000000000000000e+00
9.974882374099275362e-01,1.591187575882013761e-02,6.888232966356272469e-02,0.000000000000000000e+00,2.907418311018204748e-02,-9.804540024593643155e-01,-1.945389108612895490e-01,0.000000000000000000e+00,6.444171754023854393e-02,1.960567474682970435e-01,-9.784727981975873679e-01,0.000000000000000000e+00,6.411153823797022255e-01,2.815844655490369330e-01,7.358359508516842951e-02,1.000000000000000000e+00
9.976591837098079951e-01,1.951012794616822227e-02,6.539308043066846543e-02,0.000000000000000000e+00,3.093771734637197623e-02,-9.834274112888120589e-01,-1.785892809560241379e-01,0.000000000000000000e+00,6.082621917607389239e-02,1.801978182630781800e-01,-9.817478888971297168e-01,0.000000000000000000e+00,6.390091865237375046e-01,2.752195932804987200e-01,7.907708713803000833e-02,1.000000000000000000e+00
9.977230337801342719e-01,2.170810402202497796e-02,6.370441888552545728e-02,0.000000000000000000e+00,3.230687054830466004e-02,-9.848378526699180791e-01,-1.703860820756440686e-01,0.000000000000000000e+00,5.904090102750258334e-02,1.720595218156837081e-01,-9.833156629274337757e-01,0.000000000000000000e+00,6.374646053577784910e-01,2.719175104438605328e-01,8.190658883320832417e-02,1.000000000000000000e+00
9.977121059490057231e-01,2.395992534487395575e-02,6.306522434334251026e-02,0.000000000000000000e+00,3.397223542058916412e-02,-9.860602024853313274e-01,-1.628247867995653297e-01,0.000000000000000000e+00,5.828596033511897895e-02,1.645978966063006144e-01,-9.846371307545711549e-01,0.000000000000000000e+00,6.357980425487017584e-01,2.685822791311070490e-01,8.479408161881268891e-02,1.000000000000000000e+00
9.973776375514614712e-01,2.733805538814912048e-02,6.686722471486708508e-02,0.000000000000000000e+00,3.715350183532832584e-02,-9.879377092453660580e-01,-1.502645894866756759e-01,0.000000000000000000e+00,6.195390394276977658e-02,1.523578261863071936e-01,-9.863816738899975345e-01,0.000000000000000000e+00,6.326960802690188013e-01,2.622209635015673723e-01,9.145360488712252212e-02,1.000000000000000000e+00
9.968518679576489072e-01,3.162944734187855128e-02,7.257188375260809066e-02,0.000000000000000000e+00,4.144925647542734015e-02,-9.895450249633385154e-01,-1.380700894804827994e-01,0.000000000000000000e+00,6.744736446567106691e-02,1.406461851051623024e-01,-9.877598410757543190e-01,0.000000000000000000e+00,6.292888134968978031e-01,2.562665083833917112e-01,9.867320025884179779e-02,1.000000000000000000e+00
9.965295757606126292e-01,3.427198446762854539e-02,7.572966800556121814e-02,0.000000000000000000e+00,4.404633712662502781e-02,-9.903376115905854205e-01,-1.314232938104617221e-01,0.000000000000000000e+00,7.049515870527361949e-02,1.343053995085871088e-01,-9.884293056470740968e-01,0.000000000000000000e+00,6.275551341556937501e-01,2.531560858205250675e-01,1.023516062651574632e-01,1.000000000000000000e+00
9.961980510908038378e-01,3.633652458897131121e-02,7.905597311327935972e-02,0.000000000000000000e+00,4.601844383940927041e-02,-9.911651624640415159e-01,-1.243168148137558382e-01,0.000000000000000000e+00,7.384170711795583208e-02,1.274846559688390391e-01,-9.890879964808049207e-01,0.000000000000000000e+00,6.258102615526401902e-01,2.499471944200982454e-01,1.061727555785259985e-01,1.000000000000000000e+00
9.958412105161915662e-01,3.829359013905312553e-02,8.255078008787751498e-02,0.000000000000000000e+00,4.786193647465799422e-02,-9.919403610489178069e-01,-1.172360953812721512e-01,0.000000000000000000e+00,7.739754976187740443e-02,1.207018992187671724e-01,-9.896669494409926493e-01,0.000000000000000000e+00,6.241412303639195525e-01,2.467532008918750519e-01,1.100009880831797487e-01,1.000000000000000000e+00
9.950465909837010736e-01,4.271418968794379184e-02,8.965783107027383569e-02,0.000000000000000000e+00,5.191669000862951522e-02,-9.933206233454903167e-01,-1.029540841165753062e-01,0.000000000000000000e+00,8.466300239357416046e-02,1.071009102749752445e-01,-9.906369521898409358e-01,0.000000000000000000e+00,6.207802144773593156e-01,2.403914226161170120e-01,1.175411545905429150e-01,1.000000000000000000e+00
9.942737934509323638e-01,4.850420668389645446e-02,9.511946431654591527e-02,0.000000000000000000e+00,5.693758008456713260e-02,-9.944778596097002543e-01,-8.804910914615071693e-02,0.000000000000000000e+00,9.032518813215240083e-02,9.296258369565076063e-02,-9.915640768107327752e-01,0.000000000000000000e+00,6.172955700030983150e-01,2.336742971558129212e-01,1.244015464479800992e-01,1.000000000000000000e+00
9.939553535105543070e-01,5.229547090679032006e-02,9.642969382692344327e-02,0.000000000000000000e+00,6.008100025970877778e-02,-9.949982078812822373e-01,-7.968429344631071387e-02,0.000000000000000000e+00,9.178201198282379125e-02,8.499785899370185249e-02,-9.921448615211749811e-01,0.000000000000000000e+00,6.153226055932027316e-01,2.299540370984185511e-01,1.273866491308721094e-01,1.000000000000000000e+00
9.935872706183483949e-01,5.671279783614833342e-02,9.771766026663405991e-02,0.000000000000000000e+00,6.382854428342278619e-02,-9.954009193017568924e-01,-7.129988561761160804e-02,0.000000000000000000e+00,9.322642776027570410e-02,7.708131880605029185e-02,-9.926566896254604977e-01,0.000000000000000000e+00,6.134098146545041708e-01,2.261774210929638762e-01,1.303186061633513360e-01,1.000000000000000000e+00
9.931411284650717430e-01,6.277148182153652334e-02,9.854535464577017512e-02,0.000000000000000000e+00,6.912670181268670833e-02,-9.956412838080319627e-01,-6.245542390218865314e-02,0.000000000000000000e+00,9.419721749503429109e-02,6.884049091138016996e-02,-9.931706152657122644e-01,0.000000000000000000e+00,6.113683043151529883e-01,2.223101200336844163e-01,1.331171746368862430e-01,1.000000000000000000e+00
9.912700104409331026e-01,8.342050056075080156e-02,1.020075163300908083e-01,0.000000000000000000e+00,8.777405169733903945e-02,-9.953687920730877048e-01,-3.895421051443964666e-02,0.000000000000000000e+00,9.828741090902715083e-02,4.756866951953510336e-02,-9.940205262150985099e-01,0.000000000000000000e+00,6.055231838440915393e-01,2.105042783732871403e-01,1.414777171266369260e-01,1.000000000000000000e+00
9.906205785492235849e-01,8.902832469573415675e-02,1.035643454953535936e-01,0.000000000000000000e+00,9.270329195143353629e-02,-9.951945303844029755e-01,-3.122007776325258152e-02,0.000000000000000000e+00,1.002891298362080102e-01,4.052878755715066256e-02,-9.941325403666473326e-01,0.000000000000000000e+00,6.035444056207438512e-01,2.062190908716316495e-01,1.442960438484287011e-01,1.000000000000000000e+00
9.896799212075276797e-01,9.705592336704393919e-02,1.053306612494225858e-01,0.000000000000000000e+00,1.000182162728165819e-01,-9.947053482446783779e-01,-2.320287672349332850e-02,0.000000000000000000e+00,1.025229693386360691e-01,3.349905102503714788e-02,-9.941664117935241629e-01,0.000000000000000000e+00,6.015997746051443551e-01,2.017805759895942297e-01,1.470965515840364779e-01,1.000000000000000000e+00
9.864164815166411859e-01,1.230707875057994449e-01,1.087053501730287780e-01,0.000000000000000000e+00,1.236178782212191962e-01,-9.923187070218909556e-01,1.717783366650922584e-03,0.000000000000000000e+00,1.080838424306558992e-01,1.174370101778071662e-02,-9.940724161205914955e-01,0.000000000000000000e+00,5.950670494427908741e-01,1.876514746315632864e-01,1.552735591065837195e-01,1.000000000000000000e+00
9.853733651018000694e-01,1.303951625992516017e-01,1.096228982461137647e-01,0.000000000000000000e+00,1.301802729103068712e-01,-9.914384475622055604e-01,9.145935799588691267e-03,0.000000000000000000e+00,1.098790573524527081e-01,5.258678520909272451e-03,-9.939310534717940016e-01,0.000000000000000000e+00,5.929694567586534237e-01,1.828158830679950386e-01,1.582817426966013075e-01,1.000000000000000000e+00
9.845932076897173646e-01,1.359497381464950805e-01,1.098846257234399881e-01,0.000000000000000000e+00,1.349902510219899432e-01,-9.907054333436270399e-01,1.615931228872468511e-02,0.000000000000000000e+00,1.110622883126313465e-01,-1.077016646458667064e-03,-9.938128637474487048e-01,0.000000000000000000e+00,5.906886307765307764e-01,1.780097511771130403e-01,1.610399270561425344e-01,1.000000000000000000e+00
9.839479892342193335e-01,1.402257107589291452e-01,1.102898518690535873e-01,0.000000000000000000e+00,1.385288635281933800e-01,-9.900829873681513682e-01,2.293859182583108877e-02,0.000000000000000000e+00,1.124148506917157786e-01,-7.292193862106977585e-03,-9.936346034899532498e-01,0.000000000000000000e+00,5.885277185554510515e-01,1.731306518014203433e-01,1.638580605766070952e-01,1.000000000000000000e+00
9.825410173046954521e-01,1.493193347762045708e-01,1.108946909326768149e-01,0.000000000000000000e+00,1.462611678709570262e-01,-9.886075297377170390e-01,3.526428533403856702e-02,0.000000000000000000e+00,1.148991782566483044e-01,-1.842937460269704342e-02,-9.932061905705684701e-01,0.000000000000000000e+00,5.842916948955975132e-01,1.638299772827725986e-01,1.696941186111077249e-01,1.000000000000000000e+00
9.804859740408828905e-01,1.636727314837127523e-01,1.088082652144140156e-01,0.000000000000000000e+00,1.591716120415578306e-01,-9.860294357776132612e-01,4.889884049118158049e-02,0.000000000000000000e+00,1.152937789094030940e-01,-3.062602991682191259e-02,-9.928591999051645800e-01,0.000000000000000000e+00,5.798672049118557270e-01,1.546106304645389340e-01,1.753862681755153641e-01,1.000000000000000000e+00
9.798338727403453907e-01,1.702664452659709282e-01,1.044780663505751467e-01,0.000000000000000000e+00,1.651928352266306688e-01,-9.846890025687762282e-01,5.549452505521668133e-02,0.000000000000000000e+00,1.123294211473797322e-01,-3.711710202052363045e-02,-9.929775535641741646e-01,0.000000000000000000e+00,5.772588911163228920e-01,1.499606624623088802e-01,1.779689221622124951e-01,1.000000000000000000e+00
9.783594561641986154e-01,1.854699507316930063e-01,9.162106095699411312e-02,0.000000000000000000e+00,1.795940318784889633e-01,-9.813257427337875871e-01,6.874967100151863075e-02,0.000000000000000000e+00,1.026630803695803423e-01,-5.080827320696549437e-02,-9.934177425951056239e-01,0.000000000000000000e+00,5.718730711778784448e-01,1.412324259345016653e-01,1.835978143705912224e-01,1.000000000000000000e+00
9.774199774313979683e-01,1.949574465695206316e-01,8.137892015937681078e-02,0.000000000000000000e+00,1.889327815430646984e-01,-9.790197867398877651e-01,7.619322890778275348e-02,0.000000000000000000e+00,9.452783036696024710e-02,-5.909877616936438233e-02,-9.937664836073907271e-01,0.000000000000000000e+00,5.688208055170406174e-01,1.368451821033579430e-01,1.864876919152653467e-01,1.000000000000000000e+00
9.758098599989707411e-01,2.125524024144660740e-01,5.096410754478618993e-02,0.000000000000000000e+00,2.075557437321252363e-01,-9.741711472295724317e-01,8.883656933060474215e-02,0.000000000000000000e+00,6.853150879182411115e-02,-7.611117241210581252e-02,-9.947414346134230145e-01,0.000000000000000000e+00,5.615615115654659650e-01,1.282768592622192394e-01,1.920584491957233741e-01,1.000000000000000000e+00
9.754601926927071176e-01,2.178804756787663666e-01,3.140473994653768947e-02,0.000000000000000000e+00,2.141939437258627010e-01,-9.723504196377804609e-01,9.293203324259519116e-02,0.000000000000000000e+00,5.078546545190644468e-02,-8.392640979677190582e-02,-9.951769662916528647e-01,0.000000000000000000e+00,5.573186478063379967e-01,1.242640258670034137e-01,1.950083843417680651e-01,1.000000000000000000e+00
9.749347678782620541e-01,2.220974725089960300e-01,-1.247629706616793822e-02,0.000000000000000000e+00,2.222677259731507537e-01,-9.703577583587992272e-01,9.478199029783530849e-02,0.000000000000000000e+00,8.944541040908561558e-03,-9.518116841996114574e-02,-9.954197809787479478e-01,0.000000000000000000e+00,5.479749904753941081e-01,1.173186662610729986e-01,2.016755864226513206e-01,1.000000000000000000e+00
9.748106677873380477e-01,2.204624817252507918e-01,-3.348436979780070738e-02,0.000000000000000000e+00,2.226553506100481528e-01,-9.705416235607445818e-01,9.194726032894331991e-02,0.000000000000000000e+00,-1.222728884070935912e-02,-9.708851359450303142e-02,-9.952006400397941377e-01,0.000000000000000000e+00,5.433313437912264954e-01,1.145833487203746226e-01,2.054169059413092080e-01,1.000000000000000000e+00
9.738860156188978712e-01,2.207727199488012937e-01,-5.278429320891127319e-02,0.000000000000000000e+00,2.247709048980050528e-01,-9.703810516439190792e-01,8.842738163590531386e-02,0.000000000000000000e+00,-3.169913469920651594e-02,-9.798445022627239043e-02,-9.946829707867610448e-01,0.000000000000000000e+00,5.389911263071083258e-01,1.120490857022652526e-01,2.094290273765993526e-01,1.000000000000000000e+00
9.693041956061889675e-01,2.299330224453202953e-01,-8.695359952645070889e-02,0.000000000000000000e+00,2.368592622854054919e-01,-9.682307391564247689e-01,8.004793890803751921e-02,0.000000000000000000e+00,-6.578675000696083963e-02,-9.818845890218384775e-02,-9.929910020045175090e-01,0.000000000000000000e+00,5.310203432363892473e-01,1.071866118773400212e-01,2.174497735480996619e-01,1.000000000000000000e+00
9.642821705860448178e-01,2.391295880572546217e-01,-1.138318167589454644e-01,0.000000000000000000e+00,2.479792652749833737e-01,-9.661464052200772201e-01,7.105036646780751863e-02,0.000000000000000000e+00,-9.298974603732898525e-02,-9.674239447418937765e-02,-9.909560112554508526e-01,0.000000000000000000e+00,5.241168461313234772e-01,1.018519603146140762e-01,2.253047932675950604e-01,1.000000000000000000e+00
9.624972179772883774e-01,2.412947192484114767e-01,-1.239221963573061275e-01,0.000000000000000000e+00,2.506932640493864106e-01,-9.657598297177808488e-01,6.664522162132956173e-02,0.000000000000000000e+00,-1.035999338316794249e-01,-9.521413346210952366e-02,-9.900511716568649589e-01,0.000000000000000000e+00,5.212899739368929142e-01,9.880772329979450874e-02,2.290855156831709538e-01,1.000000000000000000e+00
9.606118404478322104e-01,2.440068619403323869e-01,-1.329145974626868287e-01,0.000000000000000000e+00,2.538436714037831665e-01,-9.652032442536443435e-01,6.266446099422014193e-02,0.000000000000000000e+00,-1.130012178208807394e-01,-9.393756119855960207e-02,-9.891443066444171039e-01,0.000000000000000000e+00,5.185838026883207164e-01,9.538933043172355408e-02,2.327075838684561082e-01,1.000000000000000000e+00
9.562483303264274204e-01,2.495104365094877319e-01,-1.526906012889243380e-01,0.000000000000000000e+00,2.602971167162319022e-01,-9.639529021248969265e-01,5.496326423542621797e-02,0.000000000000000000e+00,-1.334752099996910912e-01,-9.230523008130507578e-02,-9.867441982678063495e-01,0.000000000000000000e+00,5.124870419494513829e-01,8.705661589512894705e-02,2.389887494084191599e-01,1.000000000000000000e+00
9.494817107174117199e-01,2.596196742101047339e-01,-1.762465678456885676e-01,0.000000000000000000e+00,2.717124143649323753e-01,-9.611745760649913484e-01,4.792228195184183165e-02,0.000000000000000000e+00,-1.569651749702679344e-01,-9.339150879794698434e-02,-9.831784985092972828e-01,0.000000000000000000e+00,5.053536887123746268e-01,7.648054452151449578e-02,2.442413157018310244e-01,1.000000000000000000e+00
9.465989984695086790e-01,2.627434725918700309e-01,-1.868072552340961645e-01,0.000000000000000000e+00,2.753301026216508074e-01,-9.603094250971644374e-01,4.449594994056282199e-02,0.000000000000000000e+00,-1.677049763146535588e-01,-9.355528363287703153e-02,-9.813880220502355645e-01,0.000000000000000000e+00,5.018237832849374858e-01,7.096918839592390726e-02,2.468045773611725613e-01,1.000000000000000000e+00
9.435587239356740819e-01,2.667030961238075482e-01,-1.963342555543116930e-01,0.000000000000000000e+00,2.797243214083955931e-01,-9.591790425256666586e-01,4.135958526588889850e-02,0.000000000000000000e+00,-1.772923872406116652e-01,-9.394647266086246507e-02,-9.796639575390670984e-01,0.000000000000000000e+00,4.985269943535017845e-01,6.524502577950513915e-02,2.492113191280452833e-01,1.000000000000000000e+00
9.409232888307693665e-01,2.695208666575190648e-01,-2.049453924177769559e-01,0.000000000000000000e+00,2.828917060420660379e-01,-9.583711683316739061e-01,3.844129634130134809e-02,0.000000000000000000e+00,-1.860566058364851449e-01,-9.414947535605132367e-02,-9.780177992832169709e-01,0.000000000000000000e+00,4.953446635090055228e-01,5.938769852535213251e-02,2.517028687096021788e-01,1.000000000000000000e+00
9.351502320188164186e-01,2.761630912729952092e-01,-2.218304250433317804e-01,0.000000000000000000e+00,2.901067771919917382e-01,-9.564397459470701524e-01,3.227719165584530536e-02,0.000000000000000000e+00,-2.032575796847475025e-01,-9.454035315308927101e-02,-9.745503978380941623e-01,0.000000000000000000e+00,4.886870561782774569e-01,4.789078270081569000e-02,2.560945194484710585e-01,1.000000000000000000e+00
9.292966222877577787e-01,2.816034902898902348e-01,-2.389309711241396073e-01,0.000000000000000000e+00,2.956590945102511303e-01,-9.549715855136244880e-01,2.440732669058745183e-02,0.000000000000000000e+00,-2.213033607134815006e-01,-9.332555763183568442e-02,-9.707291912936509837e-01,0.000000000000000000e+00,4.814528992614757752e-01,3.711644378325655580e-02,2.600071663141818590e-01,1.000000000000000000e+00
9.261256977245182487e-01,2.835666604616425279e-01,-2.487205017486779912e-01,0.000000000000000000e+00,2.975099073630052549e-01,-9.545082648947149639e-01,1.955950331028521658e-02,0.000000000000000000e+00,-2.318638156308360232e-01,-9.211314554840355218e-02,-9.683771679558994538e-01,0.000000000000000000e+00,4.772990018115403910e-01,3.200008456991192823e-02,2.618108197687457617e-01,1.000000000000000000e+00
9.222735130586627861e-01,2.852458531466754432e-01,-2.608200860253402364e-01,0.000000000000000000e+00,2.987629210060829266e-01,-9.542307996827269490e-01,1.284697902173226151e-02,0.000000000000000000e+00,-2.452227330673721339e-01,-8.977352765114919586e-02,-9.653012612236847589e-01,0.000000000000000000e+00,4.724778547562839548e-01,2.740115089101995138e-02,2.633686242244552833e-01,1.000000000000000000e+00
9.174205526336131067e-01,2.884469031026879460e-01,-2.740778367491848444e-01,0.000000000000000000e+00,3.011542380721768941e-01,-9.535546976443001199e-01,4.506705322339733637e-03,0.000000000000000000e+00,-2.600532703902532217e-01,-8.667591496600272893e-02,-9.616962006393391382e-01,0.000000000000000000e+00,4.673272062292718187e-01,2.304608864776401186e-02,2.650460432101485186e-01,1.000000000000000000e+00
8.974566565399927365e-01,3.051565311374203060e-01,-3.184835757734496564e-01,0.000000000000000000e+00,3.124751245417915491e-01,-9.494665834377430391e-01,-2.921044982295519996e-02,0.000000000000000000e+00,-3.113092657796383000e-01,-7.330449370884439819e-02,-9.474771724119966931e-01,0.000000000000000000e+00,4.510453589670772589e-01,1.230485801929112263e-02,2.714375779580485148e-01,1.000000000000000000e+00
8.904284454082190825e-01,3.100107191375423010e-01,-3.331835598119063935e-01,0.000000000000000000e+00,3.147790534220425429e-01,-9.482658005712434335e-01,-4.107147300633205017e-02,0.000000000000000000e+00,-3.286855001793518305e-01,-6.830931287967376142e-02,-9.419658591189790098e-01,0.000000000000000000e+00,4.458109308758651523e-01,9.158092460507289909e-03,2.741242904045102513e-01,1.000000000000000000e+00
8.834428679073629276e-01,3.144602648750806084e-01,-3.473099305512533097e-01,0.000000000000000000e+00,3.163273482361625977e-01,-9.471614607282727860e-01,-5.294263848894144309e-02,0.000000000000000000e+00,-3.456135914013973021e-01,-6.309304770279106078e-02,-9.362534447307532259e-01,0.000000000000000000e+00,4.407748734042049588e-01,6.294910198247042829e-03,2.768243318909583972e-01,1.000000000000000000e+00
8.715999363196295091e-01,3.205317879794339353e-01,-3.708822869908098285e-01,0.000000000000000000e+00,3.178978240937275213e-01,-9.455215782995676221e-01,-7.007613935981563125e-02,0.000000000000000000e+00,-3.731460198197847355e-01,-5.682540749092737653e-02,-9.260307343474853958e-01,0.000000000000000000e+00,4.320048501229786786e-01,4.027369874740363928e-05,2.824191380676455698e-01,1.000000000000000000e+00
8.620771271262692714e-01,3.239527195932880299e-01,-3.896901451859399734e-01,0.000000000000000000e+00,3.183413116555375844e-01,-9.445045681072357091e-01,-8.093625281172953101e-02,0.000000000000000000e+00,-3.942912328146000456e-01,-5.428222475446361356e-02,-9.173809807278809902e-01,0.000000000000000000e+00,4.248973261758192677e-01,-5.651439681204136790e-03,2.872149570689068176e-01,1.000000000000000000e+00
8.570266594466720012e-01,3.256859469345084190e-01,-3.992677245511572215e-01,0.000000000000000000e+00,3.184373563626137216e-01,-9.439800234832521619e-01,-8.648764211467745155e-02,0.000000000000000000e+00,-4.050763645934233326e-01,-5.302056449219163387e-02,-9.127441912106070143e-01,0.000000000000000000e+00,4.213356501762500206e-01,-8.278753370881436480e-03,2.894066026487140952e-01,1.000000000000000000e+00
8.412948357561667034e-01,3.374069377163115280e-01,-4.223272482472732459e-01,0.000000000000000000e+00,3.248840209940306312e-01,-9.400272945685912429e-01,-1.038258410513172858e-01,0.000000000000000000e+00,-4.320390177673184562e-01,-4.986019065458086041e-02,-9.004755679720242156e-01,0.000000000000000000e+00,4.128978361322177548e-01,-1.265579552168547006e-02,2.935825702057255349e-01,1.000000000000000000e+00
8.311164815057149324e-01,3.458307998979025522e-01,-4.354620522074752476e-01,0.000000000000000000e+00,3.291724808119438905e-01,-9.371109113337870999e-01,-1.159713957684296720e-01,0.000000000000000000e+00,-4.481913502316440256e-01,-4.695728969156826721e-02,-8.927034930604663687e-01,0.000000000000000000e+00,4.080246702943545190e-01,-1.440342623605258936e-02,2.955476028196356020e-01,1.000000000000000000e+00
8.200888507824939389e-01,3.560106095543538185e-01,-4.479860149694342430e-01,0.000000000000000000e+00,3.337492405803499373e-01,-9.335196046276179604e-01,-1.308943814269497297e-01,0.000000000000000000e+00,-4.648124651723285483e-01,-4.217078136657312348e-02,-8.844043178430077701e-01,0.000000000000000000e+00,4.030869419463483649e-01,-1.580198413273705207e-02,2.974481001718633499e-01,1.000000000000000000e+00
7.993732851895415381e-01,3.756096643163726601e-01,-4.689354730649301639e-01,0.000000000000000000e+00,3.382143724597609924e-01,-9.263939039726136748e-01,-1.654875217206354943e-01,0.000000000000000000e+00,-4.965872369290326160e-01,-2.631491949482128376e-02,-8.675878290589197350e-01,0.000000000000000000e+00,3.936068713432471777e-01,-1.766551657678916420e-02,3.012335145118160695e-01,1.000000000000000000e+00
7.840322134062593928e-01,3.902256715677248633e-01,-4.826988300089490869e-01,0.000000000000000000e+00,3.376412148357363918e-01,-9.206606527350906788e-01,-1.958650541848984683e-01,0.000000000000000000e+00,-5.208434200662760416e-01,-9.414688664418203665e-03,-8.536003136193291985e-01,0.000000000000000000e+00,3.860792064684657188e-01,-1.967300698438499695e-02,3.048097921702916380e-01,1.000000000000000000e+00
7.780121193090208109e-01,3.954053882054609503e-01,-4.881930643583367035e-01,0.000000000000000000e+00,3.366154783581600807e-01,-9.184915927354272425e-01,-2.074703851282239664e-01,0.000000000000000000e+00,-5.304463461535458002e-01,-2.918924060982515736e-03,-8.477134856392689599e-01,0.000000000000000000e+00,3.830107999742238256e-01,-2.124546108008622952e-02,3.063973129757032732e-01,1.000000000000000000e+00
7.726341616998819717e-01,3.999239793241770036e-01,-4.930294208635465081e-01,0.000000000000000000e+00,3.358479011411671933e-01,-9.165351996104517118e-01,-2.171408807095303872e-01,0.000000000000000000e+00,-5.387290359556589081e-01,2.187608258152740244e-03,-8.424762549700703929e-01,0.000000000000000000e+00,3.802940276463689373e-01,-2.330056696504607255e-02,3.078389491120779309e-01,1.000000000000000000e+00
7.631946612789537454e-01,4.085303790670902213e-01,-5.006172043346202027e-01,0.000000000000000000e+00,3.351428604135103240e-01,-9.126714187257717326e-01,-2.338608377992045240e-01,0.000000000000000000e+00,-5.524489071870511969e-01,1.070326712871630913e-02,-8.334780411148241530e-01,0.000000000000000000e+00,3.757409160424919903e-01,-2.766434905193353860e-02,3.102922845444402999e-01,1.000000000000000000e+00
7.547875794602542099e-01,4.231539817474376242e-01,-5.012156866310432113e-01,0.000000000000000000e+00,3.403388199878822351e-01,-9.058308247613584552e-01,-2.522315432744710040e-01,0.000000000000000000e+00,-5.607601970346939302e-01,1.979846184597874523e-02,-8.277415190324480809e-01,0.000000000000000000e+00,3.727067652721191560e-01,-3.234019633212820155e-02,3.120628949859403645e-01,1.000000000000000000e+00
7.504237793329465722e-01,4.327029822030270534e-01,-4.996128776417518846e-01,0.000000000000000000e+00,3.450276378650752873e-01,-9.011947238577452390e-01,-2.622684611260320264e-01,0.000000000000000000e+00,-5.637436883820905464e-01,2.443270918369008782e-02,-8.255883335726723615e-01,0.000000000000000000e+00,3.715184038430005553e-01,-3.471071216452207425e-02,3.127439044748177022e-01,1.000000000000000000e+00
7.448007931033463480e-01,4.452523663758297112e-01,-4.969938186039725148e-01,0.000000000000000000e+00,3.522237015577293073e-01,-8.949260625297371652e-01,-2.739097544214162960e-01,0.000000000000000000e+00,-5.667425990656788093e-01,2.895575737986919723e-02,-8.233859304838996307e-01,0.000000000000000000e+00,3.704218235194148279e-01,-3.692767919480564875e-02,3.133460626639961721e-01,1.000000000000000000e+00
7.389508705895031504e-01,4.583052243556468563e-01,-4.938508672509790975e-01,0.000000000000000000e+00,3.598414902604383236e-01,-8.881532025291362098e-01,-2.857949223229736546e-01,0.000000000000000000e+00,-5.696075020251925025e-01,3.348101923598956892e-02,-8.212346284634736149e-01,0.000000000000000000e+00,3.694286663222525746e-01,-3.909934768877420391e-02,3.139665199816058516e-01,1.000000000000000000e+00
7.266480556009531355e-01,4.859916752881699442e-01,-4.855671341258182561e-01,0.000000000000000000e+00,3.765620771977265524e-01,-8.729169907299489939e-01,-3.101575022673349058e-01,0.000000000000000000e+00,-5.746048285721020443e-01,4.252999614145921981e-02,-8.173252048051821150e-01,0.000000000000000000e+00,3.677178390972536404e-01,-4.340259140695258699e-02,3.153914779859485762e-01,1.000000000000000000e+00
7.146174266489389026e-01,5.119087827068562468e-01,-4.767096376395608681e-01,0.000000000000000000e+00,3.919991623178850637e-01,-8.574996387638554873e-01,-3.331842930918891832e-01,0.000000000000000000e+00,-5.793494622373166481e-01,5.123050985166861110e-02,-8.134676609833180194e-01,0.000000000000000000e+00,3.661594944713894573e-01,-4.744236332454890293e-02,3.171239627573188002e-01,1.000000000000000000e+00
7.095065496992409848e-01,5.228510717404315500e-01,-4.724488962998737995e-01,0.000000000000000000e+00,3.979481235668758110e-01,-8.505813023414793284e-01,-3.436997031681636727e-01,0.000000000000000000e+00,-5.815711527097412459e-01,5.584811401297723465e-02,-8.115762333244217475e-01,0.000000000000000000e+00,3.654497120694200629e-01,-4.957419772630704269e-02,3.180881828269240263e-01,1.000000000000000000e+00
7.043534467947282218e-01,5.329948672051253444e-01,-4.688106658583880426e-01,0.000000000000000000e+00,4.028516462897341333e-01,-8.439316908261180750e-01,-3.542182931501826060e-01,0.000000000000000000e+00,-5.844519625457692547e-01,6.063489456845386899e-02,-8.091596338406106259e-01,0.000000000000000000e+00,3.646888768759810051e-01,-5.166167621763577411e-02,3.192165274290529320e-01,1.000000000000000000e+00
6.986275595270208250e-01,5.438625899096912741e-01,-4.648803752227559372e-01,0.000000000000000000e+00,4.082481348213174432e-01,-8.366124456034839119e-01,-3.652311914082388422e-01,0.000000000000000000e+00,-5.875716018773601279e-01,6.537528849384773022e-02,-8.065269272142246981e-01,0.000000000000000000e+00,3.640846107376852214e-01,-5.363253905954144113e-02,3.204665984194952633e-01,1.000000000000000000e+00
6.859016749884355724e-01,5.665576745387352897e-01,-4.566530855808677569e-01,0.000000000000000000e+00,4.192063985607000776e-01,-8.205907269010429550e-01,-3.884296605963475923e-01,0.000000000000000000e+00,-5.948045444984023655e-01,7.499410328911708390e-02,-8.003645658797678974e-01,0.000000000000000000e+00,3.631300652775156790e-01,-5.736900860834930060e-02,3.232942848273493985e-01,1.000000000000000000e+00
6.714927958373583250e-01,5.912019571765525505e-01,-4.467196188554401481e-01,0.000000000000000000e+00,4.311833552712019402e-01,-8.020300393512115322e-01,-4.132910318608071787e-01,0.000000000000000000e+00,-6.026326229546380420e-01,8.490552104954371404e-02,-7.934891141320833396e-01,0.000000000000000000e+00,3.627527851359211852e-01,-6.104426082839890799e-02,3.263440281097724771e-01,1.000000000000000000e+00
6.644444799801711987e-01,6.030551731650296565e-01,-4.413827568494087528e-01,0.000000000000000000e+00,4.368483558367033948e-01,-7.926180089634470294e-01,-4.253245264157692884e-01,0.000000000000000000e+00,-6.063537520424623350e-01,8.978893086795916578e-02,-7.901095337215069403e-01,0.000000000000000000e+00,3.629067518266035353e-01,-6.281902636025875342e-02,3.276918009408373300e-01,1.000000000000000000e+00
6.580068871585226242e-01,6.137552032473827524e-01,-4.362479041094909915e-01,0.000000000000000000e+00,4.416743593172744453e-01,-7.838003948118933417e-01,-4.365334446701689686e-01,0.000000000000000000e+00,-6.098676943776693005e-01,9.456432017314031491e-02,-7.868411432459905264e-01,0.000000000000000000e+00,3.633008755470270024e-01,-6.462176130938292185e-02,3.290489594283499963e-01,1.000000000000000000e+00
6.456553058395121392e-01,6.332149477465516263e-01,-4.267889442017287482e-01,0.000000000000000000e+00,4.487585464291960480e-01,-7.668439810340679230e-01,-4.588538140407962262e-01,0.000000000000000000e+00,-6.178455223550088915e-01,1.047382299436062231e-01,-7.792925084293743643e-01,0.000000000000000000e+00,3.641701575171325533e-01,-6.852906284984376650e-02,3.313808774487845277e-01,1.000000000000000000e+00
