9.996677690760814583e-01,2.000162997125522896e-02,1.565353538825816140e-02,0.000000000000000000e+00,2.296909074586296617e-02,-9.749817823636725000e-01,-2.210513330212525163e-01,0.000000000000000000e+00,1.084073358310760384e-02,2.213417019211298409e-01,-9.751360569100283593e-01,0.000000000000000000e+00,6.228547215139982329e-01,2.954911239372188247e-01,2.862456987419164170e-02,1.000000000000000000e+00
9.996670255031002705e-01,1.998443716288310704e-02,1.572282717182428916e-02,0.000000000000000000e+00,2.296759588134121566e-02,-9.749831650218295787e-01,-2.210453898290015151e-01,0.000000000000000000e+00,1.091223419021670159e-02,2.213371643184167126e-01,-9.751362893649584418e-01,0.000000000000000000e+00,6.228835236116192497e-01,2.954822841228500474e-01,2.866143989376008019e-02,1.000000000000000000e+00
9.996678181407213648e-01,1.997955992043444484e-02,1.567856691038710046e-02,0.000000000000000000e+00,2.295298277736170303e-02,-9.749846919290729996e-01,-2.210401727894745483e-01,0.000000000000000000e+00,1.087028663864510365e-02,2.213308784354381109e-01,-9.751381846278971421e-01,0.000000000000000000e+00,6.228693094800636931e-01,2.954755625816872788e-01,2.863464125756501680e-02,1.000000000000000000e+00
9.996674831119164439e-01,1.998770347312756740e-02,1.568954491899739179e-02,0.000000000000000000e+00,2.296331801537840334e-02,-9.749852093527283659e-01,-2.210368170019410272e-01,0.000000000000000000e+00,1.087926534218948416e-02,2.213278637841178675e-01,-9.751387687392872872e-01,0.000000000000000000e+00,6.228713259004514669e-01,2.954759024826155156e-01,2.864176445596387094e-02,1.000000000000000000e+00
9.996687362666271115e-01,1.999123775730608094e-02,1.560496860694805289e-02,0.000000000000000000e+00,2.294796935797578652e-02,-9.749870738535701964e-01,-2.210301866759532274e-01,0.000000000000000000e+00,1.079618352627242928e-02,2.213193308154919048e-01,-9.751416288050931414e-01,0.000000000000000000e+00,6.228409310706630730e-01,2.954732990982302243e-01,2.859672631659920111e-02,1.000000000000000000e+00
9.996680558762348623e-01,1.995199332667878592e-02,1.569850069687806632e-02,0.000000000000000000e+00,2.293028664992888960e-02,-9.749897487339962421e-01,-2.210202224208888677e-01,0.000000000000000000e+00,1.089629303455325396e-02,2.213110881020195209e-01,-9.751423860550855194e-01,0.000000000000000000e+00,6.228849915969324469e-01,2.954511260768432623e-01,2.864393725223160145e-02,1.000000000000000000e+00
9.996688896465959484e-01,1.996450220642567372e-02,1.562935141329005809e-02,0.000000000000000000e+00,2.292718256127162721e-02,-9.749897816996306865e-01,-2.210203990185449219e-01,0.000000000000000000e+00,1.082610411473187637e-02,2.213098147690104323e-01,-9.751434568085883825e-01,0.000000000000000000e+00,6.228576586420199179e-01,2.954542062405010050e-01,2.860715080967077967e-02,1.000000000000000000e+00
9.996686200247003606e-01,1.995751437503454767e-02,1.565549932419481316e-02,0.000000000000000000e+00,2.292611553871672439e-02,-9.749906113806957597e-01,-2.210168496902685520e-01,0.000000000000000000e+00,1.085322686099743535e-02,2.213067897598866851e-01,-9.751438418371296546e-01,0.000000000000000000e+00,6.228676036679773320e-01,2.954501262468169354e-01,2.862083266405758553e-02,1.000000000000000000e+00
9.996696691543416335e-01,1.996555587009675101e-02,1.557806319332442554e-02,0.000000000000000000e+00,2.291671417834123883e-02,-9.749929717437200161e-01,-2.210074120087971716e-01,0.000000000000000000e+00,1.077617376944170653e-02,2.212956650924473856e-01,-9.751472210339227065e-01,0.000000000000000000e+00,6.228398486739286088e-01,2.954452820771913402e-01,2.857772311611240026e-02,1.000000000000000000e+00
9.996698970580427668e-01,1.996212710511645685e-02,1.556782896264557840e-02,0.000000000000000000e+00,2.291096881135252367e-02,-9.749958999554672046e-01,-2.209950892652649546e-01,0.000000000000000000e+00,1.076724465109251197e-02,2.212830725648209096e-01,-9.751501772747086516e-01,0.000000000000000000e+00,6.228384949554705008e-01,2.954365289564931385e-01,2.857118617512815692e-02,1.000000000000000000e+00
9.996707510628229931e-01,1.991132391076961758e-02,1.557804707978780595e-02,0.000000000000000000e+00,2.286354516209787233e-02,-9.749997965981365144e-01,-2.209828089182992450e-01,0.000000000000000000e+00,1.078874016378547629e-02,2.212704800886872436e-01,-9.751527971179695387e-01,0.000000000000000000e+00,6.228566082808592030e-01,2.954054713222196149e-01,2.857348439588609096e-02,1.000000000000000000e+00
9.996707675158368334e-01,1.992612116704882072e-02,1.555805806461516873e-02,0.000000000000000000e+00,2.287343861480403348e-02,-9.750019229048743075e-01,-2.209724033424548817e-01,0.000000000000000000e+00,1.076622092920485711e-02,2.212597782716471118e-01,-9.751554742737615911e-01,0.000000000000000000e+00,6.228461243369205480e-01,2.954056384029069560e-01,2.856538275198790278e-02,1.000000000000000000e+00
9.996703242787600141e-01,1.990143285478083307e-02,1.561802253595625904e-02,0.000000000000000000e+00,2.286263505171034702e-02,-9.750020645642497596e-01,-2.209728963360692855e-01,0.000000000000000000e+00,1.083013547147786484e-02,2.212613760536961405e-01,-9.751544039958464083e-01,0.000000000000000000e+00,6.228738561404216778e-01,2.953983996836940240e-01,2.859565276483048632e-02,1.000000000000000000e+00
9.996430907841488134e-01,1.977530583633363773e-02,1.741766998774171848e-02,0.000000000000000000e+00,2.313669334554849591e-02,-9.750172046501961454e-01,-2.208775474292482832e-01,0.000000000000000000e+00,1.261484972512290012e-02,2.212059603865051682e-01,-9.751455217842599499e-01,0.000000000000000000e+00,6.236072794895605176e-01,2.952091818576548232e-01,2.951817240033614148e-02,1.000000000000000000e+00
9.996049345125882502e-01,1.970621338982299353e-02,1.955471690224890036e-02,0.000000000000000000e+00,2.353029526729919635e-02,-9.751861460039376039e-01,-2.200887383484872728e-01,0.000000000000000000e+00,1.473265701881088657e-02,2.204661618031695525e-01,-9.752833538602742047e-01,0.000000000000000000e+00,6.243925959319136521e-01,2.949375455422476588e-01,3.098153982762776038e-02,1.000000000000000000e+00
9.995417695630752775e-01,1.973459552732091324e-02,2.252872697906978250e-02,0.000000000000000000e+00,2.419190827622034329e-02,-9.754446732368974304e-01,-2.188679691707439423e-01,0.000000000000000000e+00,1.765659582525505589e-02,2.193169126324452656e-01,-9.754938936032535590e-01,0.000000000000000000e+00,6.254020160725271005e-01,2.944813142982101728e-01,3.309802467837520690e-02,1.000000000000000000e+00
9.994437597386275351e-01,1.976703257838447261e-02,2.649872532349247661e-02,0.000000000000000000e+00,2.506045038556722546e-02,-9.757712705358836391e-01,-2.173088776936388522e-01,0.000000000000000000e+00,2.156155833835627852e-02,2.178562661461767302e-01,-9.757426640784280236e-01,0.000000000000000000e+00,6.266511395701641618e-01,2.938604728326031923e-01,3.587035986580641711e-02,1.000000000000000000e+00
9.991943457202852041e-01,2.092240425460592176e-02,3.396556170632994420e-02,0.000000000000000000e+00,2.763282722265711366e-02,-9.770793000797999284e-01,-2.110289437884270425e-01,0.000000000000000000e+00,2.877236834472421748e-02,2.118015697514183393e-01,-9.768890652836026423e-01,0.000000000000000000e+00,6.287176361368146393e-01,2.917767911830157490e-01,4.277281594902486439e-02,1.000000000000000000e+00
9.987666279019390414e-01,2.297338139654329925e-02,4.379718755590510104e-02,0.000000000000000000e+00,3.140273497129744684e-02,-9.787187210528000003e-01,-2.027419053829340734e-01,0.000000000000000000e+00,3.820819589917115455e-02,2.038711257979590463e-01,-9.782518580774602901e-01,0.000000000000000000e+00,6.307357219737932397e-01,2.889015859389024166e-01,5.180523255971222762e-02,1.000000000000000000e+00
9.984632368925150381e-01,2.457313353379044288e-02,4.947800100711303301e-02,0.000000000000000000e+00,3.390506897915201295e-02,-9.796766659800887345e-01,-1.976482312920216367e-01,0.000000000000000000e+00,4.361644643750391126e-02,1.990258796839327882e-01,-9.790231380392400151e-01,0.000000000000000000e+00,6.314884691494694335e-01,2.872082451628629740e-01,5.708969473392872668e-02,1.000000000000000000e+00
9.978107498799793085e-01,2.846806762511755809e-02,5.953170122593043345e-02,0.000000000000000000e+00,3.899730038513941205e-02,-9.821480904972349490e-01,-1.839703394477338050e-01,0.000000000000000000e+00,5.323269151295418472e-02,1.858927370063938600e-01,-9.811269901916664926e-01,0.000000000000000000e+00,6.320767766506840690e-01,2.826817815179128446e-01,6.845831372161989559e-02,1.000000000000000000e+00
9.974946376318025720e-01,3.106628388792804715e-02,6.340410714143059068e-02,0.000000000000000000e+00,4.176149416415445015e-02,-9.836661249361309256e-01,-1.750362224213085072e-01,0.000000000000000000e+00,5.693184351484281008e-02,1.772489560986153512e-01,-9.825179757927854363e-01,0.000000000000000000e+00,6.317369906153853520e-01,2.799204344998584837e-01,7.444790457875417877e-02,1.000000000000000000e+00
9.971838720020141933e-01,3.370361010498513360e-02,6.685161917388372788e-02,0.000000000000000000e+00,4.437019194134826650e-02,-9.852659511465629016e-01,-1.651152278851193977e-01,0.000000000000000000e+00,6.030280590388796547e-02,1.676196886417384013e-01,-9.840056969244461715e-01,0.000000000000000000e+00,6.311345038336487745e-01,2.767885622773906817e-01,8.056993666662401465e-02,1.000000000000000000e+00
9.965809889878256556e-01,3.923524851161437621e-02,7.257874732652394578e-02,0.000000000000000000e+00,4.925693499024922511e-02,-9.886452574276539673e-01,-1.418980486912445882e-01,0.000000000000000000e+00,6.618850346448978961e-02,1.449906958590907458e-01,-9.872166834709733552e-01,0.000000000000000000e+00,6.291031576170393880e-01,2.695509191576809238e-01,9.352645539696119448e-02,1.000000000000000000e+00
9.960305867460065299e-01,4.448275927653486117e-02,7.697467956906577091e-02,0.000000000000000000e+00,5.322158343293198479e-02,-9.918732205899605248e-01,-1.154804062800237202e-01,0.000000000000000000e+00,7.121360729695550007e-02,1.191210246045224797e-01,-9.903225755444151623e-01,0.000000000000000000e+00,6.262705755858030132e-01,2.614869583148364818e-01,1.069887642586134779e-01,1.000000000000000000e+00
9.957413208109748837e-01,4.718095826529770248e-02,7.908176849307069212e-02,0.000000000000000000e+00,5.508279372395111229e-02,-9.933593060479831705e-01,-1.009154191620002250e-01,0.000000000000000000e+00,7.379674530754437578e-02,1.048437160742156093e-01,-9.917468606362019878e-01,0.000000000000000000e+00,6.246573131371077059e-01,2.571032089164271839e-01,1.139445408238725366e-01,1.000000000000000000e+00
9.954117695411182076e-01,5.018326406881849777e-02,8.134983692440662939e-02,0.000000000000000000e+00,5.718746985752057310e-02,-9.946264414839817158e-01,-8.618922260593143980e-02,0.000000000000000000e+00,7.658891687148804139e-02,9.044769933506308091e-02,-9.929518374510648560e-01,0.000000000000000000e+00,6.229330679221496414e-01,2.526883452773178718e-01,1.209171581144324881e-01,1.000000000000000000e+00
9.946304642650585226e-01,5.604538616366382814e-02,8.689016714708269751e-02,0.000000000000000000e+00,6.110124038348832554e-02,-9.965124101530324907e-01,-5.666040712703626636e-02,0.000000000000000000e+00,8.341318144693693482e-02,6.166645130630582505e-02,-9.946051930008142916e-01,0.000000000000000000e+00,6.193718781879102853e-01,2.440652802921505771e-01,1.350885053012104708e-01,1.000000000000000000e+00
9.940134267645508448e-01,5.972903801363144138e-02,9.138105017436373712e-02,0.000000000000000000e+00,6.248686051517225032e-02,-9.976539078073932698e-01,-2.761918537545125091e-02,0.000000000000000000e+00,8.951871794552185291e-02,3.316459455668841622e-02,-9.954328248582526850e-01,0.000000000000000000e+00,6.152633973365776443e-01,2.353852642025626440e-01,1.486784248449091739e-01,1.000000000000000000e+00
9.939025648678814218e-01,6.077105851786709229e-02,9.189840530103436655e-02,0.000000000000000000e+00,6.219778777270424525e-02,-9.979728985236422378e-01,-1.273875620733993901e-02,0.000000000000000000e+00,9.093972108048664627e-02,1.837731379750352778e-02,-9.956868189683899528e-01,0.000000000000000000e+00,6.127836419650993793e-01,2.308841872870653900e-01,1.550457359106097166e-01,1.000000000000000000e+00
9.939677996203375443e-01,6.178246923144841557e-02,9.050793730263641257e-02,0.000000000000000000e+00,6.177418622289129052e-02,-9.980763061180576434e-01,2.895510911890373552e-03,0.000000000000000000e+00,9.051446223508678723e-02,2.713061798561349110e-03,-9.958914456013617800e-01,0.000000000000000000e+00,6.098724803584821830e-01,2.261228687912273105e-01,1.608654179512593041e-01,1.000000000000000000e+00
9.942360868563308030e-01,6.239798899895541984e-02,8.707377023366665025e-02,0.000000000000000000e+00,6.092640989843666616e-02,-9.979429115673774664e-01,1.945930961061442463e-02,0.000000000000000000e+00,8.811056997665282775e-02,-1.404232598181377571e-02,-9.960117170693374433e-01,0.000000000000000000e+00,6.065669022807657074e-01,2.210496367880235291e-01,1.663014763629928894e-01,1.000000000000000000e+00
9.953283353468898031e-01,6.088340470868467552e-02,7.480282606878077556e-02,0.000000000000000000e+00,5.697331212192602301e-02,-9.969401522107494973e-01,5.333968051154406448e-02,0.000000000000000000e+00,7.782294049518237444e-02,-4.882967077674676970e-02,-9.957706830312479385e-01,0.000000000000000000e+00,5.992745618091808169e-01,2.103881324314984258e-01,1.763651924631274570e-01,1.000000000000000000e+00
9.966580264872308970e-01,5.780333412699744516e-02,5.755258207577564067e-02,0.000000000000000000e+00,5.271171401930982436e-02,-9.948583630677124701e-01,8.636584707270865413e-02,0.000000000000000000e+00,6.225010001705671980e-02,-8.304511832780003822e-02,-9.945996347122735282e-01,0.000000000000000000e+00,5.915327946028929862e-01,1.994822683578743872e-01,1.862364114968744488e-01,1.000000000000000000e+00
9.971855817455841375e-01,5.677020931866991887e-02,4.877300271505929236e-02,0.000000000000000000e+00,5.161357471534322450e-02,-9.935203744437997031e-01,1.011634883313347194e-01,0.000000000000000000e+00,5.420108786709007531e-02,-9.836331674202400399e-02,-9.936734372989610709e-01,0.000000000000000000e+00,5.878346934028511050e-01,1.941821859865376365e-01,1.911645830271325175e-01,1.000000000000000000e+00
9.974442030195027620e-01,5.898475174062060844e-02,4.008251272182013908e-02,0.000000000000000000e+00,5.407216239570854927e-02,-9.919753635877012199e-01,1.142008151902089708e-01,0.000000000000000000e+00,4.649786709133584689e-02,-1.117437443678028636e-01,-9.926486205856630551e-01,0.000000000000000000e+00,5.842426134350843236e-01,1.891693649634657859e-01,1.961282258397139822e-01,1.000000000000000000e+00
9.974412514347985592e-01,6.381026532153308284e-02,3.193660716148145895e-02,0.000000000000000000e+00,5.938373087321634214e-02,-9.904570625783358784e-01,1.242945155567206500e-01,0.000000000000000000e+00,3.956386586058294880e-02,-1.220823127215240195e-01,-9.917311175105527621e-01,0.000000000000000000e+00,5.809294943673198874e-01,1.846081947972275650e-01,2.012473835935463251e-01,1.000000000000000000e+00
9.970415297531540766e-01,7.633180087295168836e-02,7.898798908103504129e-03,0.000000000000000000e+00,7.460372501792061906e-02,-9.882593342077382603e-01,1.332610950950669781e-01,0.000000000000000000e+00,1.797846726607771686e-02,-1.322801130905396638e-01,-9.910493158241502343e-01,0.000000000000000000e+00,5.715112781799502883e-01,1.735016940004279473e-01,2.161055011717875896e-01,1.000000000000000000e+00
9.968773104864251389e-01,7.883330358036585994e-02,-1.298069784533313967e-03,0.000000000000000000e+00,7.832169706661062936e-02,-9.882475187705489494e-01,1.311994676577146191e-01,0.000000000000000000e+00,9.060247657530251172e-03,-1.308939595986441107e-01,-9.913549733838897815e-01,0.000000000000000000e+00,5.681422954187327345e-01,1.700635638230795776e-01,2.207345824360473219e-01,1.000000000000000000e+00
9.969498613956638833e-01,7.707313380284240567e-02,-1.146528718279476305e-02,0.000000000000000000e+00,7.790772797705486363e-02,-9.886684816934305786e-01,1.282410469727545410e-01,0.000000000000000000e+00,-1.451456643883272278e-03,-1.287456072316335576e-01,-9.916765913805611898e-01,0.000000000000000000e+00,5.645268732722098504e-01,1.662256342042099100e-01,2.249365879005383317e-01,1.000000000000000000e+00
9.964113860309926629e-01,7.732460501039620238e-02,-3.414677362491556206e-02,0.000000000000000000e+00,8.103921140006269119e-02,-9.887327651557065167e-01,1.257812077554309460e-01,0.000000000000000000e+00,-2.403651447727741391e-02,-1.280995214754029332e-01,-9.914699988247533957e-01,0.000000000000000000e+00,5.567506817647107642e-01,1.574221096079096993e-01,2.328856243352120936e-01,1.000000000000000000e+00
9.943165543385451555e-01,9.039411494918010714e-02,-5.607352897834870509e-02,0.000000000000000000e+00,9.703130884338329043e-02,-9.867618677999676624e-01,1.298718147300151338e-01,0.000000000000000000e+00,-4.359241172845688961e-02,-1.345771742639103319e-01,-9.899437791141666443e-01,0.000000000000000000e+00,5.492566971950851862e-01,1.474562245572028918e-01,2.404727779549965250e-01,1.000000000000000000e+00
9.929480579920617611e-01,9.820486208253122185e-02,-6.626240332460557603e-02,0.000000000000000000e+00,1.063649519535470461e-01,-9.852989223750169279e-01,1.336161571957461547e-01,0.000000000000000000e+00,-5.216752268677442295e-02,-1.397245912811858892e-01,-9.888152447085504226e-01,0.000000000000000000e+00,5.457940692952460982e-01,1.420485122569608016e-01,2.442348795638561165e-01,1.000000000000000000e+00
9.897261206700130876e-01,1.164135788270690003e-01,-8.289047972697775879e-02,0.000000000000000000e+00,1.274656172051441827e-01,-9.813679862380939589e-01,1.437015619911908015e-01,0.000000000000000000e+00,-6.461849415979117883e-02,-1.527938173970534996e-01,-9.861432449587416160e-01,0.000000000000000000e+00,5.398108921426175710e-01,1.307377428310522172e-01,2.519615242314757197e-01,1.000000000000000000e+00
9.879666692493825897e-01,1.253004299413895128e-01,-9.056715524952833885e-02,0.000000000000000000e+00,1.378595437331554263e-01,-9.791369326044927490e-01,1.492191687175601356e-01,0.000000000000000000e+00,-6.998176795582310150e-02,-1.599121906111632130e-01,-9.846474716606530286e-01,0.000000000000000000e+00,5.370164874913462283e-01,1.249370646584452016e-01,2.557025774201096557e-01,1.000000000000000000e+00
9.865571676283068081e-01,1.305782997421256197e-01,-9.815808442953988244e-02,0.000000000000000000e+00,1.447850421572341728e-01,-9.772001156328078419e-01,1.552352166100308128e-01,0.000000000000000000e+00,-7.565119732977872158e-02,-1.673634602723977627e-01,-9.829884884922203137e-01,0.000000000000000000e+00,5.341446500337080350e-01,1.188627289308437224e-01,2.596248572547408817e-01,1.000000000000000000e+00
9.836999310137179986e-01,1.364820981537256117e-01,-1.169949977920920481e-01,0.000000000000000000e+00,1.547376626831564461e-01,-9.741271886609349506e-01,1.646609333148135179e-01,0.000000000000000000e+00,-9.149650021500412012e-02,-1.800839484204556085e-01,-9.793866253782027576e-01,0.000000000000000000e+00,5.275818985704571196e-01,1.064304717445811871e-01,2.673603906185720303e-01,1.000000000000000000e+00
9.800041910646292154e-01,1.396576542552725453e-01,-1.416625285842553206e-01,0.000000000000000000e+00,1.628953189533198509e-01,-9.721366846954253571e-01,1.685115077188845678e-01,0.000000000000000000e+00,-1.141836173888962774e-01,-1.882217704369335554e-01,-9.754663841740384145e-01,0.000000000000000000e+00,5.196972990643536905e-01,9.446674794390362562e-02,2.750818272568587575e-01,1.000000000000000000e+00
9.777420154548206455e-01,1.408388411262661566e-01,-1.554532693312170311e-01,0.000000000000000000e+00,1.666506062224904217e-01,-9.716047153672332515e-01,1.679065198943809067e-01,0.000000000000000000e+00,-1.273938225478451203e-01,-1.900793003584003160e-01,-9.734683731646904814e-01,0.000000000000000000e+00,5.154805846750986076e-01,8.862499322552461201e-02,2.790562246044646089e-01,1.000000000000000000e+00
9.752287381870501370e-01,1.416855743502614950e-01,-1.698082834738605384e-01,0.000000000000000000e+00,1.699694591368545449e-01,-9.714234725675719995e-01,1.656127012239494711e-01,0.000000000000000000e+00,-1.414935458995202622e-01,-1.903761530722735962e-01,-9.714610114719901546e-01,0.000000000000000000e+00,5.111034925390116612e-01,8.306309964545281754e-02,2.830365941058221591e-01,1.000000000000000000e+00
9.721145733213211182e-01,1.447785048569573130e-01,-1.844266460381955297e-01,0.000000000000000000e+00,1.753172452915475743e-01,-9.711242956856135367e-01,1.617473731895294198e-01,0.000000000000000000e+00,-1.556866513350608217e-01,-1.895738000988612948e-01,-9.694449138100380559e-01,0.000000000000000000e+00,5.067446285855952137e-01,7.758597409871234585e-02,2.870795191488901832e-01,1.000000000000000000e+00
9.642389291916629857e-01,1.555060599829309886e-01,-2.145737627043633466e-01,0.000000000000000000e+00,1.901586318612469850e-01,-9.699736679161322650e-01,1.515636011026131325e-01,0.000000000000000000e+00,-1.845653946604020879e-01,-1.869501769510236444e-01,-9.648757673565188098e-01,0.000000000000000000e+00,4.979874264260074068e-01,6.634797721992843900e-02,2.955595995327524039e-01,1.000000000000000000e+00
9.543056853396976180e-01,1.719121617392395940e-01,-2.443923371869094752e-01,0.000000000000000000e+00,2.099597111144397565e-01,-9.677532373877754113e-01,1.391090871777602989e-01,0.000000000000000000e+00,-2.126010248396297819e-01,-1.840686811830017644e-01,-9.596455204108911285e-01,0.000000000000000000e+00,4.895051457301846654e-01,5.472733000589887625e-02,3.047220994037504460e-01,1.000000000000000000e+00
9.494590340165616205e-01,1.780626835381906026e-01,-2.584607714078184793e-01,0.000000000000000000e+00,2.177542355995445433e-01,-9.667673716176792276e-01,1.338831167664944477e-01,0.000000000000000000e+00,-2.260362054857101843e-01,-1.834009934640660755e-01,-9.566983377251240261e-01,0.000000000000000000e+00,4.853345559393207331e-01,4.848934270977144773e-02,3.094384733408015453e-01,1.000000000000000000e+00
9.444147619383289616e-01,1.839164517402243348e-01,-2.724632876434248674e-01,0.000000000000000000e+00,2.254195919832315820e-01,-9.655988933704579003e-01,1.295589887775797922e-01,0.000000000000000000e+00,-2.392668261533853202e-01,-1.837795229996515567e-01,-9.534025764746529852e-01,0.000000000000000000e+00,4.811506893606217750e-01,4.183970522163396599e-02,3.140546135724873178e-01,1.000000000000000000e+00
9.388342273416480088e-01,1.898217520664122193e-01,-2.872955671698687596e-01,0.000000000000000000e+00,2.334033965223217544e-01,-9.642181844911422717e-01,1.256459075722639596e-01,0.000000000000000000e+00,-2.531701581836088844e-01,-1.850200019458766443e-01,-9.495643579480192997e-01,0.000000000000000000e+00,4.766743997651488041e-01,3.476291936106492425e-02,3.187314722633057817e-01,1.000000000000000000e+00
9.256575100141873902e-01,2.021930691189888496e-01,-3.197763028365090410e-01,0.000000000000000000e+00,2.501425354529098199e-01,-9.611843693242090314e-01,1.163360091511674160e-01,0.000000000000000000e+00,-2.838471141639386519e-01,-1.876805691576785007e-01,-9.403227210598783525e-01,0.000000000000000000e+00,4.668461540385877573e-01,2.004534890242033740e-02,3.277043480138922549e-01,1.000000000000000000e+00
9.135391451136664065e-01,2.101643399446100624e-01,-3.482210899153673211e-01,0.000000000000000000e+00,2.611637448653690852e-01,-9.594365192640041951e-01,1.060934058821601939e-01,0.000000000000000000e+00,-3.118049830351602436e-01,-1.878668202136328236e-01,-9.313880557626139645e-01,0.000000000000000000e+00,4.576009218421800973e-01,6.242638482010785458e-03,3.357173945716905861e-01,1.000000000000000000e+00
9.069539919762450442e-01,2.161007446934087861e-01,-3.615462231617359579e-01,0.000000000000000000e+00,2.678197891530249564e-01,-9.583576458625994166e-01,9.901479715645682134e-02,0.000000000000000000e+00,-3.250996750747795483e-01,-1.866346920981802049e-01,-9.270801977022757878e-01,0.000000000000000000e+00,4.531299843096611712e-01,-2.925618868573874338e-04,3.394481058639567395e-01,1.000000000000000000e+00
8.930287224149937586e-01,2.280852705467380226e-01,-3.878885886471445943e-01,0.000000000000000000e+00,2.800310779973287367e-01,-9.564462979246316499e-01,8.230322863125925925e-02,0.000000000000000000e+00,-3.522292319537410066e-01,-1.821235131789163686e-01,-9.180226544615589512e-01,0.000000000000000000e+00,4.438082198526516753e-01,-1.295952852378202264e-02,3.464157445294148152e-01,1.000000000000000000e+00
8.782728476072418911e-01,2.380965998675442785e-01,-4.146414851273199642e-01,0.000000000000000000e+00,2.886434287749450878e-01,-9.553649372696284559e-01,6.279772736373770425e-02,0.000000000000000000e+00,-3.811893501395491324e-01,-1.748404450348591821e-01,-9.078135811498969643e-01,0.000000000000000000e+00,4.339101282154594896e-01,-2.498427970039542034e-02,3.526648220968984782e-01,1.000000000000000000e+00
8.704378826413263770e-01,2.442393352079856861e-01,-4.273941816417884954e-01,0.000000000000000000e+00,2.931753040243796904e-01,-9.546586547506755727e-01,5.153485151867064767e-02,0.000000000000000000e+00,-3.954363299941803800e-01,-1.701625823362375167e-01,-9.025933771601677424e-01,0.000000000000000000e+00,4.289825477756249450e-01,-3.075207426025575522e-02,3.555650580595815513e-01,1.000000000000000000e+00
8.519344069774159589e-01,2.633644321567208402e-01,-4.525789312197541214e-01,0.000000000000000000e+00,3.067108935815593962e-01,-9.514985646184689339e-01,2.365705367544449975e-02,0.000000000000000000e+00,-4.244059480540680607e-01,-1.589682070350154075e-01,-8.914082680839348072e-01,0.000000000000000000e+00,4.191462917858277959e-01,-4.155719979667880926e-02,3.605219169931520029e-01,1.000000000000000000e+00
8.424472393575913598e-01,2.742197307603972400e-01,-4.637530970911963868e-01,0.000000000000000000e+00,3.137530696405420594e-01,-9.494560616230514061e-01,8.540798533504407805e-03,0.000000000000000000e+00,-4.379795661192186773e-01,-1.527020699021688632e-01,-8.859209770118404714e-01,0.000000000000000000e+00,4.145279221407148773e-01,-4.655593461015018752e-02,3.626645700120337823e-01,1.000000000000000000e+00
8.333920682710647121e-01,2.842893421329444337e-01,-4.739387907670178368e-01,0.000000000000000000e+00,3.197050642922141805e-01,-9.474869072019618255e-01,-6.162746788619860583e-03,0.000000000000000000e+00,-4.508114818151437997e-01,-1.463874656926836826e-01,-8.805337686606389269e-01,0.000000000000000000e+00,4.101275697970027667e-01,-5.113480856879785291e-02,3.645959643045252885e-01,1.000000000000000000e+00
8.164614404106321777e-01,2.974908930040528476e-01,-4.948440479620373478e-01,0.000000000000000000e+00,3.242648055192022816e-01,-9.453691101497989635e-01,-3.332159025886464315e-02,0.000000000000000000e+00,-4.777323447552500046e-01,-1.332572810108153261e-01,-8.683399701915462954e-01,0.000000000000000000e+00,4.011855011534650184e-01,-5.921752847786617563e-02,3.682422484008151531e-01,1.000000000000000000e+00
7.986517569233119174e-01,3.120546336621228267e-01,-5.145464251887419405e-01,0.000000000000000000e+00,3.286940206508509599e-01,-9.424302221107125899e-01,-6.136989605612160753e-02,0.000000000000000000e+00,-5.040845673985503428e-01,-1.201174706329160291e-01,-8.552605112825957256e-01,0.000000000000000000e+00,3.927543086336533484e-01,-6.584076558032550541e-02,3.716442162051803444e-01,1.000000000000000000e+00
7.898092982726003797e-01,3.196610819504265288e-01,-5.234489583040866645e-01,0.000000000000000000e+00,3.309887072268781760e-01,-9.406379358777725574e-01,-7.501663933482739799e-02,0.000000000000000000e+00,-5.163657894121383984e-01,-1.140090497640152134e-01,-8.487451373037052660e-01,0.000000000000000000e+00,3.888555395398113901e-01,-6.851955182207788986e-02,3.732744462342665881e-01,1.000000000000000000e+00
7.815995494687434375e-01,3.260742564053658588e-01,-5.317503836210685231e-01,0.000000000000000000e+00,3.321066964615582706e-01,-9.391419744284132953e-01,-8.773962008864798212e-02,0.000000000000000000e+00,-5.280089023622115407e-01,-1.080226954863413719e-01,-8.423406058632800786e-01,0.000000000000000000e+00,3.852046328929186747e-01,-7.096465934591723868e-02,3.747737395265342553e-01,1.000000000000000000e+00
7.739511396528881981e-01,3.318458683493186179e-01,-5.393131743158980917e-01,0.000000000000000000e+00,3.326064442682435396e-01,-9.377696975382774358e-01,-9.970804637245520019e-02,0.000000000000000000e+00,-5.388496301116720844e-01,-1.022118490285325726e-01,-8.361780994780254606e-01,0.000000000000000000e+00,3.817959011808094161e-01,-7.321398767843159683e-02,3.760731465574584931e-01,1.000000000000000000e+00
7.605214644076379038e-01,3.375093912308652078e-01,-5.546848293467573354e-01,0.000000000000000000e+00,3.285570540315075339e-01,-9.368734042797396411e-01,-1.195794024932252259e-01,0.000000000000000000e+00,-5.600394182059081905e-01,-9.130466904681534823e-02,-8.234192780508843290e-01,0.000000000000000000e+00,3.753325235943315019e-01,-7.687893517145294453e-02,3.784366606272878131e-01,1.000000000000000000e+00
7.485247507971877212e-01,3.386231647773794151e-01,-5.701103372342654074e-01,0.000000000000000000e+00,3.202424574951098779e-01,-9.374610396130307333e-01,-1.363536377452272963e-01,0.000000000000000000e+00,-5.806399088974956157e-01,-8.051101281221414996e-02,-8.101699037926918257e-01,0.000000000000000000e+00,3.691205394245492544e-01,-8.007563482472188077e-02,3.802629075002801340e-01,1.000000000000000000e+00
7.416839385188381817e-01,3.411443087310954136e-01,-5.774999938223166485e-01,0.000000000000000000e+00,3.173426463819649657e-01,-9.370024064296541555e-01,-1.459482169590866629e-01,0.000000000000000000e+00,-5.909196645443441920e-01,-7.501937230651140043e-02,-8.032347376910045078e-01,0.000000000000000000e+00,3.659534645728196312e-01,-8.157714901027363075e-02,3.809698110105994573e-01,1.000000000000000000e+00
7.349944667829511058e-01,3.441700213783464579e-01,-5.842181759275230091e-01,0.000000000000000000e+00,3.148155073890512301e-01,-9.363132228127591938e-01,-1.555297141853186627e-01,0.000000000000000000e+00,-6.005514306606439812e-01,-6.960880231913391114e-02,-7.965504339156118663e-01,0.000000000000000000e+00,3.629488874981454116e-01,-8.302622903635907547e-02,3.815619823205955718e-01,1.000000000000000000e+00
7.282947754394492046e-01,3.472151259953508151e-01,-5.907699410505270476e-01,0.000000000000000000e+00,3.121570486603800765e-01,-9.355742215574918141e-01,-1.650442359791538804e-01,0.000000000000000000e+00,-6.100267278130766524e-01,-6.421338276218804819e-02,-7.897746721868885711e-01,0.000000000000000000e+00,3.599777001998099024e-01,-8.439467794166155556e-02,3.821817607067357625e-01,1.000000000000000000e+00
7.116192755296256722e-01,3.659861512981078535e-01,-5.996939975136463818e-01,0.000000000000000000e+00,3.142416188246785480e-01,-9.292529561978808417e-01,-1.942212534640659904e-01,0.000000000000000000e+00,-6.283618069712348930e-01,-5.023819213645294018e-02,-7.762973422540521140e-01,0.000000000000000000e+00,3.538285744653879572e-01,-8.864917429780211355e-02,3.834058614715265545e-01,1.000000000000000000e+00
7.082644314184289858e-01,3.739922650306146124e-01,-5.987253358477562237e-01,0.000000000000000000e+00,3.178527347708690609e-01,-9.262380565673360433e-01,-2.025671455746278216e-01,0.000000000000000000e+00,-6.303328729485672133e-01,-4.683628293493082712e-02,-7.749108541511370296e-01,0.000000000000000000e+00,3.529079012332101417e-01,-9.018305303836010589e-02,3.835548167482091819e-01,1.000000000000000000e+00
7.062697853699144712e-01,3.809997652563356652e-01,-5.966597992569638853e-01,0.000000000000000000e+00,3.213426276897276002e-01,-9.235229073882890161e-01,-2.093444579150618157e-01,0.000000000000000000e+00,-6.308013267351191278e-01,-4.387940718456777300e-02,-7.747027067297133085e-01,0.000000000000000000e+00,3.524107462444632244e-01,-9.180759059925625021e-02,3.835844307183438051e-01,1.000000000000000000e+00
7.040168030118918452e-01,3.893789737899700509e-01,-5.939066448090918326e-01,0.000000000000000000e+00,3.259647488165588469e-01,-9.201583520843072961e-01,-2.168786216289144697e-01,0.000000000000000000e+00,-6.309482824159177161e-01,-4.090722404569267778e-02,-7.747456769400385967e-01,0.000000000000000000e+00,3.520127022891875734e-01,-9.338954617765457544e-02,3.835906221295596885e-01,1.000000000000000000e+00
6.944823214547859447e-01,4.203533096496622767e-01,-5.839333413623123414e-01,0.000000000000000000e+00,3.429516196220082080e-01,-9.068484588285872228e-01,-2.449302068346530248e-01,0.000000000000000000e+00,-6.325084514968662974e-01,-3.016176724204977164e-02,-7.739659724961253096e-01,0.000000000000000000e+00,3.502793702378831919e-01,-9.858335413971720806e-02,3.836644656251930741e-01,1.000000000000000000e+00
6.911121849650043725e-01,4.310143955943058214e-01,-5.801476411092102436e-01,0.000000000000000000e+00,3.485603407069372550e-01,-9.019576214848719076e-01,-2.548703294477887571e-01,0.000000000000000000e+00,-6.331335572697089908e-01,-2.607297116343020027e-02,-7.736033213693662702e-01,0.000000000000000000e+00,3.496634506777065443e-01,-1.004390063138901890e-01,3.838179345176117585e-01,1.000000000000000000e+00
6.875796966114582354e-01,4.425798902330965734e-01,-5.756196213387478888e-01,0.000000000000000000e+00,3.550723592222742031e-01,-8.964460818606578840e-01,-2.651203291605737089e-01,0.000000000000000000e+00,-6.333610745330241487e-01,-2.209568688406657669e-02,-7.735409038231233492e-01,0.000000000000000000e+00,3.492812270475557090e-01,-1.023084062072890238e-01,3.840265034679291034e-01,1.000000000000000000e+00
6.810820043150368486e-01,4.653913442365274489e-01,-5.652600702412461375e-01,0.000000000000000000e+00,3.687663697714376743e-01,-8.849699800446915177e-01,-2.842890181602202859e-01,0.000000000000000000e+00,-6.325560200582692749e-01,-1.482505521454812077e-02,-7.743727133789826134e-01,0.000000000000000000e+00,3.492603651369566853e-01,-1.062745971105141934e-01,3.847671132043428144e-01,1.000000000000000000e+00
6.764534409738535148e-01,4.833301199491967237e-01,-5.556828990042221861e-01,0.000000000000000000e+00,3.788397092500978003e-01,-8.753957556748820368e-01,-3.002390589895190809e-01,0.000000000000000000e+00,-6.315691913482832653e-01,-7.417146128846143285e-03,-7.752840398737604888e-01,0.000000000000000000e+00,3.498966835803688502e-01,-1.104165548726424168e-01,3.858290209644363866e-01,1.000000000000000000e+00
6.739589724495356204e-01,4.899976257353340081e-01,-5.528674136985375354e-01,0.000000000000000000e+00,3.814468936211961037e-01,-8.717053334971249789e-01,-3.075854772264359216e-01,0.000000000000000000e+00,-6.326658075666951042e-01,-3.589634479350343240e-03,-7.744166129805625243e-01,0.000000000000000000e+00,3.501123752189641003e-01,-1.123090901912060097e-01,3.864470840832991416e-01,1.000000000000000000e+00
6.673210538934141178e-01,5.018791285291511750e-01,-5.502551210834940587e-01,0.000000000000000000e+00,3.843675245736622448e-01,-8.649179829975026657e-01,-3.227370998844956151e-01,0.000000000000000000e+00,-6.379128456946773218e-01,3.869137343465780046e-03,-7.700988450023384946e-01,0.000000000000000000e+00,3.501382880922830898e-01,-1.159282070027577299e-01,3.878605265689369364e-01,1.000000000000000000e+00
6.619586024603910657e-01,5.073408936023399152e-01,-5.517216446802438723e-01,0.000000000000000000e+00,3.845925768706082715e-01,-8.617067313307962273e-01,-3.309543864287468606e-01,0.000000000000000000e+00,-6.433413355085277896e-01,6.890186733090219139e-03,-7.655484644050218890e-01,0.000000000000000000e+00,3.496350932496352648e-01,-1.176835221413088522e-01,3.887410189969002783e-01,1.000000000000000000e+00
6.548491630395583130e-01,5.136326384700383718e-01,-5.543778794882650018e-01,0.000000000000000000e+00,3.848293322794580917e-01,-8.579462214582267432e-01,-3.403166363904446823e-01,0.000000000000000000e+00,-6.504366617527602701e-01,9.515378515272085100e-03,-7.595008930999596064e-01,0.000000000000000000e+00,3.488758213820660203e-01,-1.192975317808124130e-01,3.896664258214242449e-01,1.000000000000000000e+00
6.350798520331284447e-01,5.342172812764701684e-01,-5.579123809599181305e-01,0.000000000000000000e+00,3.892054254728834484e-01,-8.451943994330749499e-01,-3.662598952255679552e-01,0.000000000000000000e+00,-6.672196312751793590e-01,1.546205214984599369e-02,-7.447005361783549660e-01,0.000000000000000000e+00,3.474073047476701204e-01,-1.217196812146576490e-01,3.915072999426087996e-01,1.000000000000000000e+00
6.164439155612970733e-01,5.543720608517758164e-01,-5.591504842308728795e-01,0.000000000000000000e+00,3.936430897314191490e-01,-8.319957472473382687e-01,-3.909078425540392088e-01,0.000000000000000000e+00,-6.819323405419019934e-01,2.086743861302813377e-02,-7.311175233358689907e-01,0.000000000000000000e+00,3.472805971254550039e-01,-1.235640196974173433e-01,3.934887824872789763e-01,1.000000000000000000e+00
6.083207812509888734e-01,5.628399948583664436e-01,-5.595870925845493060e-01,0.000000000000000000e+00,3.952748961680358497e-01,-8.262354757091612267e-01,-4.013395595256128989e-01,0.000000000000000000e+00,-6.882539142827621692e-01,2.295290639379220926e-02,-7.251066911582974006e-01,0.000000000000000000e+00,3.476665789104382287e-01,-1.245110989413326652e-01,3.944423889676364481e-01,1.000000000000000000e+00
6.009350720947239655e-01,5.702520867750089373e-01,-5.600628032251963040e-01,0.000000000000000000e+00,3.971162623518646462e-01,-8.211090047547199289e-01,-4.099505133398503309e-01,0.000000000000000000e+00,-6.936611017886359365e-01,2.394405518731426707e-02,-7.199034366403332941e-01,0.000000000000000000e+00,3.483942115453761423e-01,-1.256648217787310895e-01,3.952859260840776989e-01,1.000000000000000000e+00
5.947912500775508482e-01,5.766862149148335170e-01,-5.600331465722321322e-01,0.000000000000000000e+00,3.998019441584220734e-01,-8.166102210595314048e-01,-4.162774305790043483e-01,0.000000000000000000e+00,-6.974036745999386833e-01,2.369628874740827354e-02,-7.162866748405295469e-01,0.000000000000000000e+00,3.495668112509114911e-01,-1.269931319569939376e-01,3.959686906850851118e-01,1.000000000000000000e+00
5.810161602052984486e-01,5.932366901586908492e-01,-5.571994238430804103e-01,0.000000000000000000e+00,4.110079988238715676e-01,-8.047724892906834571e-01,-4.282457381981535915e-01,0.000000000000000000e+00,-7.024833766426183956e-01,1.980465559360667163e-02,-7.114245435445728516e-01,0.000000000000000000e+00,3.526291887977316408e-01,-1.300141028353196393e-01,3.969610892036700700e-01,1.000000000000000000e+00
5.604591320897827078e-01,6.208071778650871009e-01,-5.481466556219801722e-01,0.000000000000000000e+00,4.295801515072372179e-01,-7.837903776424710589e-01,-4.484576727488335246e-01,0.000000000000000000e+00,-7.080514486090473403e-01,1.586958021613515263e-02,-7.059825086688713558e-01,0.000000000000000000e+00,3.556048989287303730e-01,-1.325830192801317475e-01,3.975407165139351329e-01,1.000000000000000000e+00
5.495189517041819682e-01,6.358529206010500312e-01,-5.419416315271045059e-01,0.000000000000000000e+00,4.393589539011219514e-01,-7.716596006810316766e-01,-4.598759802434899679e-01,0.000000000000000000e+00,-7.106216297971682527e-01,1.460393944520870478e-02,-7.034227919374641536e-01,0.000000000000000000e+00,3.572535828753977682e-01,-1.336932747085343987e-01,3.974735739233926646e-01,1.000000000000000000e+00
5.383400212531004314e-01,6.507464814832903954e-01,-5.354435406796287378e-01,0.000000000000000000e+00,4.483425423752991357e-01,-7.591540413606941984e-01,-4.718631719930967416e-01,0.000000000000000000e+00,-7.135611650070756706e-01,1.396098050471934922e-02,-7.004538206170997094e-01,0.000000000000000000e+00,3.588925013902292682e-01,-1.346877115406128478e-01,3.971428687630208509e-01,1.000000000000000000e+00
5.270019101025473773e-01,6.648606388078911467e-01,-5.293487174003896900e-01,0.000000000000000000e+00,4.563857037697521823e-01,-7.468360536800160432e-01,-4.836618087253286014e-01,0.000000000000000000e+00,-7.169182091370933652e-01,1.330376625023446321e-02,-6.970303373679096470e-01,0.000000000000000000e+00,3.604501190282143330e-01,-1.357004096628524059e-01,3.968000219760633440e-01,1.000000000000000000e+00
