9.995955001862901756e-01,2.140435719929461786e-02,1.820539484367085861e-02,0.000000000000000000e+00,2.493055578130198152e-02,-9.744494182918317371e-01,-2.231760414568610129e-01,0.000000000000000000e+00,1.296354629395844033e-02,2.235439413149243604e-01,-9.746076404219669032e-01,0.000000000000000000e+00,6.231620679925308215e-01,2.971912418284430868e-01,3.047915092102194620e-02,1.000000000000000000e+00
9.995954380614314738e-01,2.139894467797648012e-02,1.821516606163524690e-02,0.000000000000000000e+00,2.492746449783291018e-02,-9.744494930308640335e-01,-2.231760604249700686e-01,0.000000000000000000e+00,1.297427695878672176e-02,2.235441337079364932e-01,-9.746074535022625218e-01,0.000000000000000000e+00,6.231665532612368219e-01,2.971890636867737245e-01,3.048312161210568749e-02,1.000000000000000000e+00
9.995956532646576020e-01,2.140047644554990414e-02,1.820155167874503918e-02,0.000000000000000000e+00,2.492588975915585245e-02,-9.744499435784170771e-01,-2.231742690834729315e-01,0.000000000000000000e+00,1.296071485154239901e-02,2.235420230436003242e-01,-9.746081180680322698e-01,0.000000000000000000e+00,6.231617568374205884e-01,2.971894594860227667e-01,3.047493275274978236e-02,1.000000000000000000e+00
9.995957488818024705e-01,2.139610303647763653e-02,1.820144207168933326e-02,0.000000000000000000e+00,2.492160623808822861e-02,-9.744499777321451450e-01,-2.231745983340034656e-01,0.000000000000000000e+00,1.296157767090700720e-02,2.235422928071970905e-01,-9.746080447188922857e-01,0.000000000000000000e+00,6.231618339964508646e-01,2.971886886069187717e-01,3.047688524084796527e-02,1.000000000000000000e+00
9.995958666959269268e-01,2.139885886015581093e-02,1.819172957996280024e-02,0.000000000000000000e+00,2.492214505986172987e-02,-9.744495503122757585e-01,-2.231764044047380990e-01,0.000000000000000000e+00,1.295145168540204512e-02,2.235438922231577363e-01,-9.746078124809803844e-01,0.000000000000000000e+00,6.231585296117284622e-01,2.971902437124069873e-01,3.047051048166316348e-02,1.000000000000000000e+00
9.995957276840865546e-01,2.140989035401649060e-02,1.818638754559739543e-02,0.000000000000000000e+00,2.493176023697228627e-02,-9.744483444015188400e-01,-2.231805957645815186e-01,0.000000000000000000e+00,1.294367235579058605e-02,2.235480926756414077e-01,-9.746069523695328751e-01,0.000000000000000000e+00,6.231540509513919801e-01,2.971966903182912678e-01,3.046710362050716533e-02,1.000000000000000000e+00
9.995956996630454006e-01,2.140663650462821394e-02,1.819175719697435981e-02,0.000000000000000000e+00,2.492973765561271038e-02,-9.744492796609738328e-01,-2.231767381467880118e-01,0.000000000000000000e+00,1.294973070900680943e-02,2.235443273717892532e-01,-9.746077355400266651e-01,0.000000000000000000e+00,6.231557485280042608e-01,2.971944302663902526e-01,3.047049756683134492e-02,1.000000000000000000e+00
9.995955898042782062e-01,2.141421411947252648e-02,1.818887513538049519e-02,0.000000000000000000e+00,2.493644193444213841e-02,-9.744497682486464862e-01,-2.231738558277324980e-01,0.000000000000000000e+00,1.294530166298368291e-02,2.235414717397230799e-01,-9.746084493668690785e-01,0.000000000000000000e+00,6.231533927723970079e-01,2.971953274234598874e-01,3.046947907797678545e-02,1.000000000000000000e+00
9.995959558198951322e-01,2.141963665492462032e-02,1.816235599500600276e-02,0.000000000000000000e+00,2.493585634958221317e-02,-9.744487838215386555e-01,-2.231782195422422066e-01,0.000000000000000000e+00,1.291813805296758780e-02,2.235452435202292809e-01,-9.746079446673547864e-01,0.000000000000000000e+00,6.231425240303091195e-01,2.972017830362311264e-01,3.045601417040905146e-02,1.000000000000000000e+00
9.995964327952753248e-01,2.141399443810376724e-02,1.814274748689863326e-02,0.000000000000000000e+00,2.492575433814822605e-02,-9.744528020478696595e-01,-2.231618028537542264e-01,0.000000000000000000e+00,1.290071389906706674e-02,2.235282673474667803e-01,-9.746120691216242360e-01,0.000000000000000000e+00,6.231388150352447086e-01,2.971919739985784403e-01,3.044447802988540022e-02,1.000000000000000000e+00
9.995975189218785362e-01,2.138988946077035810e-02,1.811131401331198681e-02,0.000000000000000000e+00,2.489469185339804325e-02,-9.744628848701644142e-01,-2.231212388573738103e-01,0.000000000000000000e+00,1.287651257946086092e-02,2.234866151719089311e-01,-9.746219411970951096e-01,0.000000000000000000e+00,6.231371921257036206e-01,2.971582107438398568e-01,3.042444927698957982e-02,1.000000000000000000e+00
9.995724380743539195e-01,2.156224918765271836e-02,1.925506045874545921e-02,0.000000000000000000e+00,2.531232029762566990e-02,-9.745494620152488352e-01,-2.226957103945827743e-01,0.000000000000000000e+00,1.396345725041402488e-02,2.230921796612698460e-01,-9.746973382725530044e-01,0.000000000000000000e+00,6.234824521014761256e-01,2.970703359919375508e-01,3.128023389158608725e-02,1.000000000000000000e+00
9.995557207831301527e-01,2.204759428851095840e-02,1.957068054552853903e-02,0.000000000000000000e+00,2.582933313395840633e-02,-9.749520638511406379e-01,-2.208666241048313494e-01,0.000000000000000000e+00,1.421117127778254857e-02,2.212782555736250156e-01,-9.751071614039183988e-01,0.000000000000000000e+00,6.236597607582081704e-01,2.966338896762191757e-01,3.230313206257565128e-02,1.000000000000000000e+00
9.995410518122742616e-01,2.243110187607828820e-02,1.988160737580971574e-02,0.000000000000000000e+00,2.623640865576954903e-02,-9.754852864216009278e-01,-2.184510328129010692e-01,0.000000000000000000e+00,1.449439715561321243e-02,2.188766111361473421e-01,-9.756448849600201090e-01,0.000000000000000000e+00,6.238812034749265933e-01,2.958407624473940456e-01,3.360466656360543841e-02,1.000000000000000000e+00
9.995111304144871367e-01,2.288562098551461324e-02,2.084455398586354882e-02,0.000000000000000000e+00,2.678071153149966938e-02,-9.770050197066990627e-01,-2.114822258701365976e-01,0.000000000000000000e+00,1.552563072780137159e-02,2.119411511532515169e-01,-9.771590982221567412e-01,0.000000000000000000e+00,6.245387842455419891e-01,2.930404008858479292e-01,3.726340882520132181e-02,1.000000000000000000e+00
9.995116555022710569e-01,2.335965226654713664e-02,2.028605585873467093e-02,0.000000000000000000e+00,2.702574297297982361e-02,-9.783883109297089042e-01,-2.049552857432025421e-01,0.000000000000000000e+00,1.506024567829879202e-02,2.054073974176181538e-01,-9.785606726648224951e-01,0.000000000000000000e+00,6.247847683122993434e-01,2.906463513264533338e-01,3.959294456293392661e-02,1.000000000000000000e+00
9.995962719414339670e-01,2.627238426917381450e-02,9.889481624840591040e-03,0.000000000000000000e+00,2.763053222219882810e-02,-9.830343075356630100e-01,-1.812756210807342783e-01,0.000000000000000000e+00,4.959252426272753138e-03,1.814791807034607241e-01,-9.833822821195087327e-01,0.000000000000000000e+00,6.233512756738344152e-01,2.831320879415661351e-01,4.444487679347124132e-02,1.000000000000000000e+00
9.995844621502708582e-01,2.844509917793295456e-02,1.589421819249077147e-03,0.000000000000000000e+00,2.831807003094476832e-02,-9.859127593301190151e-01,-1.647873320404251163e-01,0.000000000000000000e+00,-3.120420829371966989e-03,1.647670383012586892e-01,-9.863275754348952429e-01,0.000000000000000000e+00,6.219409014489929444e-01,2.782700721751596440e-01,4.757610963167286516e-02,1.000000000000000000e+00
9.994802516569017969e-01,3.086204500934628531e-02,-8.216302508158555146e-03,0.000000000000000000e+00,2.932762467164950343e-02,-9.887745070285027804e-01,-1.464432025833514173e-01,0.000000000000000000e+00,-1.264385060484641762e-02,1.461289377701779635e-01,-9.891847484610960528e-01,0.000000000000000000e+00,6.201069243384643714e-01,2.730503849475001688e-01,5.129344710705529414e-02,1.000000000000000000e+00
9.989500249809544208e-01,3.599589384937180309e-02,-2.799803774809733747e-02,0.000000000000000000e+00,3.283729029972227292e-02,-9.938053072261131549e-01,-1.060823764637213867e-01,0.000000000000000000e+00,-3.164373770846162087e-02,1.050536355331398858e-01,-9.939629809631284063e-01,0.000000000000000000e+00,6.160136737286873165e-01,2.622297499521116793e-01,6.155157575232023809e-02,1.000000000000000000e+00
9.980438351170802802e-01,4.070071720096729573e-02,-4.725147304926716890e-02,0.000000000000000000e+00,3.777988804100532172e-02,-9.974041337493425585e-01,-6.114262785112380139e-02,0.000000000000000000e+00,-4.961831865656822493e-02,5.923900796257062368e-02,-9.970099108781745878e-01,0.000000000000000000e+00,6.113330180344858089e-01,2.509369982403832355e-01,7.464400016686828510e-02,1.000000000000000000e+00
9.974960009261870653e-01,4.241223647173171518e-02,-5.642408382010948020e-02,0.000000000000000000e+00,4.034679962523891883e-02,-9.984813364712359363e-01,-3.725457528712006194e-02,0.000000000000000000e+00,-5.791955960960228078e-02,3.488543031381444171e-02,-9.977115471750587217e-01,0.000000000000000000e+00,6.087849793451615144e-01,2.449886670170583203e-01,8.212097252137963432e-02,1.000000000000000000e+00
9.968816267010405241e-01,4.354255605007311541e-02,-6.566441242957672675e-02,0.000000000000000000e+00,4.279663288380701480e-02,-9.989931360034607355e-01,-1.272435982623621245e-02,0.000000000000000000e+00,-6.615362211000469506e-02,9.874654887734184844e-03,-9.977605872515584728e-01,0.000000000000000000e+00,6.059905360060040547e-01,2.388783283415211733e-01,8.990486232779597298e-02,1.000000000000000000e+00
9.962671336232629127e-01,4.389095184413543960e-02,-7.420329985594477373e-02,0.000000000000000000e+00,4.490451326492148759e-02,-9.989090224967562825e-01,1.204559522081719708e-02,0.000000000000000000e+00,-7.359507001851842145e-02,-1.533298889366177011e-02,-9.971703290414110077e-01,0.000000000000000000e+00,6.031695331251504255e-01,2.326203943443451994e-01,9.810143704078951032e-02,1.000000000000000000e+00
9.950861071695389359e-01,4.136610322836391934e-02,-8.985116428339529060e-02,0.000000000000000000e+00,4.700560908086903744e-02,-9.969848688437230599e-01,6.158239125601764480e-02,0.000000000000000000e+00,-8.703450336868247261e-02,-6.550455185451638240e-02,-9.940493694528986790e-01,0.000000000000000000e+00,5.973393625553770070e-01,2.195526114957950248e-01,1.154489105571056551e-01,1.000000000000000000e+00
9.937984694683180686e-01,3.380128206557126563e-02,-1.058433857846608900e-01,0.000000000000000000e+00,4.551732736277391139e-02,-9.928446668634478556e-01,1.103104133423855188e-01,0.000000000000000000e+00,-1.013593591846711356e-01,-1.144462314306251144e-01,-9.882450811499143839e-01,0.000000000000000000e+00,5.906146058319006187e-01,2.059515481798229741e-01,1.333577316983176608e-01,1.000000000000000000e+00
9.929489203448064183e-01,2.896190671947897893e-02,-1.148668640055262730e-01,0.000000000000000000e+00,4.459975884416371439e-02,-9.896947750756586171e-01,1.359994874997421110e-01,0.000000000000000000e+00,-1.097464436238522051e-01,-1.401662773493326797e-01,-9.840269980066332911e-01,0.000000000000000000e+00,5.865882773100742353e-01,1.986073489923305957e-01,1.425777555231016180e-01,1.000000000000000000e+00
9.918996332629068657e-01,2.504435338977120673e-02,-1.244533840335721037e-01,0.000000000000000000e+00,4.510939830268004963e-02,-9.858922671240705204e-01,1.611282927078264704e-01,0.000000000000000000e+00,-1.186645596929464808e-01,-1.654402969540395840e-01,-9.790547637474823484e-01,0.000000000000000000e+00,5.824218024491060186e-01,1.912228484225243219e-01,1.516442375964138778e-01,1.000000000000000000e+00
9.905451810390897283e-01,2.108228240371658874e-02,-1.354862671642242389e-01,0.000000000000000000e+00,4.622231597576557938e-02,-9.816051118961958144e-01,1.851908440131463940e-01,0.000000000000000000e+00,-1.290922521939531220e-01,-1.897060395901471186e-01,-9.733174245673988922e-01,0.000000000000000000e+00,5.778248941571744179e-01,1.838813168663997466e-01,1.607292554042127064e-01,1.000000000000000000e+00
9.829835886604066930e-01,4.308265741335567077e-03,-1.835904413955664616e-01,0.000000000000000000e+00,5.176717350086586233e-02,-9.656732000457928233e-01,2.545116448460816305e-01,0.000000000000000000e+00,-1.761952575447149894e-01,-2.596897280714788314e-01,-9.494822148691953734e-01,0.000000000000000000e+00,5.598361002327800762e-01,1.611808163764430757e-01,1.877203083068015865e-01,1.000000000000000000e+00
9.790720639621385279e-01,-1.415929605962274948e-03,-2.034616317969489829e-01,0.000000000000000000e+00,5.552190040094073104e-02,-9.601563614940861191e-01,2.738573113128698333e-01,0.000000000000000000e+00,-1.957465114916290272e-01,-2.794279993291325925e-01,-9.400017534184580414e-01,0.000000000000000000e+00,5.529920652433972794e-01,1.537936809993968590e-01,1.968860905053283206e-01,1.000000000000000000e+00
9.747409995971493268e-01,-1.073173242672316625e-02,-2.230371281304513176e-01,0.000000000000000000e+00,5.594724815303484672e-02,-9.552372829052221404e-01,2.904692508221130565e-01,0.000000000000000000e+00,-2.161747805747364359e-01,-2.956162929831295250e-01,-9.305264486119548817e-01,0.000000000000000000e+00,5.460899789124041837e-01,1.468756771108462311e-01,2.063010237275619552e-01,1.000000000000000000e+00
9.699878726635293713e-01,-2.304410325360426587e-02,-2.420190965443145270e-01,0.000000000000000000e+00,5.330870322080064755e-02,-9.511002260307946932e-01,3.042158593931226784e-01,0.000000000000000000e+00,-2.371993659251308006e-01,-3.079933483010515172e-01,-9.213449724218520931e-01,0.000000000000000000e+00,5.391592848262991566e-01,1.404282368972558093e-01,2.159090086170463441e-01,1.000000000000000000e+00
9.507112005764366547e-01,-5.127744848924849219e-02,-3.057770156112964988e-01,0.000000000000000000e+00,5.327536734028726073e-02,-9.445333148731713813e-01,3.240359536080277825e-01,0.000000000000000000e+00,-3.054381957189206132e-01,-3.243612382744918143e-01,-8.952638134656223379e-01,0.000000000000000000e+00,5.177073075135938396e-01,1.239553110577283623e-01,2.447905315880640198e-01,1.000000000000000000e+00
9.410840113355821712e-01,-5.725115670715578281e-02,-3.332625625020472215e-01,0.000000000000000000e+00,5.740167343661546628e-02,-9.442015231993897695e-01,3.242981319339305335e-01,0.000000000000000000e+00,-3.332398782112486191e-01,-3.243278599667403506e-01,-8.853036895998720457e-01,0.000000000000000000e+00,5.094489916078803748e-01,1.186597007719887853e-01,2.548717918703225505e-01,1.000000000000000000e+00
9.308659634738061239e-01,-6.655015296756179588e-02,-3.592219120365358065e-01,0.000000000000000000e+00,5.756038712560185983e-02,-9.442618445711847830e-01,3.240943035941581951e-01,0.000000000000000000e+00,-3.607750167871538460e-01,-3.223715151429988879e-01,-8.751674088348102565e-01,0.000000000000000000e+00,5.014351017597639126e-01,1.137068183673633354e-01,2.643544511133250063e-01,1.000000000000000000e+00
9.192074064084604368e-01,-7.859637577746805825e-02,-3.858252203001857339e-01,0.000000000000000000e+00,5.526114689992747686e-02,-9.444166050085590625e-01,3.240435599246189735e-01,0.000000000000000000e+00,-3.898559000208423608e-01,-3.191905298651837031e-01,-8.637880427878832368e-01,0.000000000000000000e+00,4.932142730016670362e-01,1.083316336230257942e-01,2.738034052715033750e-01,1.000000000000000000e+00
8.720845832978607604e-01,-1.173077078622232761e-01,-4.750664460383582921e-01,0.000000000000000000e+00,4.746596990778430281e-02,-9.459730999362500059e-01,3.207220335413880075e-01,0.000000000000000000e+00,-4.870326221374431941e-01,-3.022520498958152779e-01,-8.194162088387708653e-01,0.000000000000000000e+00,4.656806385650825719e-01,9.164199386229537891e-02,3.018773885763047504e-01,1.000000000000000000e+00
8.514060257268010190e-01,-1.236798513460765775e-01,-5.096977738114171208e-01,0.000000000000000000e+00,5.083922392831116688e-02,-9.477528376925459241e-01,3.148978863970063879e-01,0.000000000000000000e+00,-5.220240858554160424e-01,-2.940242581036935920e-01,-8.006501042486597886e-01,0.000000000000000000e+00,4.555292253623497434e-01,8.566303942793353221e-02,3.115367466188808665e-01,1.000000000000000000e+00
8.123323722498116961e-01,-1.233063634961072408e-01,-5.699933373448914375e-01,0.000000000000000000e+00,6.257963195059396133e-02,-9.533072902631977152e-01,2.954145339978649365e-01,0.000000000000000000e+00,-5.798164590670766838e-01,-2.756500695829140479e-01,-7.667006671014781061e-01,0.000000000000000000e+00,4.385157252303227837e-01,7.349306732738873638e-02,3.287827385039759909e-01,1.000000000000000000e+00
7.934716427400738681e-01,-1.192669765643766117e-01,-5.967904886723391922e-01,0.000000000000000000e+00,6.868539919795488280e-02,-9.567854216072226858e-01,2.825326880877949698e-01,0.000000000000000000e+00,-6.047089013245992017e-01,-2.651775745868344969e-01,-7.510046595028821992e-01,0.000000000000000000e+00,4.311825123203147370e-01,6.690957294812749367e-02,3.366671584382725513e-01,1.000000000000000000e+00
7.747206953755128023e-01,-1.137769246525720257e-01,-6.219673644771830379e-01,0.000000000000000000e+00,7.398360928178884799e-02,-9.605983802181851106e-01,2.678766962261683315e-01,0.000000000000000000e+00,-6.279511195530014245e-01,-2.535498924758644024e-01,-7.357919838361992593e-01,0.000000000000000000e+00,4.242546623041141274e-01,6.034010946427929151e-02,3.442057393988801062e-01,1.000000000000000000e+00
7.344261200247267363e-01,-1.019508532705886705e-01,-6.709732070984897323e-01,0.000000000000000000e+00,8.178990826508042433e-02,-9.681415332368481508e-01,2.366286741479209643e-01,0.000000000000000000e+00,-6.737344961956602818e-01,-2.286695186947993175e-01,-7.027034081715192171e-01,0.000000000000000000e+00,4.108390182466417073e-01,4.621726357863156776e-02,3.586677615171962041e-01,1.000000000000000000e+00
6.920023157693842020e-01,-8.483937348978956572e-02,-7.168792245398648566e-01,0.000000000000000000e+00,9.114227306723736433e-02,-9.748453404556979285e-01,2.033479656971274308e-01,0.000000000000000000e+00,-7.161120730988379535e-01,-2.060592324874072068e-01,-6.668756191890548024e-01,0.000000000000000000e+00,3.987774955230706242e-01,3.110435389331157874e-02,3.728977785837380710e-01,1.000000000000000000e+00
6.711424340817416789e-01,-7.150526998451992022e-02,-7.378587781144061442e-01,0.000000000000000000e+00,9.801510883168482180e-02,-9.780299227042664745e-01,1.839327475927224342e-01,0.000000000000000000e+00,-7.348142719532807510e-01,-1.957701495480495824e-01,-6.494012890961213813e-01,0.000000000000000000e+00,3.936725072753636256e-01,2.329705309511058767e-02,3.797969888313340037e-01,1.000000000000000000e+00
6.499477774442926625e-01,-5.095359436711310863e-02,-7.582561339794782196e-01,0.000000000000000000e+00,1.078858384839041507e-01,-9.814490129688560049e-01,1.584273577962211077e-01,0.000000000000000000e+00,-7.522766612544193876e-01,-1.847781654382389394e-01,-6.324056091696076409e-01,0.000000000000000000e+00,3.892003114529232199e-01,1.560132687062287804e-02,3.864626382810292249e-01,1.000000000000000000e+00
6.286264888982713295e-01,-2.156682454991181580e-02,-7.773958814114424465e-01,0.000000000000000000e+00,1.208982041455052142e-01,-9.847431486744177009e-01,1.250811827350299388e-01,0.000000000000000000e+00,-7.682476630983240407e-01,-1.726184341424862045e-01,-6.164401060428826851e-01,0.000000000000000000e+00,3.853772356167211033e-01,8.306151639978037043e-03,3.929920809864460574e-01,1.000000000000000000e+00
5.844446488730239420e-01,5.122732077514838972e-02,-8.098030383439519531e-01,0.000000000000000000e+00,1.463144725719620620e-01,-9.882899612259521405e-01,4.307870189783639947e-02,0.000000000000000000e+00,-7.981287733370266979e-01,-1.436657872586494522e-01,-5.851073429234036061e-01,0.000000000000000000e+00,3.789884232413369136e-01,-6.314557687493733973e-03,4.057776716774943448e-01,1.000000000000000000e+00
5.400411179596953382e-01,1.306488549116707198e-01,-8.314248099042510498e-01,0.000000000000000000e+00,1.653370300459841846e-01,-9.850875086783198453e-01,-4.740267548063991504e-02,0.000000000000000000e+00,-8.252351882478249356e-01,-1.118680687222491921e-01,-5.535995116308637387e-01,0.000000000000000000e+00,3.731613396275029748e-01,-2.072002422788053744e-02,4.179892476360915210e-01,1.000000000000000000e+00
5.177511148474960301e-01,1.719681739593004188e-01,-8.380581585549340407e-01,0.000000000000000000e+00,1.725157988293278266e-01,-9.804432033464745011e-01,-9.460534375599950752e-02,0.000000000000000000e+00,-8.379536669814916516e-01,-9.559809104783183187e-02,-5.373031332314022190e-01,0.000000000000000000e+00,3.702881538144004447e-01,-2.783443138413176782e-02,4.237734918610331913e-01,1.000000000000000000e+00
4.958491841121248078e-01,2.140873810020362811e-01,-8.415942768414227393e-01,0.000000000000000000e+00,1.778154755223084194e-01,-9.736219594899686580e-01,-1.429079548692011037e-01,0.000000000000000000e+00,-8.500058239422957351e-01,-7.878921064484140091e-02,-5.208477316357842390e-01,0.000000000000000000e+00,3.675133014753335647e-01,-3.495639105762317345e-02,4.290789507507877798e-01,1.000000000000000000e+00
4.747722228082852380e-01,2.558366940542439738e-01,-8.420924351437221178e-01,0.000000000000000000e+00,1.821744612874210967e-01,-9.646530852008455836e-01,-1.903618600674417960e-01,0.000000000000000000e+00,-8.610451923275073138e-01,-6.303042581539620992e-02,-5.046071166672304598e-01,0.000000000000000000e+00,3.649615403998381913e-01,-4.172888845289892540e-02,4.339481287899358275e-01,1.000000000000000000e+00
4.182745601073876163e-01,3.764491546734559102e-01,-8.266275904020020660e-01,0.000000000000000000e+00,1.926311679995553749e-01,-9.261264396813945199e-01,-3.242896818269117021e-01,0.000000000000000000e+00,-8.876573339888257363e-01,-2.359256845633068631e-02,-4.598998240154954509e-01,0.000000000000000000e+00,3.594113680063164007e-01,-6.125695656900437269e-02,4.454737016171013142e-01,1.000000000000000000e+00
3.996891321944890940e-01,4.180485590666130902e-01,-8.157602262731084020e-01,0.000000000000000000e+00,1.969652724520310205e-01,-9.083181655666107135e-01,-3.689763386056247318e-01,0.000000000000000000e+00,-8.952370950425819762e-01,-1.320085680323130478e-02,-4.453945229112942217e-01,0.000000000000000000e+00,3.581641882301345725e-01,-6.718454345069607703e-02,4.483415106101872882e-01,1.000000000000000000e+00
3.812309969616012317e-01,4.593907553186551973e-01,-8.022492180018797603e-01,0.000000000000000000e+00,2.030977820974100290e-01,-8.882043050317969257e-01,-4.120984716439798912e-01,0.000000000000000000e+00,-9.018928015230605055e-01,-5.830437928374170888e-03,-4.319205720435746465e-01,0.000000000000000000e+00,3.574044728665685677e-01,-7.288836210666041482e-02,4.507992707994511461e-01,1.000000000000000000e+00
3.448445400733606281e-01,5.347262649530115652e-01,-7.714472189671842672e-01,0.000000000000000000e+00,2.180344659688364384e-01,-8.450139286105666780e-01,-4.882552396083723045e-01,0.000000000000000000e+00,-9.129841236082060218e-01,1.700744049628499679e-04,-4.079950503548457341e-01,0.000000000000000000e+00,3.571425270905190796e-01,-8.449956730088525880e-02,4.541156811835305174e-01,1.000000000000000000e+00
3.179226376254243869e-01,5.958413736585310705e-01,-7.374815257504528931e-01,0.000000000000000000e+00,2.423714192476006113e-01,-8.030700461796392853e-01,-5.443485491503986529e-01,0.000000000000000000e+00,-9.166123578441282005e-01,-5.683826962837543531e-03,-3.997367628308459708e-01,0.000000000000000000e+00,3.600324192180081040e-01,-9.622359248014528132e-02,4.535288867724168727e-01,1.000000000000000000e+00
3.032230312401092975e-01,6.266685785459870095e-01,-7.178600371172084715e-01,0.000000000000000000e+00,2.566670868432844310e-01,-7.791977362309336907e-01,-5.717986020315005691e-01,0.000000000000000000e+00,-9.177008015862401225e-01,-1.086874837832361475e-02,-3.971235438458174394e-01,0.000000000000000000e+00,3.617465623514851125e-01,-1.019302691291087415e-01,4.524307580798911377e-01,1.000000000000000000e+00
2.659028802010887094e-01,6.936798360697249421e-01,-6.693912833554476194e-01,0.000000000000000000e+00,2.850726537344838163e-01,-7.199166430424553953e-01,-6.327988274834815963e-01,0.000000000000000000e+00,-9.208834423688823101e-01,-2.256255311620369852e-02,-3.891845536088448521e-01,0.000000000000000000e+00,3.645005975824224809e-01,-1.125888987478934206e-01,4.496828691020838265e-01,1.000000000000000000e+00
2.442313492453402624e-01,7.262738216062086805e-01,-6.425403730478901343e-01,0.000000000000000000e+00,2.971349797258381331e-01,-6.867831695900733502e-01,-6.633403565985914740e-01,0.000000000000000000e+00,-9.230704217699244873e-01,-2.891326708764583447e-02,-3.835427217922563470e-01,0.000000000000000000e+00,3.654851081195225615e-01,-1.176109585878679920e-01,4.478666965394509369e-01,1.000000000000000000e+00
2.230479084546198865e-01,7.559303170464656274e-01,-6.154670853955213072e-01,0.000000000000000000e+00,3.084899335394352127e-01,-6.536615910295273668e-01,-6.910435819966712634e-01,0.000000000000000000e+00,-9.247057917495730139e-01,-3.573026257230323133e-02,-3.790020409461002937e-01,0.000000000000000000e+00,3.665017721402153428e-01,-1.225613845868016999e-01,4.455230490435685975e-01,1.000000000000000000e+00
1.817064699532196792e-01,8.118592510676211349e-01,-5.548405736193680049e-01,0.000000000000000000e+00,3.332694157001755420e-01,-5.816843007000850330e-01,-7.419943515816848079e-01,0.000000000000000000e+00,-9.251548417348934850e-01,-5.008718375923794375e-02,-3.762709035223859022e-01,0.000000000000000000e+00,3.691681839203326820e-01,-1.322523347275907368e-01,4.393944594956967764e-01,1.000000000000000000e+00
1.387349314815417012e-01,8.646222254281092923e-01,-4.828682770526181445e-01,0.000000000000000000e+00,3.594876234354344446e-01,-4.982935964781141092e-01,-7.889568348185205249e-01,0.000000000000000000e+00,-9.227775510125981739e-01,-6.413053164102841541e-02,-3.799590323424759108e-01,0.000000000000000000e+00,3.724727728394253146e-01,-1.418016122071091845e-01,4.327719788989213279e-01,1.000000000000000000e+00
1.163333466207679967e-01,8.860793312069485950e-01,-4.486766298494574423e-01,0.000000000000000000e+00,3.675420437744701951e-01,-4.580809375344874756e-01,-8.093549577452521238e-01,0.000000000000000000e+00,-9.227006757664605319e-01,-7.075391692224797247e-02,-3.789687931482970118e-01,0.000000000000000000e+00,3.734920489342771766e-01,-1.463920208689715452e-01,4.302785555463877198e-01,1.000000000000000000e+00
9.421495970051216307e-02,9.038329838476905076e-01,-4.173610254669443131e-01,0.000000000000000000e+00,3.702439671364279317e-01,-4.209665805752055290e-01,-8.280623706817661356e-01,0.000000000000000000e+00,-9.241429196764042731e-01,-7.651101198778842427e-02,-3.743072655674417604e-01,0.000000000000000000e+00,3.738740633829717996e-01,-1.507855838112139302e-01,4.285153508506248654e-01,1.000000000000000000e+00
7.312944027748227716e-02,9.180438759579646613e-01,-3.896514771972353630e-01,0.000000000000000000e+00,3.693428912172726508e-01,-3.878478731100175048e-01,-8.444765259807461844e-01,0.000000000000000000e+00,-9.264098360120996967e-01,-8.216048932668112981e-02,-3.674431517032734074e-01,0.000000000000000000e+00,3.738469634869191482e-01,-1.550952416922736221e-01,4.273451490158723387e-01,1.000000000000000000e+00
3.590054896929028433e-02,9.403059651227939630e-01,-3.384029985673928098e-01,0.000000000000000000e+00,3.676335838863642458e-01,-3.273023002975548601e-01,-8.704593609813184862e-01,0.000000000000000000e+00,-9.292761008309810000e-01,-9.316013186775813637e-02,-3.574452660964340112e-01,0.000000000000000000e+00,3.738389627328679299e-01,-1.634407764563782783e-01,4.255815965667744671e-01,1.000000000000000000e+00
2.509047193742112991e-03,9.584013657649461670e-01,-2.853791752796160930e-01,0.000000000000000000e+00,3.787011053190121879e-01,-2.650347997192714633e-01,-8.867484280612694114e-01,0.000000000000000000e+00,-9.255141361232195329e-01,-1.058505534095983136e-01,-3.636196421798090217e-01,0.000000000000000000e+00,3.760930510688933470e-01,-1.722267297387427287e-01,4.216290186683888663e-01,1.000000000000000000e+00
-1.311910109269968927e-02,9.671352991326693793e-01,-2.538857011713930301e-01,0.000000000000000000e+00,3.870819681772411647e-01,-2.291981039099755257e-01,-8.930937946135969474e-01,0.000000000000000000e+00,-9.219504059277361385e-01,-1.099932823898126244e-01,-3.713609118348314420e-01,0.000000000000000000e+00,3.778283667658333123e-01,-1.761777516143971101e-01,4.185541710606235366e-01,1.000000000000000000e+00
-2.695086951628841709e-02,9.751368428189788329e-01,-2.199148364948544931e-01,0.000000000000000000e+00,3.941134730086340299e-01,-1.918095556733781792e-01,-8.988127789738317164e-01,0.000000000000000000e+00,-9.186649097942213293e-01,-1.108973210198866827e-01,-3.791524333343878617e-01,0.000000000000000000e+00,3.794121037215499315e-01,-1.794691504349050504e-01,4.151849639606170483e-01,1.000000000000000000e+00
-3.808528235797457862e-02,9.813613964773376663e-01,-1.883084376042968855e-01,0.000000000000000000e+00,3.991227660278706124e-01,-1.578214570014867257e-01,-9.032021657687705485e-01,0.000000000000000000e+00,-9.161044885388014425e-01,-1.095590033429663102e-01,-3.856804258263007990e-01,0.000000000000000000e+00,3.806561141807165982e-01,-1.822534877274644416e-01,4.118856165612379550e-01,1.000000000000000000e+00
-4.397350544566304420e-02,9.875544666325144494e-01,-1.509412241708624480e-01,0.000000000000000000e+00,3.999128147867976879e-01,-1.210531296306341653e-01,-9.085134161239104555e-01,0.000000000000000000e+00,-9.154960158001297366e-01,-1.003157808665567363e-01,-3.896200574447133969e-01,0.000000000000000000e+00,3.815085437384162503e-01,-1.892157962852484554e-01,4.044569748614676441e-01,1.000000000000000000e+00
-4.025876542294802574e-02,9.878655638309651321e-01,-1.499386758136725672e-01,0.000000000000000000e+00,3.968779094753193126e-01,-1.219050763193959552e-01,-9.097295335643836856e-01,0.000000000000000000e+00,-9.169864191566743372e-01,-9.613378696982224914e-02,-3.871617260074411426e-01,0.000000000000000000e+00,3.811297814403804551e-01,-1.911417003692334471e-01,4.025377178171206660e-01,1.000000000000000000e+00
-3.402937519929256915e-02,9.886150740779946489e-01,-1.465025045195999520e-01,0.000000000000000000e+00,3.883567999229518564e-01,-1.219870055981122081e-01,-9.133886978280487678e-01,0.000000000000000000e+00,-9.208789667779719856e-01,-8.797898440519197338e-02,-3.797915571059547468e-01,0.000000000000000000e+00,3.802208296044093383e-01,-1.943852160364492043e-01,3.987670530723269602e-01,1.000000000000000000e+00
-3.215689566884542133e-02,9.891141293876576368e-01,-1.435267222779347263e-01,0.000000000000000000e+00,3.846093825811682798e-01,-1.202968774998845886e-01,-9.151967171026775816e-01,0.000000000000000000e+00,-9.225175819054274307e-01,-8.463323883966440697e-02,-3.765614504418516306e-01,0.000000000000000000e+00,3.800263354393921267e-01,-1.958040855250274270e-01,3.965710689860487692e-01,1.000000000000000000e+00
-3.216509051680054021e-02,9.904124261081451719e-01,-1.342735270402628245e-01,0.000000000000000000e+00,3.772566497563363819e-01,-1.123745433715102326e-01,-9.192552034760955726e-01,0.000000000000000000e+00,-9.255485222524637567e-01,-8.022505237088380092e-02,-3.700322606589456220e-01,0.000000000000000000e+00,3.801599257616185001e-01,-1.975535475374883831e-01,3.919893812248506082e-01,1.000000000000000000e+00
-3.495783136428163435e-02,9.914629781127038965e-01,-1.255382808525062344e-01,0.000000000000000000e+00,3.738991718350668791e-01,-1.035171264092855231e-01,-9.216639087770678307e-01,0.000000000000000000e+00,-9.268088498456676927e-01,-7.915955480865248528e-02,-3.670955198994488300e-01,0.000000000000000000e+00,3.805445049098761245e-01,-1.980153367763521632e-01,3.894417099998538356e-01,1.000000000000000000e+00
-4.071623415707238680e-02,9.931004767437766612e-01,-1.098834758667504713e-01,0.000000000000000000e+00,3.675880518789236273e-01,-8.737327834592556464e-02,-9.258648288212225630e-01,0.000000000000000000e+00,-9.290955703939780541e-01,-7.809108549100982066e-02,-3.615013187266741257e-01,0.000000000000000000e+00,3.814312235934662620e-01,-1.984855613194935475e-01,3.846169387859397770e-01,1.000000000000000000e+00
-4.191839979401029703e-02,9.935607253491652857e-01,-1.051697661096485381e-01,0.000000000000000000e+00,3.636657625235688585e-01,-8.286855164011230901e-02,-9.278258259061500368e-01,0.000000000000000000e+00,-9.305844834138320421e-01,-7.714110230149608116e-02,-3.578571915794363512e-01,0.000000000000000000e+00,3.816236330982795688e-01,-1.986537113653339404e-01,3.825574680438360020e-01,1.000000000000000000e+00
-4.220288010093942166e-02,9.938320550595848291e-01,-1.024573577076636349e-01,0.000000000000000000e+00,3.600870259113450600e-01,-8.052655361066332618e-02,-9.294264655340516157e-01,0.000000000000000000e+00,-9.319622953388683184e-01,-7.611950444359981416e-02,-3.544744012054589777e-01,0.000000000000000000e+00,3.817595867241714291e-01,-1.988554288504131573e-01,3.806608366117447684e-01,1.000000000000000000e+00
-4.317849712731065132e-02,9.943345402560305191e-01,-9.703188311510414776e-02,0.000000000000000000e+00,3.536810101561255748e-01,-7.561925183376383419e-02,-9.322940623581449371e-01,0.000000000000000000e+00,-9.343676557562826668e-01,-7.457482672734747076e-02,-3.484188271249056279e-01,0.000000000000000000e+00,3.820386543299289506e-01,-1.991010493744652388e-01,3.772753492696498956e-01,1.000000000000000000e+00
-4.436409705313665297e-02,9.947296264755811634e-01,-9.233387247169271006e-02,0.000000000000000000e+00,3.481870174307130639e-01,-7.123330276713837894e-02,-9.347044262069146292e-01,0.000000000000000000e+00,-9.363734595300375885e-01,-7.361819092228910622e-02,-3.431983482668273799e-01,0.000000000000000000e+00,3.823362062497815961e-01,-1.991440570209063454e-01,3.743550215780323542e-01,1.000000000000000000e+00
-4.474075078921146975e-02,9.948384664188028026e-01,-9.096943362201835581e-02,0.000000000000000000e+00,3.462266505249829707e-01,-6.997512758610732742e-02,-9.355273031220239233e-01,0.000000000000000000e+00,-9.370821869908915192e-01,-7.335364851363335159e-02,-3.413154216763522042e-01,0.000000000000000000e+00,3.824586740214656055e-01,-1.991224256174640439e-01,3.733026304847981702e-01,1.000000000000000000e+00
-4.485083708404940389e-02,9.949107268751118394e-01,-9.012100123114943906e-02,0.000000000000000000e+00,3.448498083072752407e-01,-6.924696901056393017e-02,-9.360898535367710993e-01,0.000000000000000000e+00,-9.375844941890326689e-01,-7.306403022502300226e-02,-3.399955348876990135e-01,0.000000000000000000e+00,3.825169816850098048e-01,-1.991633707131403030e-01,3.725881621305815461e-01,1.000000000000000000e+00
-4.493020696922457591e-02,9.949142638502989078e-01,-9.004238440939084376e-02,0.000000000000000000e+00,3.446592719163119045e-01,-6.916077550192509249e-02,-9.361663956345038784e-01,0.000000000000000000e+00,-9.376507541704882653e-01,-7.309749991902779465e-02,-3.398055601503635059e-01,0.000000000000000000e+00,3.825427601424761792e-01,-1.991199816610323414e-01,3.725282618631334808e-01,1.000000000000000000e+00
-4.481725868073604263e-02,9.949059240565475415e-01,-9.019070075534099673e-02,0.000000000000000000e+00,3.448317439540165563e-01,-6.932541183451371158e-02,-9.360907020886463092e-01,0.000000000000000000e+00,-9.375927440014810710e-01,-7.305504230998464965e-02,-3.399747155140500632e-01,0.000000000000000000e+00,3.825154339439876816e-01,-1.991522361091600246e-01,3.726254451388375522e-01,1.000000000000000000e+00
-4.482232412542638128e-02,9.949068835396681632e-01,-9.017759836338883062e-02,0.000000000000000000e+00,3.448039149029443751e-01,-6.931352417892099049e-02,-9.361018334212949377e-01,0.000000000000000000e+00,-9.376027366676241703e-01,-7.305325524579726892e-02,-3.399475402049178530e-01,0.000000000000000000e+00,3.825156128305361447e-01,-1.991517187325170524e-01,3.726102499164428150e-01,1.000000000000000000e+00
-4.484059746719534778e-02,9.949037670352844920e-01,-9.020289385043910035e-02,0.000000000000000000e+00,3.448609580251290607e-01,-6.932664454584640257e-02,-9.360798485637925603e-01,0.000000000000000000e+00,-9.375808828782750126e-01,-7.308324315540405680e-02,-3.400013641606198234e-01,0.000000000000000000e+00,3.825199875234957525e-01,-1.991433560842290895e-01,3.726361001701066766e-01,1.000000000000000000e+00
-4.486685719054189780e-02,9.949022566229585030e-01,-9.020649529605234695e-02,0.000000000000000000e+00,3.448696717666737688e-01,-6.932039389231944848e-02,-9.360771011980630885e-01,0.000000000000000000e+00,-9.375764213920643186e-01,-7.310972963160870808e-02,-3.400079726754116072e-01,0.000000000000000000e+00,3.825235424514618066e-01,-1.991289366313697407e-01,3.726456877803849266e-01,1.000000000000000000e+00
-4.475696517563528681e-02,9.948997225139590839e-01,-9.028899773019122277e-02,0.000000000000000000e+00,3.449390364950345456e-01,-6.943010982080699556e-02,-9.360434113081272933e-01,0.000000000000000000e+00,-9.375561560607889033e-01,-7.304006849360968057e-02,-3.400788182568366125e-01,0.000000000000000000e+00,3.825003963996647105e-01,-1.991630896261734063e-01,3.726973770395307639e-01,1.000000000000000000e+00
-4.486849568637733127e-02,9.948968119895297280e-01,-9.026571048366205385e-02,0.000000000000000000e+00,3.449347218078622768e-01,-6.937047468970690411e-02,-9.360494227517399679e-01,0.000000000000000000e+00,-9.375524125340218839e-01,-7.313631532214760755e-02,-3.400684535982934631e-01,0.000000000000000000e+00,3.825222291336732305e-01,-1.991212514073647522e-01,3.726866975420732309e-01,1.000000000000000000e+00
-4.483750562014768987e-02,9.948970839977639979e-01,-9.027811054578897820e-02,0.000000000000000000e+00,3.449475505729124314e-01,-6.939171669504388962e-02,-9.360431207530295339e-01,0.000000000000000000e+00,-9.375491751310041089e-01,-7.311245943198955988e-02,-3.400825083519869452e-01,0.000000000000000000e+00,3.825164758467428094e-01,-1.991324038099087090e-01,3.726950107968113879e-01,1.000000000000000000e+00
-4.481773454607595325e-02,9.948978476722482034e-01,-9.027951189773980589e-02,0.000000000000000000e+00,3.449412752585169217e-01,-6.940027182095050151e-02,-9.360447990322977585e-01,0.000000000000000000e+00,-9.375524293371453322e-01,-7.309394457492326969e-02,-3.400775169141520560e-01,0.000000000000000000e+00,3.825123282616486597e-01,-1.991397498437900426e-01,3.726945648558786517e-01,1.000000000000000000e+00
-4.483412102363088653e-02,9.948983472512260562e-01,-9.026586913128217815e-02,0.000000000000000000e+00,3.449354313900542257e-01,-6.938229950439331328e-02,-9.360482848595195193e-01,0.000000000000000000e+00,-9.375537959370273677e-01,-7.310420607845255492e-02,-3.400715436165012151e-01,0.000000000000000000e+00,3.825158858765299597e-01,-1.991348184852843595e-01,3.726885680198219197e-01,1.000000000000000000e+00
-4.483741418378359156e-02,9.948972137812903682e-01,-9.027672568688709098e-02,0.000000000000000000e+00,3.449488873243486964e-01,-6.939034072127489572e-02,-9.360427301408240641e-01,0.000000000000000000e+00,-9.375486876694580918e-01,-7.311199929456611846e-02,-3.400839511185855257e-01,0.000000000000000000e+00,3.825164213787465850e-01,-1.991315187798817776e-01,3.726976076376982694e-01,1.000000000000000000e+00
-4.482104673537400108e-02,9.948970173978823883e-01,-9.028701702654338968e-02,0.000000000000000000e+00,3.449569077184317378e-01,-6.940498377609198577e-02,-9.360386888080995949e-01,0.000000000000000000e+00,-9.375465192918795987e-01,-7.310077143415802392e-02,-3.400923424298352149e-01,0.000000000000000000e+00,3.825122662906653703e-01,-1.991368740109524527e-01,3.727033815858986077e-01,1.000000000000000000e+00
-4.482980420134807797e-02,9.948976809365378537e-01,-9.027535667930715324e-02,0.000000000000000000e+00,3.449357770204700691e-01,-6.939267208182678393e-02,-9.360473885941016370e-01,0.000000000000000000e+00,-9.375538751994727527e-01,-7.310342892337272358e-02,-3.400714921573063654e-01,0.000000000000000000e+00,3.825142382863759294e-01,-1.991348356270237208e-01,3.726928277768082887e-01,1.000000000000000000e+00
-4.483856784299098536e-02,9.948973919496431062e-01,-9.027418915058807447e-02,0.000000000000000000e+00,3.449479739896174069e-01,-6.938763174113243837e-02,-9.360432675378972389e-01,0.000000000000000000e+00,-9.375489685408998630e-01,-7.311214584189044963e-02,-3.400831453016880390e-01,0.000000000000000000e+00,3.825170569773909679e-01,-1.991314787098362460e-01,3.726956664447200751e-01,1.000000000000000000e+00
