9.996734984284209036e-01,1.942777574655882300e-02,1.600640405061677304e-02,0.000000000000000000e+00,2.248689151080554560e-02,-9.750053957211722855e-01,-2.209967532023714432e-01,0.000000000000000000e+00,1.131307276521896672e-02,2.212887921814786218e-01,-9.751426997314143197e-01,0.000000000000000000e+00,6.231342341251919770e-01,2.951117252373327560e-01,2.879235705365006462e-02,1.000000000000000000e+00
9.996734413697186961e-01,1.943246105481056737e-02,1.600428000833366976e-02,0.000000000000000000e+00,2.249097520053414817e-02,-9.750056120419009487e-01,-2.209953832606816881e-01,0.000000000000000000e+00,1.130999639878728369e-02,2.212874276445012944e-01,-9.751430450697677887e-01,0.000000000000000000e+00,6.231333197833177628e-01,2.951110265242724573e-01,2.878976661534055417e-02,1.000000000000000000e+00
9.996734983049510026e-01,1.942920933323129609e-02,1.600467158784416033e-02,0.000000000000000000e+00,2.248791565612115462e-02,-9.750051888095966346e-01,-2.209975618530986285e-01,0.000000000000000000e+00,1.131104772468310982e-02,2.212895779894298864e-01,-9.751425448992726563e-01,0.000000000000000000e+00,6.231333172406231524e-01,2.951128196889410971e-01,2.879173390142552094e-02,1.000000000000000000e+00
9.996736292332751850e-01,1.942756221440264733e-02,1.599849190348888103e-02,0.000000000000000000e+00,2.248493481447183528e-02,-9.750053868780829136e-01,-2.209969913060296498e-01,0.000000000000000000e+00,1.130540065402904290e-02,2.212888498922015168e-01,-9.751427756125962132e-01,0.000000000000000000e+00,6.231318280474613669e-01,2.951108714141329470e-01,2.878762290656025624e-02,1.000000000000000000e+00
9.996736409832640557e-01,1.943829235346520440e-02,1.598471816621132788e-02,0.000000000000000000e+00,2.249235610869691412e-02,-9.750051281067276809e-01,-2.209973777751021162e-01,0.000000000000000000e+00,1.128958790440649784e-02,2.212890477613798645e-01,-9.751429139084232256e-01,0.000000000000000000e+00,6.231253579019175870e-01,2.951147253523381808e-01,2.877856421996907721e-02,1.000000000000000000e+00
9.996734575458092742e-01,1.943477968084249274e-02,1.600045369271004686e-02,0.000000000000000000e+00,2.249247202388944197e-02,-9.750039688270492055e-01,-2.210024804724268210e-01,0.000000000000000000e+00,1.130558900414644838e-02,2.212944641413040481e-01,-9.751414993721078117e-01,0.000000000000000000e+00,6.231305942837306322e-01,2.951182636941206416e-01,2.878986159214949256e-02,1.000000000000000000e+00
9.996739127268265968e-01,1.942377162593746792e-02,1.598537489298217096e-02,0.000000000000000000e+00,2.247825472438384764e-02,-9.750071037526844009e-01,-2.209900961526469476e-01,0.000000000000000000e+00,1.129361035454038743e-02,2.212816177803512419e-01,-9.751445533856353265e-01,0.000000000000000000e+00,6.231293043294604539e-01,2.951061279143736837e-01,2.877730595786890180e-02,1.000000000000000000e+00
9.996739398456864212e-01,1.941682529799865567e-02,1.599211649402130717e-02,0.000000000000000000e+00,2.247295346151693268e-02,-9.750075858566195075e-01,-2.209885082667683298e-01,0.000000000000000000e+00,1.130175723154088624e-02,2.212801031370688343e-01,-9.751448027032331156e-01,0.000000000000000000e+00,6.231333742322592295e-01,2.951040520599529926e-01,2.878025257833430675e-02,1.000000000000000000e+00
9.996742064042879461e-01,1.940042509669686124e-02,1.599535736496200677e-02,0.000000000000000000e+00,2.245756403988037955e-02,-9.750101128971877529e-01,-2.209789231280116228e-01,0.000000000000000000e+00,1.130876787297371844e-02,2.212704065134297737e-01,-9.751469217356820707e-01,0.000000000000000000e+00,6.231397546616551653e-01,2.950893850563365839e-01,2.877905484541504189e-02,1.000000000000000000e+00
9.996761789001236131e-01,1.934958193802524887e-02,1.593354698991913954e-02,0.000000000000000000e+00,2.239375940462550937e-02,-9.750221118349489124e-01,-2.209324509298092321e-01,0.000000000000000000e+00,1.126082687890948668e-02,2.212219795669327915e-01,-9.751584638070320832e-01,0.000000000000000000e+00,6.231359027893026425e-01,2.950412360124046729e-01,2.873337972870813189e-02,1.000000000000000000e+00
9.996770525479585778e-01,1.935844168045044306e-02,1.586783683867867140e-02,0.000000000000000000e+00,2.238769638265330000e-02,-9.750255099612433751e-01,-2.209180682440975985e-01,0.000000000000000000e+00,1.119513170633010778e-02,2.212062265355749235e-01,-9.751627937775158017e-01,0.000000000000000000e+00,6.231114850102105196e-01,2.950369548279651033e-01,2.870108495232737492e-02,1.000000000000000000e+00
9.996784074074414050e-01,1.936378928769518989e-02,1.577568790738400478e-02,0.000000000000000000e+00,2.237208592592513159e-02,-9.750345959795353457e-01,-2.208795448101871228e-01,0.000000000000000000e+00,1.110499032688457011e-02,2.211657047552960109e-01,-9.751730155361830743e-01,0.000000000000000000e+00,6.230792847787981481e-01,2.950229025221477452e-01,2.865334933968836928e-02,1.000000000000000000e+00
9.996835260443209803e-01,1.922094654591145410e-02,1.562529585898782616e-02,0.000000000000000000e+00,2.219788792225028951e-02,-9.750709158585422198e-01,-2.207367430215982362e-01,0.000000000000000000e+00,1.099321405888375840e-02,2.210179894387858390e-01,-9.752077714974857203e-01,0.000000000000000000e+00,6.230757938064493962e-01,2.948860601106556567e-01,2.856015790916771602e-02,1.000000000000000000e+00
9.997021431847066264e-01,1.904343335102497842e-02,1.461914701060764744e-02,0.000000000000000000e+00,2.178923076349729634e-02,-9.753669354518468282e-01,-2.194659826743457498e-01,0.000000000000000000e+00,1.007984087295244781e-02,2.197233835594712414e-01,-9.755101391196061567e-01,0.000000000000000000e+00,6.229350147883216948e-01,2.943076095842505069e-01,2.814545801662448818e-02,1.000000000000000000e+00
9.997353915920730305e-01,1.889725191914919111e-02,1.236072689434085554e-02,0.000000000000000000e+00,2.112330561560619643e-02,-9.761237872134367333e-01,-2.161409375781808140e-01,0.000000000000000000e+00,7.981283465797997870e-03,2.163490096694773157e-01,-9.762834655617572688e-01,0.000000000000000000e+00,6.227147806815626074e-01,2.929861210226967771e-01,2.753077490409244765e-02,1.000000000000000000e+00
9.997671079074198497e-01,1.867417087828500757e-02,9.886970701407080120e-03,0.000000000000000000e+00,2.033922609111783741e-02,-9.773112743228670185e-01,-2.107836233312176122e-01,0.000000000000000000e+00,5.726548788763522954e-03,2.109396880672040897e-01,-9.774823040020114151e-01,0.000000000000000000e+00,6.226056134735932224e-01,2.907531299050867823e-01,2.668791754697813837e-02,1.000000000000000000e+00
9.998058124153094139e-01,1.784191254610620336e-02,7.123939813665870931e-03,0.000000000000000000e+00,1.891838463491069336e-02,-9.788910539510233821e-01,-2.034579713814828605e-01,0.000000000000000000e+00,3.343545993907758897e-03,2.035571549089583154e-01,-9.790573555137396244e-01,0.000000000000000000e+00,6.225573392242221837e-01,2.876320504209458062e-01,2.565550856669979868e-02,1.000000000000000000e+00
9.998741459057253200e-01,1.463882973125701752e-02,4.259567419766473011e-03,0.000000000000000000e+00,1.515380154471465853e-02,-9.849262718355544788e-01,-1.722537321745656602e-01,0.000000000000000000e+00,1.673799028323751234e-03,1.722999192838305937e-01,-9.850431138846655887e-01,0.000000000000000000e+00,6.241839384535047275e-01,2.739612031896695443e-01,2.277542887512251646e-02,1.000000000000000000e+00
9.998756710799411307e-01,1.392315771053158346e-02,5.961120952745428865e-03,0.000000000000000000e+00,1.469456906794794175e-02,-9.871357613202970116e-01,-1.591471183016302526e-01,0.000000000000000000e+00,3.668675876099697277e-03,1.592179932555974897e-01,-9.872366339642065780e-01,0.000000000000000000e+00,6.252836883966044201e-01,2.686082382345860164e-01,2.216380360498815955e-02,1.000000000000000000e+00
9.998865238046558135e-01,1.149151931291441178e-02,8.696631470336602804e-03,0.000000000000000000e+00,1.264145023178877766e-02,-9.891314678904182811e-01,-1.464236315155175716e-01,0.000000000000000000e+00,6.919615086561157168e-03,1.465197749125226323e-01,-9.891835393326345871e-01,0.000000000000000000e+00,6.266065415098286406e-01,2.634397675348944534e-01,2.194701078989903451e-02,1.000000000000000000e+00
9.998820597742126282e-01,8.210758980086543465e-03,1.221461746668254904e-02,0.000000000000000000e+00,9.750641410221782754e-03,-9.912073311776783413e-01,-1.318851716946292107e-01,0.000000000000000000e+00,1.102455327948808662e-02,1.319912587233260937e-01,-9.911895715985009625e-01,0.000000000000000000e+00,6.281043991217992728e-01,2.577570611691627489e-01,2.206040978032731276e-02,1.000000000000000000e+00
9.997490990181484571e-01,3.796025853896337933e-03,2.163506647379020986e-02,0.000000000000000000e+00,5.982767527867283684e-03,-9.947646070524220896e-01,-1.019231570829523259e-01,0.000000000000000000e+00,2.113530238002010730e-02,1.020289864100843991e-01,-9.945568786778542503e-01,0.000000000000000000e+00,6.309467025206461077e-01,2.468741500770757213e-01,2.320657253769512623e-02,1.000000000000000000e+00
9.995680557957321577e-01,-2.353015844129390053e-03,2.896397849718868045e-02,0.000000000000000000e+00,-3.099958786414195797e-04,-9.975134327102791465e-01,-7.033919509291483574e-02,0.000000000000000000e+00,2.905802631324557947e-02,7.030118728700233965e-02,-9.971024893022865099e-01,0.000000000000000000e+00,6.327748795885957955e-01,2.357764670232805337e-01,2.524885292689300204e-02,1.000000000000000000e+00
9.994979264415557729e-01,-6.879372266939712439e-03,3.061561982798151685e-02,0.000000000000000000e+00,-5.242553276075363582e-03,-9.985591040731812695e-01,-5.322572882470750361e-02,0.000000000000000000e+00,3.093826116623742822e-02,5.303952275077892381e-02,-9.981130361949890339e-01,0.000000000000000000e+00,6.332399475536796274e-01,2.300287982077980631e-01,2.682415242241492637e-02,1.000000000000000000e+00
9.994301607072554328e-01,-1.548422846006585959e-02,2.967051463784333570e-02,0.000000000000000000e+00,-1.495794810961796444e-02,-9.997186534802153801e-01,-1.787793537474600958e-02,0.000000000000000000e+00,2.993956940703428049e-02,1.742427327761265216e-02,-9.993998283392228066e-01,0.000000000000000000e+00,6.329512389581603005e-01,2.188214240037694713e-01,3.103723865592323758e-02,1.000000000000000000e+00
9.994400138278245471e-01,-1.952520356652793013e-02,2.681738403967715706e-02,0.000000000000000000e+00,-1.954655140277897565e-02,-9.997991768186232919e-01,5.340994941156935755e-04,0.000000000000000000e+00,2.680208610916244225e-02,-1.058008151339447306e-03,-9.996401996713359939e-01,0.000000000000000000e+00,6.322053103422810016e-01,2.132189141218145123e-01,3.382708477057158603e-02,1.000000000000000000e+00
9.995497034504950973e-01,-2.551921491878289538e-02,1.516268126567262529e-02,0.000000000000000000e+00,-2.608535797937782535e-02,-9.989125289923564965e-01,3.839349453214531416e-02,0.000000000000000000e+00,1.416669320369296804e-02,-3.877247653309735809e-02,-9.991476366719598268e-01,0.000000000000000000e+00,6.292236564448162595e-01,2.023532759694859351e-01,4.079717511156246562e-02,1.000000000000000000e+00
9.995568496154734195e-01,-2.832463504071220176e-02,8.035318152312002915e-03,0.000000000000000000e+00,-2.873906535549813901e-02,-9.979354166075702359e-01,5.726881615657771624e-02,0.000000000000000000e+00,6.396733407993195585e-03,-5.747547157314038258e-02,-9.983264255588712999e-01,0.000000000000000000e+00,6.273811609926167598e-01,1.973235322324664864e-01,4.539224607662289274e-02,1.000000000000000000e+00
9.994641761207834207e-01,-3.142276204100723919e-02,-8.044723620249071006e-03,0.000000000000000000e+00,-3.049204543672806231e-02,-9.947762736313248144e-01,9.731982062493128860e-02,0.000000000000000000e+00,-1.106097070867793387e-02,-9.702424228028667941e-02,-9.952205541169847347e-01,0.000000000000000000e+00,6.226048937783473791e-01,1.877099691724402886e-01,5.620678578164226696e-02,1.000000000000000000e+00
9.993695005509040108e-01,-3.184691473784113935e-02,-1.507057701368860747e-02,0.000000000000000000e+00,-2.985682663720639132e-02,-9.925959847833808469e-01,1.176542723247832878e-01,0.000000000000000000e+00,-1.870627996528238454e-02,-1.171323869270956969e-01,-9.929401185482542580e-01,0.000000000000000000e+00,6.201310908465478278e-01,1.831689917793775657e-01,6.251138213454002224e-02,1.000000000000000000e+00
9.992648429556867384e-01,-3.212105742952637427e-02,-2.046358237367336061e-02,0.000000000000000000e+00,-2.901139776849728444e-02,-9.900771732728715913e-01,1.374273504973677340e-01,0.000000000000000000e+00,-2.467531268550952547e-02,-1.367352752623200995e-01,-9.903002541869865283e-01,0.000000000000000000e+00,6.178085704770787112e-01,1.788147282400427140e-01,6.944098115414329420e-02,1.000000000000000000e+00
9.991269318306802427e-01,-3.246366720161457387e-02,-2.592742377565176309e-02,0.000000000000000000e+00,-2.743816633165527957e-02,-9.841848876581036354e-01,1.749514242153253907e-01,0.000000000000000000e+00,-3.119754411747746939e-02,-1.740906305136661891e-01,-9.842353202402319701e-01,0.000000000000000000e+00,6.136399441199609228e-01,1.707209263777079433e-01,8.523202454290958185e-02,1.000000000000000000e+00
9.990489743796785449e-01,-3.416278656559132432e-02,-2.673570096695633905e-02,0.000000000000000000e+00,-2.784907918534691718e-02,-9.776090622289876908e-01,2.085322448387672556e-01,0.000000000000000000e+00,-3.326174651450291425e-02,-2.075933574933783721e-01,-9.776495558958901988e-01,0.000000000000000000e+00,6.093988841383088939e-01,1.630233292110853660e-01,1.021048633455213378e-01,1.000000000000000000e+00
9.990206825578080707e-01,-3.564449646378467507e-02,-2.584361806680160814e-02,0.000000000000000000e+00,-2.898888741737716546e-02,-9.743264756303274821e-01,2.232225575368576576e-01,0.000000000000000000e+00,-3.313741496924662439e-02,-2.222590532336841118e-01,-9.744243557017764346e-01,0.000000000000000000e+00,6.070659185125710788e-01,1.593862201851334315e-01,1.105337052888921978e-01,1.000000000000000000e+00
9.989726738205115808e-01,-3.779943404937807089e-02,-2.460785741694984652e-02,0.000000000000000000e+00,-3.092686015937393465e-02,-9.711775667661338707e-01,2.363015235501083333e-01,0.000000000000000000e+00,-3.283129504888803590e-02,-2.353022513410474859e-01,-9.713675702736050965e-01,0.000000000000000000e+00,6.045087038327151552e-01,1.559015288810932376e-01,1.188529948395957991e-01,1.000000000000000000e+00
9.988686734328720007e-01,-4.128646050186396410e-02,-2.318508820105622675e-02,0.000000000000000000e+00,-3.383963307477648452e-02,-9.649097348428218313e-01,2.603551991801360543e-01,0.000000000000000000e+00,-3.312129964344837085e-02,-2.592810695129298959e-01,-9.652338092411394399e-01,0.000000000000000000e+00,5.984597125838109211e-01,1.490936944911954720e-01,1.346996961700711315e-01,1.000000000000000000e+00
9.986061778341220885e-01,-4.701910461352133003e-02,-2.357227808414466205e-02,0.000000000000000000e+00,-3.838928710927929505e-02,-9.579178641131103067e-01,2.844299125433644715e-01,0.000000000000000000e+00,-3.595463832593904369e-02,-2.831339960822287227e-01,-9.584061791564990607e-01,0.000000000000000000e+00,5.912155905020668456e-01,1.419346335122323166e-01,1.493118512569774070e-01,1.000000000000000000e+00
9.984410636002607475e-01,-4.966711274292107819e-02,-2.508719453765923327e-02,0.000000000000000000e+00,-3.999248717969020733e-02,-9.540076181042187464e-01,2.970703830231243847e-01,0.000000000000000000e+00,-3.868874779026515442e-02,-2.956096612858359896e-01,-9.545250698378197063e-01,0.000000000000000000e+00,5.872249422294079091e-01,1.380720841729855264e-01,1.562574569586387685e-01,1.000000000000000000e+00
9.982977489043989294e-01,-5.131098649682017121e-02,-2.737762039223402485e-02,0.000000000000000000e+00,-4.028138454631705750e-02,-9.495837541352525335e-01,3.108839829303537416e-01,0.000000000000000000e+00,-4.194991506742359877e-02,-3.092579260482252179e-01,-9.500524931824485542e-01,0.000000000000000000e+00,5.830564923726601068e-01,1.337767253436417669e-01,1.629881438289644824e-01,1.000000000000000000e+00
9.982472315033591448e-01,-4.793376847799641488e-02,-3.443204229470985672e-02,0.000000000000000000e+00,-3.350746539286869607e-02,-9.405613006480806337e-01,3.379385097726283482e-01,0.000000000000000000e+00,-4.858504818465484570e-02,-3.361989242044027271e-01,-9.405369617706138552e-01,0.000000000000000000e+00,5.749146151077391131e-01,1.248777575459928124e-01,1.763216078619314897e-01,1.000000000000000000e+00
9.983803868200780141e-01,-2.904259773517000112e-02,-4.872245510022048254e-02,0.000000000000000000e+00,-9.871428641764386225e-03,-9.348215462080343707e-01,3.549534878586189102e-01,0.000000000000000000e+00,-5.585664758796719809e-02,-3.539044540300667618e-01,-9.336121637692569308e-01,0.000000000000000000e+00,5.671684422826628325e-01,1.170467963290289654e-01,1.896540967830314117e-01,1.000000000000000000e+00
9.979547436819620199e-01,-1.813206780933441023e-02,-6.114167630050316299e-02,0.000000000000000000e+00,4.952657466613237698e-03,-9.337899701787053530e-01,3.577604082048199685e-01,0.000000000000000000e+00,-6.358164421406534150e-02,-3.573383901205733348e-01,-9.318082686181065055e-01,0.000000000000000000e+00,5.628051489703477239e-01,1.135566987038151981e-01,1.960759061146142290e-01,1.000000000000000000e+00
9.969384999985040352e-01,-9.496128799902851803e-03,-7.748675796390479265e-02,0.000000000000000000e+00,1.880720894756482756e-02,-9.341150205843138377e-01,3.564493850627016847e-01,0.000000000000000000e+00,-7.576789254838663112e-02,-3.568222948523893101e-01,-9.310945582243785879e-01,0.000000000000000000e+00,5.578312698995782082e-01,1.102279700871026391e-01,2.022754479398633787e-01,1.000000000000000000e+00
9.951429527224178173e-01,-4.277744932200534637e-03,-9.824943484015963291e-02,0.000000000000000000e+00,3.076556597470041926e-02,-9.353554040116462964e-01,3.523414466645589660e-01,0.000000000000000000e+00,-9.340716503408327820e-02,-3.536596161133372385e-01,-9.306986501821427060e-01,0.000000000000000000e+00,5.519795241694497312e-01,1.068673514665135355e-01,2.081691205200436323e-01,1.000000000000000000e+00
9.891167783210587094e-01,-1.319277006298013970e-03,-1.470612296057627610e-01,0.000000000000000000e+00,4.915513147112483827e-02,-9.394767696963084447e-01,3.390397014396017705e-01,0.000000000000000000e+00,-1.386105649028201436e-01,-3.425852671144413719e-01,-9.292052765957842242e-01,0.000000000000000000e+00,5.388249993326799103e-01,1.000506956166165584e-01,2.203854872482633454e-01,1.000000000000000000e+00
9.794479509490789937e-01,2.839748758520870258e-03,-2.016293483346296711e-01,0.000000000000000000e+00,6.995727929013041690e-02,-9.425758986691106234e-01,3.265538259210102878e-01,0.000000000000000000e+00,-1.891272746689348638e-01,-3.339543459634632394e-01,-9.234204723680414784e-01,0.000000000000000000e+00,5.249682575835873388e-01,9.193044553840153121e-02,2.335378327005081245e-01,1.000000000000000000e+00
9.732942379216056317e-01,5.699717012351084543e-03,-2.294484398634884237e-01,0.000000000000000000e+00,8.191548311617084799e-02,-9.424717167175086230e-01,3.240642894775737082e-01,0.000000000000000000e+00,-2.144057182469400746e-01,-3.342117200776149044e-01,-9.177868565989467653e-01,0.000000000000000000e+00,5.180638913984439986e-01,8.690384952178387135e-02,2.406863282801101900e-01,1.000000000000000000e+00
9.663974123426662954e-01,7.238646530116029688e-03,-2.569131960702270567e-01,0.000000000000000000e+00,9.314276794352720212e-02,-9.415070575423114541e-01,3.238358106804202774e-01,0.000000000000000000e+00,-2.395460663126411649e-01,-3.368901818485998123e-01,-9.105617428204180186e-01,0.000000000000000000e+00,5.110835483264385415e-01,8.143768241295916421e-02,2.483947583408047111e-01,1.000000000000000000e+00
9.512324794578632670e-01,2.207141209051801181e-03,-3.084358044283081468e-01,0.000000000000000000e+00,1.081950741732222443e-01,-9.388135463015933047e-01,3.269613098005416663e-01,0.000000000000000000e+00,-2.888476227929155926e-01,-3.443940827994575460e-01,-8.932859377263263623e-01,0.000000000000000000e+00,4.973472940356562511e-01,6.946787362164921764e-02,2.644648558242175262e-01,1.000000000000000000e+00
9.341511471768115804e-01,-1.381179275241989357e-02,-3.565832518647212290e-01,0.000000000000000000e+00,1.141413071467476531e-01,-9.351818771971452948e-01,3.352422489276427053e-01,0.000000000000000000e+00,-3.381070009274472210e-01,-3.538746230754469257e-01,-8.720415168253502491e-01,0.000000000000000000e+00,4.827916856400548129e-01,5.664016274538958423e-02,2.811205073607633831e-01,1.000000000000000000e+00
9.243160910370139538e-01,-2.228569860463019275e-02,-3.809512546100440322e-01,0.000000000000000000e+00,1.169939291473300058e-01,-9.336597128908354915e-01,3.384859051252810391e-01,0.000000000000000000e+00,-3.632292271563490882e-01,-3.574438346884210027e-01,-8.604059702155942846e-01,0.000000000000000000e+00,4.751397424137948633e-01,5.039106967959160188e-02,2.892659057119661425e-01,1.000000000000000000e+00
9.136696700242790126e-01,-2.975427466570476978e-02,-4.053432670195110110e-01,0.000000000000000000e+00,1.201676435188898245e-01,-9.329432780765002375e-01,3.393483818205109137e-01,0.000000000000000000e+00,-3.882668165788478176e-01,-3.587683766582013267e-01,-8.488428188149830245e-01,0.000000000000000000e+00,4.673497307053640637e-01,4.448190328075481842e-02,2.973627071471571237e-01,1.000000000000000000e+00
9.018529680669384874e-01,-3.087816753639951659e-02,-4.309158962717156705e-01,0.000000000000000000e+00,1.280414687916204275e-01,-9.335147406912497337e-01,3.348676724962292850e-01,0.000000000000000000e+00,-4.126143853672151196e-01,-3.571833855216882125e-01,-8.379554869414606033e-01,0.000000000000000000e+00,4.595528012336048684e-01,3.924047174101420732e-02,3.054474711896040251e-01,1.000000000000000000e+00
8.739818345854428738e-01,-1.788879268417418317e-02,-4.856094014866003672e-01,0.000000000000000000e+00,1.526665737201728656e-01,-9.386066826168784072e-01,3.093398770231372552e-01,0.000000000000000000e+00,-4.613388285079624285e-01,-3.445003894224112906e-01,-8.176099112649674039e-01,0.000000000000000000e+00,4.437734107428360497e-01,3.071113677274733486e-02,3.206992494732388010e-01,1.000000000000000000e+00
8.429803472516680385e-01,5.352189073988794510e-03,-5.378998374426054996e-01,0.000000000000000000e+00,1.779878550231096535e-01,-9.463930549248846802e-01,2.695204184387985924e-01,0.000000000000000000e+00,-5.076319196496200670e-01,-3.229462719271199433e-01,-7.987587493112150439e-01,0.000000000000000000e+00,4.286268019281168073e-01,2.245748991878718237e-02,3.347900488055975399e-01,1.000000000000000000e+00
8.273148041974319744e-01,1.835650629230100098e-02,-5.614214106477536381e-01,0.000000000000000000e+00,1.885826675667467145e-01,-9.505252225097482466e-01,2.468180013034134979e-01,0.000000000000000000e+00,-5.291246823734963023e-01,-3.100765036033313327e-01,-7.898605145316985876e-01,0.000000000000000000e+00,4.214510936524864526e-01,1.824976067771225466e-02,3.414171434671890992e-01,1.000000000000000000e+00
8.109525562508845820e-01,3.302592617157067145e-02,-5.841626371241779303e-01,0.000000000000000000e+00,1.985164448500736090e-01,-9.547041983785286012e-01,2.216119618245077916e-01,0.000000000000000000e+00,-5.503941787018694631e-01,-2.956883697908886943e-01,-7.807910322368599720e-01,0.000000000000000000e+00,4.145887617194355390e-01,1.358387611009789428e-02,3.474211421389640786e-01,1.000000000000000000e+00
7.771524684261050808e-01,7.750031519432838689e-02,-6.245065963344181847e-01,0.000000000000000000e+00,2.242954880597547718e-01,-9.613165093451138121e-01,1.598213058317663471e-01,0.000000000000000000e+00,-5.879736199886622661e-01,-2.642846224535504995e-01,-7.644871879449730567e-01,0.000000000000000000e+00,4.024039977320170158e-01,4.091643780959119264e-03,3.577758915460043099e-01,1.000000000000000000e+00
7.412678263143193114e-01,1.362520823154669547e-01,-6.572199986588599385e-01,0.000000000000000000e+00,2.552535592894266681e-01,-9.628248391921344629e-01,8.828757786873435431e-02,0.000000000000000000e+00,-6.207703249477608543e-01,-2.332069747881036215e-01,-7.485043156685420307e-01,0.000000000000000000e+00,3.922504511800615767e-01,-6.827066035210657864e-03,3.655328172078463056e-01,1.000000000000000000e+00
7.227698835794330590e-01,1.677111372722367433e-01,-6.704158535764453974e-01,0.000000000000000000e+00,2.700126497653388413e-01,-9.615181099780929497e-01,5.056520594306790350e-02,0.000000000000000000e+00,-6.361488840723681371e-01,-2.175719580159106714e-01,-7.402547131755417009e-01,0.000000000000000000e+00,3.878119525828615521e-01,-1.266064652206887013e-02,3.682785550549987352e-01,1.000000000000000000e+00
7.041899279798804479e-01,1.994563813205268432e-01,-6.814062255244074384e-01,0.000000000000000000e+00,2.833200591307725724e-01,-9.589390465710697642e-01,1.209941968491336055e-02,0.000000000000000000e+00,-6.510262640385129362e-01,-2.015802226281099285e-01,-7.317993012959620458e-01,0.000000000000000000e+00,3.837630101904670465e-01,-1.885712629297078488e-02,3.702773603402370051e-01,1.000000000000000000e+00
6.651440543939890482e-01,2.624786934921476966e-01,-6.990486887679494554e-01,0.000000000000000000e+00,3.078984509739599029e-01,-9.492893881749250307e-01,-6.347399693985444902e-02,0.000000000000000000e+00,-6.802731712190787094e-01,-1.730199879247835415e-01,-7.122446885011117779e-01,0.000000000000000000e+00,3.764467836177336491e-01,-3.276421385707747880e-02,3.723092097037165593e-01,1.000000000000000000e+00
6.238379187850843222e-01,3.281554763817932097e-01,-7.093102151440801029e-01,0.000000000000000000e+00,3.280188771891203170e-01,-9.337018245887261925e-01,-1.434756629832408537e-01,0.000000000000000000e+00,-7.093802243824496312e-01,-1.431643377156968933e-01,-6.901330811238738372e-01,0.000000000000000000e+00,3.694201438682327976e-01,-4.654599978878279365e-02,3.724867123773932254e-01,1.000000000000000000e+00
6.015450949523640789e-01,3.668878333488955201e-01,-7.095897148215384309e-01,0.000000000000000000e+00,3.404804411075629256e-01,-9.213117080038203399e-01,-1.877193458849960861e-01,0.000000000000000000e+00,-7.226391692769104091e-01,-1.286822448950153408e-01,-6.791417457906382404e-01,0.000000000000000000e+00,3.663473644130007534e-01,-5.273366594562518828e-02,3.718506014026551343e-01,1.000000000000000000e+00
5.794678151946419664e-01,4.072745076285572696e-01,-7.059215774366672802e-01,0.000000000000000000e+00,3.533824540943989456e-01,-9.060720588377794149e-01,-2.326693194920550212e-01,0.000000000000000000e+00,-7.343902388702727713e-01,-1.146381243430068531e-01,-6.689761412032426691e-01,0.000000000000000000e+00,3.636278984660443192e-01,-5.857302367720969988e-02,3.709201087888674975e-01,1.000000000000000000e+00
5.579576453280685744e-01,4.478810202746462688e-01,-6.986176383393906120e-01,0.000000000000000000e+00,3.660219981398774580e-01,-8.883538559285542036e-01,-2.771932005583280789e-01,0.000000000000000000e+00,-7.447835857097103718e-01,-1.010493039485019923e-01,-6.596108311943564839e-01,0.000000000000000000e+00,3.612839676400351197e-01,-6.416795970438210484e-02,3.696764010205083051e-01,1.000000000000000000e+00
5.170684478917118021e-01,5.275455833822604301e-01,-6.740301362327465462e-01,0.000000000000000000e+00,3.913744442086160014e-01,-8.460505424803911323e-01,-3.619465028015063091e-01,0.000000000000000000e+00,-7.612214972541258007e-01,-7.664852924624676600e-02,-6.439462982909165412e-01,0.000000000000000000e+00,3.578345250210428485e-01,-7.443834765205104009e-02,3.662812676476647766e-01,1.000000000000000000e+00
4.737639728243656090e-01,6.049710848945247799e-01,-6.399518977207770964e-01,0.000000000000000000e+00,4.168561039076186803e-01,-7.941716255480755216e-01,-4.421573981180191293e-01,0.000000000000000000e+00,-7.757390150989780242e-01,-5.729071224983532662e-02,-6.284478934193147293e-01,0.000000000000000000e+00,3.550577184033206768e-01,-8.412175057891391194e-02,3.629549853112276625e-01,1.000000000000000000e+00
4.502742234269096477e-01,6.427316209023881122e-01,-6.197821666607475910e-01,0.000000000000000000e+00,4.284914538925655436e-01,-7.645262071200978893e-01,-4.815345257287383385e-01,0.000000000000000000e+00,-7.833522573183113735e-01,-4.874971564648657857e-02,-6.196633813440108884e-01,0.000000000000000000e+00,3.536810711768275106e-01,-8.851289723714290958e-02,3.618788342797264468e-01,1.000000000000000000e+00
4.277097152677199476e-01,6.787701019442783368e-01,-5.969223526333792273e-01,0.000000000000000000e+00,4.382850182683381002e-01,-7.332851369786692608e-01,-5.197883199427485446e-01,0.000000000000000000e+00,-7.905462804990194270e-01,-3.930436663735423219e-02,-6.111397100110597114e-01,0.000000000000000000e+00,3.525587243391092862e-01,-9.244019801490760413e-02,3.609886917294358732e-01,1.000000000000000000e+00
3.679629588837317056e-01,7.645485550304431666e-01,-5.291970472249435398e-01,0.000000000000000000e+00,4.600516993097388263e-01,-6.442810778459155951e-01,-6.109296797448420246e-01,0.000000000000000000e+00,-8.080526053697327793e-01,-1.865886745774723160e-02,-5.888147702124846283e-01,0.000000000000000000e+00,3.515163736448679299e-01,-1.033797035841649004e-01,3.605106932164074407e-01,1.000000000000000000e+00
3.484082706383515582e-01,7.865280439573227866e-01,-5.098686692871697845e-01,0.000000000000000000e+00,4.638365512764655030e-01,-6.173537605188295085e-01,-6.353823533703331083e-01,0.000000000000000000e+00,-8.145310621635430959e-01,-1.512354940938866882e-02,-5.799227767763501795e-01,0.000000000000000000e+00,3.513808703177705994e-01,-1.071567320987639738e-01,3.617528765631976007e-01,1.000000000000000000e+00
3.281783370641039865e-01,8.061106353345625086e-01,-4.924077269738524887e-01,0.000000000000000000e+00,4.654625603968376990e-01,-5.916021391172495703e-01,-6.582797739274109938e-01,0.000000000000000000e+00,-8.219716168848548721e-01,-1.316445328252384417e-02,-5.693762887629496561e-01,0.000000000000000000e+00,3.511328131520439211e-01,-1.108537009863287404e-01,3.638733732981002111e-01,1.000000000000000000e+00
3.061067767917656224e-01,8.262913413774520821e-01,-4.727811409817608834e-01,0.000000000000000000e+00,4.658299976474891690e-01,-5.631124965943493654e-01,-6.825595039058700575e-01,0.000000000000000000e+00,-8.302379613467644193e-01,-1.129976563760261635e-02,-5.572945745611594948e-01,0.000000000000000000e+00,3.507986670701113141e-01,-1.141931739336113638e-01,3.669427990745423029e-01,1.000000000000000000e+00
2.422998330446068938e-01,8.794505724848710182e-01,-4.096806419197723259e-01,0.000000000000000000e+00,4.656165216688958886e-01,-4.758657096407971632e-01,-7.461459830611080202e-01,0.000000000000000000e+00,-8.511678689726975833e-01,-9.963220186016859964e-03,-5.247990025447851758e-01,0.000000000000000000e+00,3.516631401765567544e-01,-1.236692078237011244e-01,3.779168685939017225e-01,1.000000000000000000e+00
2.240966687152636805e-01,8.927477015809742733e-01,-3.908490390084351507e-01,0.000000000000000000e+00,4.663392303743763012e-01,-4.503848783965710423e-01,-7.613553246853590473e-01,0.000000000000000000e+00,-8.557471888896899248e-01,-1.165127239623980036e-02,-5.172629858775341649e-01,0.000000000000000000e+00,3.529203504408529590e-01,-1.269640678021045077e-01,3.810752446705545915e-01,1.000000000000000000e+00
1.915785955943126728e-01,9.125563034506324334e-01,-3.612746623330182483e-01,0.000000000000000000e+00,4.705012494514370092e-01,-4.084316383957996011e-01,-7.821719235073372190e-01,0.000000000000000000e+00,-8.613485050541522803e-01,-2.013316902988552745e-02,-5.076154138181692144e-01,0.000000000000000000e+00,3.564051282745091531e-01,-1.346042668978293944e-01,3.858768428948657347e-01,1.000000000000000000e+00
1.761381022178352684e-01,9.201343295911640352e-01,-3.497269382763170675e-01,0.000000000000000000e+00,4.738021449023805398e-01,-3.906676690310179612e-01,-7.892217982043977509e-01,0.000000000000000000e+00,-8.628336901855776508e-01,-2.668985758325628788e-02,-5.047827994127018769e-01,0.000000000000000000e+00,3.585236474869892831e-01,-1.390341892657254719e-01,3.872812732990493223e-01,1.000000000000000000e+00
1.595917978417067951e-01,9.283258911133402957e-01,-3.357413362269867640e-01,0.000000000000000000e+00,4.777383631733658764e-01,-3.702509360349689471e-01,-7.966561664977372947e-01,0.000000000000000000e+00,-8.638817220787622375e-01,-3.325736685303299495e-02,-5.025955807687078059e-01,0.000000000000000000e+00,3.606421579832568280e-01,-1.435312243248005881e-01,3.881409378674978150e-01,1.000000000000000000e+00
1.239572021716637829e-01,9.450949045970341578e-01,-3.023424883070591762e-01,0.000000000000000000e+00,4.830410770494215078e-01,-3.236260257424456444e-01,-8.135835914313249706e-01,0.000000000000000000e+00,-8.667762927589909294e-01,-4.519516561003130567e-02,-4.966449992866757146e-01,0.000000000000000000e+00,3.640981338722533156e-01,-1.523874943431515194e-01,3.885117481721520605e-01,1.000000000000000000e+00
9.156598718472609699e-02,9.618037637501295478e-01,-2.579339778473938583e-01,0.000000000000000000e+00,4.831952516431448075e-01,-2.693991983118959044e-01,-8.330229094326482286e-01,0.000000000000000000e+00,-8.707085402694351162e-01,-4.835683930260002705e-02,-4.894162379759501302e-01,0.000000000000000000e+00,3.662271047859692041e-01,-1.593544137046278009e-01,3.863741860703445719e-01,1.000000000000000000e+00
7.670023779942856945e-02,9.691365743824468248e-01,-2.342479895686951918e-01,0.000000000000000000e+00,4.811052962500738106e-01,-2.417533440208535223e-01,-8.426587455643429481e-01,0.000000000000000000e+00,-8.732984585595283678e-01,-4.806674768271971404e-02,-4.848086117683527707e-01,0.000000000000000000e+00,3.667201118145149707e-01,-1.624480288739552081e-01,3.847310271064992016e-01,1.000000000000000000e+00
6.314112174565364444e-02,9.749898767904515706e-01,-2.130462057912525797e-01,0.000000000000000000e+00,4.776026773816157700e-01,-2.169604362979855594e-01,-8.513545668759334717e-01,0.000000000000000000e+00,-8.763015535438370973e-01,-4.799688002473818244e-02,-4.793661301808345154e-01,0.000000000000000000e+00,3.669280798651658460e-01,-1.658713890301390381e-01,3.828633331035175558e-01,1.000000000000000000e+00
5.262081370089194410e-02,9.789437627287538302e-01,-1.971824187931920380e-01,0.000000000000000000e+00,4.732833641433439875e-01,-1.983191212603866715e-01,-8.582849936174319350e-01,0.000000000000000000e+00,-8.793347150866771544e-01,-4.816043100248552922e-02,-4.737626322633382014e-01,0.000000000000000000e+00,3.669409921957489384e-01,-1.693216704326007682e-01,3.810801381703178281e-01,1.000000000000000000e+00
3.582901907885707032e-02,9.833702900285682391e-01,-1.779884855325902238e-01,0.000000000000000000e+00,4.630722288654395835e-01,-1.741648955306261681e-01,-8.690290253608382587e-01,0.000000000000000000e+00,-8.855937211241714513e-01,-5.128605459370228631e-02,-4.616205169938346620e-01,0.000000000000000000e+00,3.669038010036884678e-01,-1.766428937697035462e-01,3.777062022343060654e-01,1.000000000000000000e+00
1.958246089469446727e-02,9.874201069569602529e-01,-1.568400666399414611e-01,0.000000000000000000e+00,4.551980138709107448e-01,-1.484736010750048463e-01,-8.779129255529881659e-01,0.000000000000000000e+00,-8.901726229167560289e-01,-5.420263486497830380e-02,-4.523878598981150856e-01,0.000000000000000000e+00,3.674389465014125666e-01,-1.829493046563398784e-01,3.750934164075174215e-01,1.000000000000000000e+00
1.135149512752959070e-02,9.898738464297988093e-01,-1.414272202012509805e-01,0.000000000000000000e+00,4.521647806457610996e-01,-1.312310565772777382e-01,-8.822166218307102570e-01,0.000000000000000000e+00,-8.918599754398812696e-01,-5.393496873078280907e-02,-4.490844056036501497e-01,0.000000000000000000e+00,3.679778067203494651e-01,-1.855928606986906593e-01,3.738159989062171951e-01,1.000000000000000000e+00
2.729598067171454777e-03,9.922604438043834962e-01,-1.240665460820434829e-01,0.000000000000000000e+00,4.495152006988459292e-01,-1.120428264382804517e-01,-8.862072197209894808e-01,0.000000000000000000e+00,-8.932663337774365830e-01,-5.335183603618853104e-02,-4.463505780565149017e-01,0.000000000000000000e+00,3.685358340002767852e-01,-1.880003143320091996e-01,3.726534099815144718e-01,1.000000000000000000e+00
-5.838557077758347799e-03,9.941474669292889033e-01,-1.077843780449488503e-01,0.000000000000000000e+00,4.469559282281629908e-01,-9.382571775024246830e-02,-8.896110834581376636e-01,0.000000000000000000e+00,-8.945347743708419452e-01,-5.336993936206722161e-02,-4.438008416100582831e-01,0.000000000000000000e+00,3.691648299212070272e-01,-1.903254250906536715e-01,3.716190374108226391e-01,1.000000000000000000e+00
-2.058605795372823663e-02,9.959122518877040475e-01,-8.783932865804504331e-02,0.000000000000000000e+00,4.410395805998147956e-01,-6.980104259691427560e-02,-8.947584309174915207e-01,0.000000000000000000e+00,-8.972494353839125525e-01,-5.716127011654847934e-02,-4.378082227436038698e-01,0.000000000000000000e+00,3.703315290080765321e-01,-1.952339095724370810e-01,3.699407529913188442e-01,1.000000000000000000e+00
-3.075671380298924604e-02,9.959186559801702643e-01,-8.473961368746354972e-02,0.000000000000000000e+00,4.344973212463622003e-01,-6.302820696942701417e-02,-8.984543782837072223e-01,0.000000000000000000e+00,-9.001457933856991112e-01,-6.445388026549324356e-02,-4.307937417938567104e-01,0.000000000000000000e+00,3.712727472554520625e-01,-1.997283449640605835e-01,3.685764288594297056e-01,1.000000000000000000e+00
-3.424139663051194160e-02,9.954757280948831610e-01,-8.852315195451673779e-02,0.000000000000000000e+00,4.309682414539142692e-01,-6.520865574675586973e-02,-8.999971960928713210e-01,0.000000000000000000e+00,-9.017152006171637035e-01,-6.896915595353347861e-02,-4.267938056052427154e-01,0.000000000000000000e+00,3.714533449524430320e-01,-2.017577593318287399e-01,3.680241975338037208e-01,1.000000000000000000e+00
-3.868358121468493810e-02,9.950506443762183739e-01,-9.142506533816460723e-02,0.000000000000000000e+00,4.243985398061769776e-01,-6.647055406986064618e-02,-9.030217559689460716e-01,0.000000000000000000e+00,-9.046468721671465651e-01,-7.373419927867651269e-02,-4.197348026253371334e-01,0.000000000000000000e+00,3.712401284412088498e-01,-2.043958588580339075e-01,3.664281068707129219e-01,1.000000000000000000e+00
-4.108870685787581467e-02,9.953319179043991216e-01,-8.721719022478488514e-02,0.000000000000000000e+00,4.214689133061159110e-01,-6.187825623068027997e-02,-9.047186211323499094e-01,0.000000000000000000e+00,-9.059096095471432797e-01,-7.393447606599343191e-02,-4.169669921936139945e-01,0.000000000000000000e+00,3.715631462763650528e-01,-2.051007788485248728e-01,3.642096448025424205e-01,1.000000000000000000e+00
-4.310547599019372289e-02,9.955645775657614438e-01,-8.350950087968664337e-02,0.000000000000000000e+00,4.202639416076112133e-01,-5.776262867217859392e-02,-9.055509069149688672e-01,0.000000000000000000e+00,-9.063755849356844863e-01,-7.413166214151759026e-02,-4.159180155999878115e-01,0.000000000000000000e+00,3.718895119575899577e-01,-2.051385498812040020e-01,3.631927656307421537e-01,1.000000000000000000e+00
-4.802068718039258916e-02,9.959754724799525505e-01,-7.554878372459813973e-02,0.000000000000000000e+00,4.194527520710044644e-01,-4.853548652699275073e-02,-9.064681142924205792e-01,0.000000000000000000e+00,-9.065042584110434287e-01,-7.521981521886988986e-02,-4.154419440560654375e-01,0.000000000000000000e+00,3.729571342465611283e-01,-2.050607109739232548e-01,3.617345591733746035e-01,1.000000000000000000e+00
-4.981207205415254247e-02,9.960783936453362353e-01,-7.298861617955682002e-02,0.000000000000000000e+00,4.202480688486341376e-01,-4.539143432967465003e-02,-9.062626138265313935e-01,0.000000000000000000e+00,-9.060391106397898131e-01,-7.581760334111195543e-02,-4.163469959236750784e-01,0.000000000000000000e+00,3.737063125013265763e-01,-2.051360927821422042e-01,3.614049493880295283e-01,1.000000000000000000e+00
-5.186435440287783666e-02,9.961649031138736232e-01,-7.033008920588600110e-02,0.000000000000000000e+00,4.220069497780606360e-01,-4.196546770185219377e-02,-9.056101704159416066e-01,0.000000000000000000e+00,-9.051059288522380619e-01,-7.665014900558898836e-02,-4.182200523814568749e-01,0.000000000000000000e+00,3.747134858988608319e-01,-2.052800440203207677e-01,3.612448559226413836e-01,1.000000000000000000e+00
