9.995779815709108229e-01,2.144963942362491591e-02,1.909237094832269901e-02,0.000000000000000000e+00,2.517346796983909937e-02,-9.744362301134228410e-01,-2.232063548690312593e-01,0.000000000000000000e+00,1.381686815933593111e-02,2.235970837990665927e-01,-9.745837256340886823e-01,0.000000000000000000e+00,6.235148104948962100e-01,2.973275362257893906e-01,3.072417818564557659e-02,1.000000000000000000e+00
9.995779266356622506e-01,2.145210446076962346e-02,1.909247752816022742e-02,0.000000000000000000e+00,2.517587600841359949e-02,-9.744364722194358563e-01,-2.232050263254793110e-01,0.000000000000000000e+00,1.381645491713765460e-02,2.235957921878998500e-01,-9.745840278238649956e-01,0.000000000000000000e+00,6.235150694006714733e-01,2.973272326208473704e-01,3.072434005498311804e-02,1.000000000000000000e+00
9.995777775488512429e-01,2.145552980186421835e-02,1.909643350547692714e-02,0.000000000000000000e+00,2.518006612597487731e-02,-9.744369107393228147e-01,-2.232026392314957197e-01,0.000000000000000000e+00,1.381960486354748968e-02,2.235935523932481295e-01,-9.745844970291611675e-01,0.000000000000000000e+00,6.235159934946269411e-01,2.973274553616663818e-01,3.072682516004967765e-02,1.000000000000000000e+00
9.995779173748868818e-01,2.145281665324976286e-02,1.909216214404262785e-02,0.000000000000000000e+00,2.517651440817683661e-02,-9.744362188795420154e-01,-2.232060603102079266e-01,0.000000000000000000e+00,1.381596160222037933e-02,2.235968279374515311e-01,-9.745837971879667272e-01,0.000000000000000000e+00,6.235135118544067323e-01,2.973296639831725097e-01,3.072497862742046976e-02,1.000000000000000000e+00
9.995778677828853764e-01,2.145011848124891984e-02,1.909778932151926303e-02,0.000000000000000000e+00,2.517510883416706688e-02,-9.744368015349158529e-01,-2.232036751731454882e-01,0.000000000000000000e+00,1.382210958337603580e-02,2.235945475234505653e-01,-9.745842332012397691e-01,0.000000000000000000e+00,6.235163338212981188e-01,2.973279328852366787e-01,3.072924673434749426e-02,1.000000000000000000e+00
9.995778516911243416e-01,2.145193912214672649e-02,1.909658654484494913e-02,0.000000000000000000e+00,2.517658953904000629e-02,-9.744371692988635925e-01,-2.232019026110865223e-01,0.000000000000000000e+00,1.382057619818796365e-02,2.235927700800891538e-01,-9.745846627366258064e-01,0.000000000000000000e+00,6.235163185297596389e-01,2.973275597980681861e-01,3.072732845695550635e-02,1.000000000000000000e+00
9.995777954590379100e-01,2.145547683049172510e-02,1.909555551519578551e-02,0.000000000000000000e+00,2.517981380286938783e-02,-9.744369870134473866e-01,-2.232023347060136664e-01,0.000000000000000000e+00,1.381876911490588153e-02,2.235932250615338679e-01,-9.745845839775688635e-01,0.000000000000000000e+00,6.235140877892928479e-01,2.973289161047000251e-01,3.072574355328728038e-02,1.000000000000000000e+00
9.995778093163182332e-01,2.144839193690973103e-02,1.910278793577754528e-02,0.000000000000000000e+00,2.517448834061543003e-02,-9.744377110091567706e-01,-2.231997746442224151e-01,0.000000000000000000e+00,1.382746692481985444e-02,2.235907495057194716e-01,-9.745850285603168128e-01,0.000000000000000000e+00,6.235190302204267621e-01,2.973252170089253354e-01,3.073156916713685669e-02,1.000000000000000000e+00
9.995785954635942883e-01,2.144506732399960314e-02,1.906534761564384478e-02,0.000000000000000000e+00,2.516259701785533362e-02,-9.744424977077299488e-01,-2.231802170301970534e-01,0.000000000000000000e+00,1.379223571393352159e-02,2.235702059526243901e-01,-9.745902406880094793e-01,0.000000000000000000e+00,6.235086771232281055e-01,2.973125576025898442e-01,3.070856978043214405e-02,1.000000000000000000e+00
9.995804120938056592e-01,2.146576576556112614e-02,1.894643923496224652e-02,0.000000000000000000e+00,2.515581152792623065e-02,-9.744487473137461997e-01,-2.231536934631617453e-01,0.000000000000000000e+00,1.367243230165473070e-02,2.235409777832112754e-01,-9.745986332058353963e-01,0.000000000000000000e+00,6.234614864968307524e-01,2.973121055300988469e-01,3.065346910070918321e-02,1.000000000000000000e+00
9.995806208957318528e-01,2.152095545650232686e-02,1.887267090665494321e-02,0.000000000000000000e+00,2.519269221123772787e-02,-9.744548043927180325e-01,-2.231230811823555205e-01,0.000000000000000000e+00,1.358900457571706431e-02,2.235092646597364729e-01,-9.746070734228770016e-01,0.000000000000000000e+00,6.234231651028409038e-01,2.973302959454213190e-01,3.062722436307217105e-02,1.000000000000000000e+00
9.995812407827907586e-01,2.157588249853120699e-02,1.877688128403124518e-02,0.000000000000000000e+00,2.522332673476403858e-02,-9.744787701142920699e-01,-2.230149261510909475e-01,0.000000000000000000e+00,1.348618798909988377e-02,2.233994531386182258e-01,-9.746336783996790709e-01,0.000000000000000000e+00,6.233863651813703610e-01,2.973229692927201739e-01,3.060528111992365241e-02,1.000000000000000000e+00
9.995827226799470777e-01,2.183602538909178159e-02,1.839335249918013643e-02,0.000000000000000000e+00,2.538136156452831457e-02,-9.746429716463861359e-01,-2.222782292682770611e-01,0.000000000000000000e+00,1.307353038656804481e-02,2.226566127643896109e-01,-9.748092713939071619e-01,0.000000000000000000e+00,6.233356142186760041e-01,2.972101341432597521e-01,3.077121019782549233e-02,1.000000000000000000e+00
9.995616215026872364e-01,2.340511503701763266e-02,1.759296195161822937e-02,0.000000000000000000e+00,2.668613309056458785e-02,-9.754699332028334835e-01,-2.184651153368444843e-01,0.000000000000000000e+00,1.204843623348396224e-02,2.188430464587593494e-01,-9.756856851471056302e-01,0.000000000000000000e+00,6.232220156282253232e-01,2.966967107847306440e-01,3.225412104479440101e-02,1.000000000000000000e+00
9.995580870000949636e-01,2.710615038656608716e-02,1.138570266342940618e-02,0.000000000000000000e+00,2.887611592508155731e-02,-9.779318832310325282e-01,-2.068723002011035039e-01,0.000000000000000000e+00,5.527036380067579767e-03,2.071136430917537019e-01,-9.783012780908115769e-01,0.000000000000000000e+00,6.219370906391932241e-01,2.943819506354661830e-01,3.450492229817671980e-02,1.000000000000000000e+00
9.995315869905144757e-01,2.992053053084242978e-02,4.702697330756703750e-03,0.000000000000000000e+00,3.026125527016785069e-02,-9.800385599941490167e-01,-1.964419106384291958e-01,0.000000000000000000e+00,-1.268845893886461160e-03,1.964959873729193451e-01,-9.805038077317389522e-01,0.000000000000000000e+00,6.206439643619906521e-01,2.921445126414279891e-01,3.585985875982861809e-02,1.000000000000000000e+00
9.994261003699057566e-01,3.331604879702106115e-02,-4.272902194786801569e-03,0.000000000000000000e+00,3.197362592761117395e-02,-9.826085060944440563e-01,-1.828632218273946730e-01,0.000000000000000000e+00,-1.029106819884185661e-02,1.826251726161188527e-01,-9.831287505928507642e-01,0.000000000000000000e+00,6.189375600460640392e-01,2.892354827265610218e-01,3.759836613984012671e-02,1.000000000000000000e+00
9.988147329252728968e-01,4.026250772812132311e-02,-2.699641946753572608e-02,0.000000000000000000e+00,3.578795407229769937e-02,-9.880947343225935375e-01,-1.495619110886556025e-01,0.000000000000000000e+00,-3.269738704849882438e-02,1.484213512307262506e-01,-9.883835203902612276e-01,0.000000000000000000e+00,6.144845177871294251e-01,2.822854118963422643e-01,4.247520732309848640e-02,1.000000000000000000e+00
9.978186969114137828e-01,4.344198139077540960e-02,-4.951150621885694325e-02,0.000000000000000000e+00,3.766364721320478864e-02,-9.929628442771539776e-01,-1.121917397352932833e-01,0.000000000000000000e+00,-5.403795790744353456e-02,1.100843511085607268e-01,-9.924521825993435353e-01,0.000000000000000000e+00,6.099819460559888773e-01,2.750437733677788543e-01,5.056453387778447883e-02,1.000000000000000000e+00
9.973250202563725964e-01,4.193189713149342995e-02,-5.970985575922913707e-02,0.000000000000000000e+00,3.632084474381613859e-02,-9.950737817139416741e-01,-9.213963362103382015e-02,0.000000000000000000e+00,-6.328051996076315688e-02,8.972617707375714347e-02,-9.939541181267996794e-01,0.000000000000000000e+00,6.078697166739629454e-01,2.712207214348063555e-01,5.588308781015549620e-02,1.000000000000000000e+00
9.969199103497312642e-01,3.803351015324393791e-02,-6.844626618680410557e-02,0.000000000000000000e+00,3.311414229044312013e-02,-9.968722037711303940e-01,-7.162408694054142599e-02,0.000000000000000000e+00,-7.095766180628731989e-02,6.913827005983026741e-02,-9.950803534610247469e-01,0.000000000000000000e+00,6.059095759594671504e-01,2.673594782395077307e-01,6.204791290493395783e-02,1.000000000000000000e+00
9.964967952377354887e-01,3.395103071982254195e-02,-7.630341732316077430e-02,0.000000000000000000e+00,3.013442437358946832e-02,-9.982533527377555060e-01,-5.062516288083540594e-02,0.000000000000000000e+00,-7.789041826027451321e-02,4.814938003514015324e-02,-9.957985338136783326e-01,0.000000000000000000e+00,6.038443224464962178e-01,2.634096504872958655e-01,6.867310061698569945e-02,1.000000000000000000e+00
9.955868555560631883e-01,2.551476843837767808e-02,-9.020286324022641633e-02,0.000000000000000000e+00,2.511810460759362346e-02,-9.996595651134431160e-01,-5.530063230342655532e-03,0.000000000000000000e+00,-9.031499216495052218e-02,3.239995687707586478e-03,-9.959079799952346157e-01,0.000000000000000000e+00,5.991650421519385539e-01,2.548346047298369332e-01,8.367116744358511771e-02,1.000000000000000000e+00
9.941145232058020698e-01,2.618807862992976465e-02,-1.050297395511482074e-01,0.000000000000000000e+00,3.087105386039837654e-02,-9.985792367997540220e-01,4.321148883315265726e-02,0.000000000000000000e+00,-1.037508888210957603e-01,-4.620043686658479448e-02,-9.935297039858291823e-01,0.000000000000000000e+00,5.929862480620416987e-01,2.451876425185507413e-01,9.990371650282417471e-02,1.000000000000000000e+00
9.931756134252619495e-01,2.701379594603202025e-02,-1.133719657902647754e-01,0.000000000000000000e+00,3.495883940942415280e-02,-9.970159692335948121e-01,6.868612335508449129e-02,0.000000000000000000e+00,-1.111803280014993095e-01,-7.218212477216108536e-02,-9.911754009905892060e-01,0.000000000000000000e+00,5.892559577931880677e-01,2.399627097502672335e-01,1.082768478826909714e-01,1.000000000000000000e+00
9.921782882998347874e-01,2.675889579102062876e-02,-1.218480718914494998e-01,0.000000000000000000e+00,3.840879741837015943e-02,-9.947941132616364701e-01,9.428776910117825372e-02,0.000000000000000000e+00,-1.186929932500733476e-01,-9.823220653789181689e-02,-9.880599207295248654e-01,0.000000000000000000e+00,5.852853243713710407e-01,2.345651289728655775e-01,1.168692115965622585e-01,1.000000000000000000e+00
9.886034943938917241e-01,1.875327529149740241e-02,-1.493057012951481133e-01,0.000000000000000000e+00,4.452337684348424418e-02,-9.842229828545285830e-01,1.711827556636346392e-01,0.000000000000000000e+00,-1.437426328348911653e-01,-1.758828507225903837e-01,-9.738599890781983737e-01,0.000000000000000000e+00,5.714254595142885806e-01,2.169147122364067093e-01,1.428315472347275461e-01,1.000000000000000000e+00
9.872302965883786863e-01,1.403907240249385388e-02,-1.586190179181165283e-01,0.000000000000000000e+00,4.562082100477869717e-02,-9.792781581807865621e-01,1.972657509607393667e-01,0.000000000000000000e+00,-1.525656489205390043e-01,-2.019869445266937735e-01,-9.674321666195647706e-01,0.000000000000000000e+00,5.662840819881557186e-01,2.103972970130152664e-01,1.514447602282195660e-01,1.000000000000000000e+00
9.857634748701752381e-01,7.997916944169977324e-03,-1.678902970324364363e-01,0.000000000000000000e+00,4.592307512071640285e-02,-9.736683340256617747e-01,2.232527567318210171e-01,0.000000000000000000e+00,-1.616870217809515953e-01,-2.277888376139600990e-01,-9.601924559410405235e-01,0.000000000000000000e+00,5.610309792168958198e-01,2.035010609381434354e-01,1.600402869776235415e-01,1.000000000000000000e+00
9.842336106990345890e-01,5.834253756290077621e-04,-1.768180027213868688e-01,0.000000000000000000e+00,4.529498260699522244e-02,-9.674501839250906343e-01,2.489362429923545617e-01,0.000000000000000000e+00,-1.709206642854323999e-01,-2.530252571523590732e-01,-9.522417475427177314e-01,0.000000000000000000e+00,5.557558465641629919e-01,1.962975415256738576e-01,1.686569868264699845e-01,1.000000000000000000e+00
9.788579278478458656e-01,-2.809620442136457480e-02,-2.025549488107913909e-01,0.000000000000000000e+00,3.988664131472998559e-02,-9.452505229803191966e-01,3.238691889502169907e-01,0.000000000000000000e+00,-2.005685277998594807e-01,-3.251074191045694728e-01,-9.241630979969730486e-01,0.000000000000000000e+00,5.393619256390921324e-01,1.732748042755542783e-01,1.941703005432974249e-01,1.000000000000000000e+00
9.765358476224991202e-01,-4.024857469681903527e-02,-2.115148634122207272e-01,0.000000000000000000e+00,3.632639768265812780e-02,-9.374819972020972392e-01,3.461049619040103553e-01,0.000000000000000000e+00,-2.122256940040036233e-01,-3.456741306815785952e-01,-9.140402891459730172e-01,0.000000000000000000e+00,5.336083133734049744e-01,1.654705914862596439e-01,2.024642014868604512e-01,1.000000000000000000e+00
9.739597589373610864e-01,-5.380447486663236800e-02,-2.202003936331897727e-01,0.000000000000000000e+00,3.145023432678981101e-02,-9.299424223586417737e-01,3.663314356695860363e-01,0.000000000000000000e+00,-2.244882800779505472e-01,-3.637244335769952985e-01,-9.040517399611250893e-01,0.000000000000000000e+00,5.277213508678296749e-01,1.579430502712714235e-01,2.105525774306195030e-01,1.000000000000000000e+00
9.675127598186012978e-01,-8.393880621661053976e-02,-2.384409430033604949e-01,0.000000000000000000e+00,1.859195819415322345e-02,-9.170664767603727840e-01,3.982764908879656840e-01,0.000000000000000000e+00,-2.521019024476227055e-01,-3.897781753516936787e-01,-8.857299841383906580e-01,0.000000000000000000e+00,5.155891442648767864e-01,1.436986267784262916e-01,2.259170867031169705e-01,1.000000000000000000e+00
9.630853291585439457e-01,-9.728807431572458753e-02,-2.509629977839869519e-01,0.000000000000000000e+00,1.451596035298509044e-02,-9.122520259851846225e-01,4.093485982413577751e-01,0.000000000000000000e+00,-2.687714147051004088e-01,-3.978882589857235530e-01,-8.771812013482327419e-01,0.000000000000000000e+00,5.089767922238782605e-01,1.369773266756117991e-01,2.330774175412239080e-01,1.000000000000000000e+00
9.518142318209201758e-01,-1.170607456503474086e-01,-2.834205300117561555e-01,0.000000000000000000e+00,1.305500474973673823e-02,-9.079500695278575062e-01,4.188519845918740048e-01,0.000000000000000000e+00,-3.063687141103681455e-01,-4.023770833321957952e-01,-8.626881787896684139e-01,0.000000000000000000e+00,4.951338348352870566e-01,1.247180723398514796e-01,2.465264955781006628e-01,1.000000000000000000e+00
9.371339982037042438e-01,-1.333187381150406081e-01,-3.224697356022129813e-01,0.000000000000000000e+00,1.252410954700280965e-02,-9.106800598242251743e-01,4.128991671338276270e-01,0.000000000000000000e+00,-3.487206679942302934e-01,-3.909880213763805012e-01,-8.517759463930880681e-01,0.000000000000000000e+00,4.807159571033035594e-01,1.135873978635536102e-01,2.588252157159252054e-01,1.000000000000000000e+00
9.283856012284649184e-01,-1.414524666443015000e-01,-3.436162423592820092e-01,0.000000000000000000e+00,1.143189576727641349e-02,-9.133937921236644497e-01,4.068929087245518605e-01,0.000000000000000000e+00,-3.714200992308548388e-01,-3.816890514654521782e-01,-8.463808704588881016e-01,0.000000000000000000e+00,4.732683410843410710e-01,1.078571799164535910e-01,2.647090516056228027e-01,1.000000000000000000e+00
9.184257798355451863e-01,-1.494342673895988904e-01,-3.662570594055667428e-01,0.000000000000000000e+00,1.079491186876803573e-02,-9.160773237436200533e-01,4.008323261685371453e-01,0.000000000000000000e+00,-3.954254849554504347e-01,-3.720956184159329161e-01,-8.397520685317846345e-01,0.000000000000000000e+00,4.653646907930964471e-01,1.019097800052319869e-01,2.704203714262318203e-01,1.000000000000000000e+00
9.071668548434604906e-01,-1.582034667280313722e-01,-3.898726811279096260e-01,0.000000000000000000e+00,9.586274487368998121e-03,-9.185965739660676421e-01,3.950559258389423345e-01,0.000000000000000000e+00,-4.206430248679494666e-01,-3.621260403154326624e-01,-8.318197981266176599e-01,0.000000000000000000e+00,4.571297357467836719e-01,9.545685538546402893e-02,2.759872072316302827e-01,1.000000000000000000e+00
8.816607910839264761e-01,-1.677181778937550938e-01,-4.410505743908196830e-01,0.000000000000000000e+00,1.437401114911004106e-02,-9.247109448890518113e-01,3.803732418389741965e-01,0.000000000000000000e+00,-4.716488811320707075e-01,-3.417064180879478830e-01,-8.128862508151866173e-01,0.000000000000000000e+00,4.400883664823652119e-01,8.205480738341811020e-02,2.865547030466056855e-01,1.000000000000000000e+00
8.546259459156254623e-01,-1.652205835079068597e-01,-4.922371361999592909e-01,0.000000000000000000e+00,2.807905842402457983e-02,-9.319187548588405701e-01,3.615518603486595484e-01,0.000000000000000000e+00,-5.184708105676588685e-01,-3.228193712271066329e-01,-7.918179539198704209e-01,0.000000000000000000e+00,4.240222341795767957e-01,6.746275361794494552e-02,2.966179796915081046e-01,1.000000000000000000e+00
8.411493542824699521e-01,-1.595356641503060113e-01,-5.167174107338684541e-01,0.000000000000000000e+00,3.812203892328279442e-02,-9.356159581255193425e-01,3.509276790884507391e-01,0.000000000000000000e+00,-5.394449216623765642e-01,-3.148869744594580133e-01,-7.809259694801046203e-01,0.000000000000000000e+00,4.166581388192255875e-01,5.973780403620244928e-02,3.015827823917795469e-01,1.000000000000000000e+00
8.281714411513221297e-01,-1.511998523791546478e-01,-5.396771401523993150e-01,0.000000000000000000e+00,4.994675247158344988e-02,-9.391705793329068186e-01,3.397715287281192209e-01,0.000000000000000000e+00,-5.582330450719519277e-01,-3.083501338383074497e-01,-7.702571404093531138e-01,0.000000000000000000e+00,4.099413946126481689e-01,5.170470215504777839e-02,3.066675191599095296e-01,1.000000000000000000e+00
8.020988121933726456e-01,-1.263618055427198350e-01,-5.836530960075280161e-01,0.000000000000000000e+00,8.116122650025478502e-02,-9.452118129298567872e-01,3.161775306881189906e-01,0.000000000000000000e+00,-5.916399555517020126e-01,-3.009814177547863734e-01,-7.479119929250358512e-01,0.000000000000000000e+00,3.983769454210499550e-01,3.423632419065053556e-02,3.175068146917326417e-01,1.000000000000000000e+00
7.703483802006108050e-01,-9.219790482480999527e-02,-6.309070187986646205e-01,0.000000000000000000e+00,1.166969500281651445e-01,-9.523797206953512617e-01,2.816654688874319912e-01,0.000000000000000000e+00,-6.268440851322260032e-01,-2.906110577244495619e-01,-7.229188793101333221e-01,0.000000000000000000e+00,3.873474827899188178e-01,1.697623047302333071e-02,3.295209135214095530e-01,1.000000000000000000e+00
7.526311752280050449e-01,-7.227921760951243335e-02,-6.544484515054468377e-01,0.000000000000000000e+00,1.339500362515968768e-01,-9.563527589203759671e-01,2.596681251035434235e-01,0.000000000000000000e+00,-6.446646028803019179e-01,-2.831031705832001144e-01,-7.101127689310496871e-01,0.000000000000000000e+00,3.819611633190967970e-01,8.836968543137950147e-03,3.357230814444137068e-01,1.000000000000000000e+00
7.343146151416396483e-01,-4.969595400886216152e-02,-6.769734891749773498e-01,0.000000000000000000e+00,1.507773194867892130e-01,-9.604507107329627313e-01,2.340542225257507547e-01,0.000000000000000000e+00,-6.618439592508323921e-01,-2.739469587255543570e-01,-6.977934059649760767e-01,0.000000000000000000e+00,3.768054212339402298e-01,9.285301940961680680e-04,3.416024871908595606e-01,1.000000000000000000e+00
6.981380330481222751e-01,3.991213438067795979e-03,-7.159386174304323003e-01,0.000000000000000000e+00,1.830154111909936820e-01,-9.677462795508033899e-01,1.730700568653576188e-01,0.000000000000000000e+00,-6.921695002761280024e-01,-2.518594386107028127e-01,-6.763639597658916980e-01,0.000000000000000000e+00,3.677018682682909323e-01,-1.395867047950120204e-02,3.525225548546543908e-01,1.000000000000000000e+00
6.642167118968029804e-01,7.161433564622207704e-02,-7.440889015891570812e-01,0.000000000000000000e+00,2.159939905162160667e-01,-9.713196939330766000e-01,9.932469551850393874e-02,0.000000000000000000e+00,-7.156489105269328022e-01,-2.266962184252107604e-01,-6.606477589558018559e-01,0.000000000000000000e+00,3.609343137656200184e-01,-2.744063823757198622e-02,3.621254242667589773e-01,1.000000000000000000e+00
6.487206503762885657e-01,1.085404828852055137e-01,-7.532338469901760369e-01,0.000000000000000000e+00,2.322893124563491507e-01,-9.707738711349912508e-01,6.017070168569127464e-02,0.000000000000000000e+00,-7.247027332693666279e-01,-2.140062694511860319e-01,-6.549864617131377909e-01,0.000000000000000000e+00,3.586878364795537677e-01,-3.379315569084283960e-02,3.665586267293031164e-01,1.000000000000000000e+00
6.331630577380760183e-01,1.465276557059937979e-01,-7.600098258116692040e-01,0.000000000000000000e+00,2.486495039901791826e-01,-9.683676592895446023e-01,2.045110042844598686e-02,0.000000000000000000e+00,-7.329863965154177485e-01,-2.019288352529313713e-01,-6.495811635328854194e-01,0.000000000000000000e+00,3.569203522935541217e-01,-3.968956377996495088e-02,3.707465979062833927e-01,1.000000000000000000e+00
6.166843365529565135e-01,1.854149240068129756e-01,-7.650506400931874618e-01,0.000000000000000000e+00,2.645695594614158042e-01,-9.641407404136119741e-01,-2.040411189668401085e-02,0.000000000000000000e+00,-7.414139919669366918e-01,-1.898298694203994219e-01,-6.436380296342697482e-01,0.000000000000000000e+00,3.553030779156899910e-01,-4.555311007718570310e-02,3.748806520023160727e-01,1.000000000000000000e+00
5.803147577052626405e-01,2.655686344967376766e-01,-7.698628639324206491e-01,0.000000000000000000e+00,2.962386376775969499e-01,-9.494028174673035947e-01,-1.042003197369154449e-01,0.000000000000000000e+00,-7.585969140488729723e-01,-1.675973694776861367e-01,-6.296362789259262183e-01,0.000000000000000000e+00,3.523957087098730234e-01,-5.624262625331803017e-02,3.833147340808264469e-01,1.000000000000000000e+00
5.373427382941690089e-01,3.519053485061559572e-01,-7.664242651407203732e-01,0.000000000000000000e+00,3.309259433759351166e-01,-9.238692442895277690e-01,-1.921832103953217408e-01,0.000000000000000000e+00,-7.757210413057546994e-01,-1.503643154189336917e-01,-6.129008392261434679e-01,0.000000000000000000e+00,3.500263027143862282e-01,-6.645832092662268265e-02,3.918862902853093577e-01,1.000000000000000000e+00
5.134065594031116397e-01,3.960795923242789729e-01,-7.612590940063049816e-01,0.000000000000000000e+00,3.485692923044037550e-01,-9.068759104721271225e-01,-2.367620712212276657e-01,0.000000000000000000e+00,-7.841592561249369764e-01,-1.437991118537310098e-01,-6.036688466896926730e-01,0.000000000000000000e+00,3.491537763131078442e-01,-7.154849799799471721e-02,3.961534612008001388e-01,1.000000000000000000e+00
4.886725442293913257e-01,4.395568802067307268e-01,-7.536376055376401428e-01,0.000000000000000000e+00,3.659683208804781485e-01,-8.874077769295616314e-01,-2.802773134915935160e-01,0.000000000000000000e+00,-7.919969420471317800e-01,-1.388463343994715549e-01,-5.945271559919045323e-01,0.000000000000000000e+00,3.486781614223752879e-01,-7.689176042107277731e-02,4.002819073373365955e-01,1.000000000000000000e+00
4.636542063602577257e-01,4.815364996969553890e-01,-7.437258387909161383e-01,0.000000000000000000e+00,3.828851393933970226e-01,-8.658770236219605065e-01,-3.219265395963528120e-01,0.000000000000000000e+00,-7.990098781359248337e-01,-1.355015860585028764e-01,-5.858519734684219937e-01,0.000000000000000000e+00,3.486969692190753367e-01,-8.242624628770368889e-02,4.042607471913053363e-01,1.000000000000000000e+00
4.130051710492123052e-01,5.585717617234511323e-01,-7.193087394109562993e-01,0.000000000000000000e+00,4.132867227356631368e-01,-8.187610125546993523e-01,-3.985037465721327221e-01,0.000000000000000000e+00,-8.115505164580186781e-01,-1.326991984002760527e-01,-5.690137801324736122e-01,0.000000000000000000e+00,3.501237878965269834e-01,-9.360463345317379669e-02,4.114523299534937895e-01,1.000000000000000000e+00
3.610392821763335203e-01,6.244873327519507855e-01,-6.925654877765424766e-01,0.000000000000000000e+00,4.345228384949919587e-01,-7.697662228068281598e-01,-4.675795247368856877e-01,0.000000000000000000e+00,-8.251268960741261482e-01,-1.321234894075697108e-01,-5.492804283076596628e-01,0.000000000000000000e+00,3.523591282156743332e-01,-1.048931768170298651e-01,4.179734025441502188e-01,1.000000000000000000e+00
3.343732089878841407e-01,6.541862113961179892e-01,-6.783919993864507836e-01,0.000000000000000000e+00,4.412366973556351990e-01,-7.447267525890715056e-01,-5.006725354820609208e-01,0.000000000000000000e+00,-8.327657731442776878e-01,-1.319225028975078429e-01,-5.376779894218008948e-01,0.000000000000000000e+00,3.534938938290173027e-01,-1.103542219627922510e-01,4.211649608764452823e-01,1.000000000000000000e+00
2.788277132772096767e-01,7.097519629347905923e-01,-6.469064880800176054e-01,0.000000000000000000e+00,4.453000643256170843e-01,-6.923809567300284185e-01,-5.677122601903364929e-01,0.000000000000000000e+00,-8.508570058179338869e-01,-1.297760880382268223e-01,-5.091173957193320110e-01,0.000000000000000000e+00,3.554477253490212485e-01,-1.209091928286401829e-01,4.267963004711115005e-01,1.000000000000000000e+00
2.228426148439806853e-01,7.626812296038141259e-01,-6.071566996424561102e-01,0.000000000000000000e+00,4.406611005466932185e-01,-6.343636821990296104e-01,-6.351230275096895195e-01,0.000000000000000000e+00,-8.695713131701846565e-01,-1.260202895519425548e-01,-4.774564042221291493e-01,0.000000000000000000e+00,3.576514709234310807e-01,-1.309530033972770569e-01,4.311038113101708369e-01,1.000000000000000000e+00
1.961253766837870449e-01,7.881417351563488882e-01,-5.833936825391499159e-01,0.000000000000000000e+00,4.362090715400820384e-01,-6.029636036140749722e-01,-6.679350908015513344e-01,0.000000000000000000e+00,-8.782095868415749074e-01,-1.234849727873586073e-01,-4.620599345055309559e-01,0.000000000000000000e+00,3.590580858824973798e-01,-1.357568076287557490e-01,4.327008599472396133e-01,1.000000000000000000e+00
1.459443662823214360e-01,8.371361023597597706e-01,-5.271471663374183159e-01,0.000000000000000000e+00,4.237168018198499420e-01,-5.343987987566003461e-01,-7.313431087008811504e-01,0.000000000000000000e+00,-8.939577434209377005e-01,-1.166279503240437998e-01,-4.327094570043014676e-01,0.000000000000000000e+00,3.623909315871516323e-01,-1.453007965683010549e-01,4.346808519816094396e-01,1.000000000000000000e+00
1.244178717636756359e-01,8.575337406806639029e-01,-4.991360773188348032e-01,0.000000000000000000e+00,4.176447038001731005e-01,-5.015720834502858105e-01,-7.576140794574857118e-01,0.000000000000000000e+00,-9.000496865210583231e-01,-1.142030065452758619e-01,-4.205570533106825493e-01,0.000000000000000000e+00,3.644965513206624985e-01,-1.501372679113245900e-01,4.352777920637628806e-01,1.000000000000000000e+00
1.048165444447253930e-01,8.752280414686322008e-01,-4.721971138612112706e-01,0.000000000000000000e+00,4.118570950007614528e-01,-4.703837730747723600e-01,-7.804444799130063615e-01,0.000000000000000000e+00,-9.051981815523356678e-01,-1.126764074371838786e-01,-4.097807698286907163e-01,0.000000000000000000e+00,3.669673425328615624e-01,-1.549972631057283112e-01,4.351667490598856158e-01,1.000000000000000000e+00
7.201341336139033267e-02,9.050709871612767632e-01,-4.190958403470043669e-01,0.000000000000000000e+00,4.061914638807822553e-01,-4.103760898430488524e-01,-8.164439395676381661e-01,0.000000000000000000e+00,-9.109441730755721833e-01,-1.114403835631242456e-01,-3.971923393659115842e-01,0.000000000000000000e+00,3.728124162198804270e-01,-1.646243424020671919e-01,4.338816609315657713e-01,1.000000000000000000e+00
3.857575871161726677e-02,9.298941514289629229e-01,-3.657725042690334050e-01,0.000000000000000000e+00,4.072064772270555522e-01,-3.489010322009813980e-01,-8.440566933178299536e-01,0.000000000000000000e+00,-9.125193557062286631e-01,-1.163870464008595063e-01,-3.921255932626350194e-01,0.000000000000000000e+00,3.794112043164067916e-01,-1.749521088495732124e-01,4.308988157130236862e-01,1.000000000000000000e+00
1.926357519379506486e-02,9.438073894980715250e-01,-3.299049455537109155e-01,0.000000000000000000e+00,4.068784975085685263e-01,-3.088069696457069191e-01,-8.596911600479638649e-01,0.000000000000000000e+00,-9.132773994670069229e-01,-1.176727688279584350e-01,-3.899711670100020067e-01,0.000000000000000000e+00,3.823922060386084065e-01,-1.794443844809712196e-01,4.289287385651058271e-01,1.000000000000000000e+00
-1.804957120885569396e-03,9.573355120870697954e-01,-2.889397970650423586e-01,0.000000000000000000e+00,4.063519071163850249e-01,-2.633067761149673891e-01,-8.749448074798933384e-01,0.000000000000000000e+00,-9.137131335824237865e-01,-1.189927664193312640e-01,-3.885473343865099016e-01,0.000000000000000000e+00,3.852953189918877364e-01,-1.838956198403977060e-01,4.266655672098891294e-01,1.000000000000000000e+00
-2.087746460901039949e-02,9.690926457669539751e-01,-2.457729079722030252e-01,0.000000000000000000e+00,4.038283650570276828e-01,-2.167065867090998965e-01,-8.887866187974862164e-01,0.000000000000000000e+00,-9.145947927088451390e-01,-1.178079509487506282e-01,-3.868302623155556175e-01,0.000000000000000000e+00,3.878457126015443790e-01,-1.875935771012658959e-01,4.237176503316144593e-01,1.000000000000000000e+00
-4.828858317316758048e-02,9.843508677624049907e-01,-1.694176164740165413e-01,0.000000000000000000e+00,3.951283956493015226e-01,-1.369533492389466423e-01,-9.083490947785728409e-01,0.000000000000000000e+00,-9.173541915835565774e-01,-1.108067351786126142e-01,-3.823390571510271729e-01,0.000000000000000000e+00,3.919607997463301352e-01,-1.935895608195984385e-01,4.169716393031283608e-01,1.000000000000000000e+00
-5.917405658015944397e-02,9.907068428140169969e-01,-1.223892541465104178e-01,0.000000000000000000e+00,3.830626945138706496e-01,-9.068166675161186407e-02,-9.192499955333864881e-01,0.000000000000000000e+00,-9.218234703485158610e-01,-1.012804586825857833e-01,-3.741440340345734139e-01,0.000000000000000000e+00,3.948701014562858158e-01,-1.981176010245909724e-01,4.098560494701086188e-01,1.000000000000000000e+00
-6.046149286747615204e-02,9.921137808043564155e-01,-1.097059739464082279e-01,0.000000000000000000e+00,3.776294512954121996e-01,-7.900242784921950034e-02,-9.225699761045029756e-01,0.000000000000000000e+00,-9.239792148040566477e-01,-9.721003636963473915e-02,-3.698818993125956855e-01,0.000000000000000000e+00,3.960901522574885592e-01,-2.000005441294594455e-01,4.064782644647663146e-01,1.000000000000000000e+00
-5.907801121191159216e-02,9.928001112303942444e-01,-1.041079950501893198e-01,0.000000000000000000e+00,3.719112463084329745e-01,-7.489146989251939390e-02,-9.252318841824759277e-01,0.000000000000000000e+00,-9.263849540881812228e-01,-9.338159170214886673e-02,-3.648161114454945286e-01,0.000000000000000000e+00,3.971178951550900504e-01,-2.017041135604752400e-01,4.028844854307562784e-01,1.000000000000000000e+00
-5.697110771059994694e-02,9.932199538029640173e-01,-1.012381506897168798e-01,0.000000000000000000e+00,3.665384589564559259e-01,-7.351306111654404285e-02,-9.274837652769508667e-01,0.000000000000000000e+00,-9.286555883581372184e-01,-8.994918503338199256e-02,-3.598721194022014847e-01,0.000000000000000000e+00,3.979572120469265784e-01,-2.032015533899522997e-01,3.995285367882542849e-01,1.000000000000000000e+00
-5.640203015849707541e-02,9.949919756534376658e-01,-8.240464962899436696e-02,0.000000000000000000e+00,3.478463091168665922e-01,-5.778102942373718881e-02,-9.357590741070667129e-01,0.000000000000000000e+00,-9.358522134214068977e-01,-8.144443280409920105e-02,-3.428519199296862219e-01,0.000000000000000000e+00,3.989361752013005913e-01,-2.064236306559948664e-01,3.897096830846016879e-01,1.000000000000000000e+00
-5.871296869158436349e-02,9.957432239262340445e-01,-7.091520438960456640e-02,0.000000000000000000e+00,3.415722459923992149e-01,-4.671106952067750201e-02,-9.386837719131778668e-01,0.000000000000000000e+00,-9.380185900989648218e-01,-7.933710403510575715e-02,-3.373821995186960798e-01,0.000000000000000000e+00,3.989984629165643781e-01,-2.070850164074616029e-01,3.867645490106822459e-01,1.000000000000000000e+00
-6.187057455980605331e-02,9.967801163862378688e-01,-5.081514028206229189e-02,0.000000000000000000e+00,3.302015552824290601e-01,-2.760302848038865067e-02,-9.434965567552348054e-01,0.000000000000000000e+00,-9.418793935139515572e-01,-7.515535938823590667e-02,-3.274368336473704733e-01,0.000000000000000000e+00,3.989722645234106690e-01,-2.084336362459273395e-01,3.814470584040242085e-01,1.000000000000000000e+00
-6.138711206708875184e-02,9.970036184410484559e-01,-4.686314318019399461e-02,0.000000000000000000e+00,3.258505524155719257e-01,-2.436019415241238648e-02,-9.450972147522876954e-01,0.000000000000000000e+00,-9.434251020097407237e-01,-7.328858076177414971e-02,-3.233850040243597679e-01,0.000000000000000000e+00,3.989075050638952180e-01,-2.090370491627125960e-01,3.793134946202802449e-01,1.000000000000000000e+00
-5.932375336071959993e-02,9.972550459722814287e-01,-4.408868869934384066e-02,0.000000000000000000e+00,3.197371242986814521e-01,-2.285643927315085880e-02,-9.472204080519858183e-01,0.000000000000000000e+00,-9.456462486343025775e-01,-7.029081372032480735e-02,-3.175096438699228085e-01,0.000000000000000000e+00,3.986777113732939415e-01,-2.100317249871563596e-01,3.763733778987304879e-01,1.000000000000000000e+00
-5.800805827623906064e-02,9.973774012228792119e-01,-4.305962849496435679e-02,0.000000000000000000e+00,3.165570588691219434e-01,-2.252948746191898999e-02,-9.482957331845602855e-01,0.000000000000000000e+00,-9.467970740922571071e-01,-6.864094505693807413e-02,-3.144260185672163033e-01,0.000000000000000000e+00,3.984929883752155733e-01,-2.106014024069999824e-01,3.749723154995032171e-01,1.000000000000000000e+00
-5.759695771547219262e-02,9.974057824173518938e-01,-4.295395864830542365e-02,0.000000000000000000e+00,3.158685127022208272e-01,-2.260842179430962856e-02,-9.485234255665306868e-01,0.000000000000000000e+00,-9.470521043209539913e-01,-6.820117975145473244e-02,-3.137529454551184482e-01,0.000000000000000000e+00,3.984100166751897154e-01,-2.107435694103304002e-01,3.747588014098982012e-01,1.000000000000000000e+00
-5.730726476695234550e-02,9.974213955907718088e-01,-4.297887764816259171e-02,0.000000000000000000e+00,3.155638290253657274e-01,-2.274524118997017091e-02,-9.486215634884480608e-01,0.000000000000000000e+00,-9.471712446618757442e-01,-6.792679410161719944e-02,-3.134526821208416525e-01,0.000000000000000000e+00,3.983273289017081886e-01,-2.108100752158076907e-01,3.747637047665961507e-01,1.000000000000000000e+00
-5.747622216031528924e-02,9.974090870840217615e-01,-4.303886371182640003e-02,0.000000000000000000e+00,3.158280162594246931e-01,-2.273011616077036390e-02,-9.485340019557352287e-01,0.000000000000000000e+00,-9.470729454194020125e-01,-6.811234134482345437e-02,-3.137093320434456989e-01,0.000000000000000000e+00,3.983729362274108232e-01,-2.107378267897888902e-01,3.748578236124030516e-01,1.000000000000000000e+00
-5.753299016849373893e-02,9.974056095477521477e-01,-4.304360563611388246e-02,0.000000000000000000e+00,3.158546400068047988e-01,-2.271482692073612322e-02,-9.485255030442465429e-01,0.000000000000000000e+00,-9.470606194391715249e-01,-6.816834345585090493e-02,-3.137343781895408634e-01,0.000000000000000000e+00,3.983875091173446070e-01,-2.107141228137549283e-01,3.748668214910968466e-01,1.000000000000000000e+00
-5.753243524137756360e-02,9.974051462561345227e-01,-4.305508121214071671e-02,0.000000000000000000e+00,3.158777638640886676e-01,-2.272425041605449086e-02,-9.485175768748093095e-01,0.000000000000000000e+00,-9.470529406403087602e-01,-6.817198136502815309e-02,-3.137567665904753555e-01,0.000000000000000000e+00,3.983880883902743419e-01,-2.107137413533093917e-01,3.748779595053342573e-01,1.000000000000000000e+00
-5.752679710580724942e-02,9.974045171524452691e-01,-4.307718282168680746e-02,0.000000000000000000e+00,3.159323148678322424e-01,-2.274311813859976328e-02,-9.484989561938351743e-01,0.000000000000000000e+00,-9.470350862401767378e-01,-6.817489367283598167e-02,-3.138100210362287923e-01,0.000000000000000000e+00,3.983833069792621639e-01,-2.107137013255186986e-01,3.749078344534548246e-01,1.000000000000000000e+00
-5.754530797352691573e-02,9.974012377027264842e-01,-4.312836028078860517e-02,0.000000000000000000e+00,3.160400232456151981e-01,-2.277819547511916384e-02,-9.484622314141015753e-01,0.000000000000000000e+00,-9.469980223941923958e-01,-6.821115246972590807e-02,-3.139139758918682022e-01,0.000000000000000000e+00,3.983867808270707966e-01,-2.107024936707333762e-01,3.749590494122602147e-01,1.000000000000000000e+00
-5.753610643115639189e-02,9.974017467186061525e-01,-4.312886505142697613e-02,0.000000000000000000e+00,3.160444032304180473e-01,-2.278126052808803967e-02,-9.484606983194868723e-01,0.000000000000000000e+00,-9.469971197379242200e-01,-6.820268521449868171e-02,-3.139185386969166602e-01,0.000000000000000000e+00,3.983861094180067841e-01,-2.107069111287296348e-01,3.749602131083833445e-01,1.000000000000000000e+00
-5.754841282341223441e-02,9.974003916537216297e-01,-4.314378068409140815e-02,0.000000000000000000e+00,3.160629212928303122e-01,-2.279023103022340124e-02,-9.484543120544286499e-01,0.000000000000000000e+00,-9.469901915337682885e-01,-6.821950308971741483e-02,-3.139357840976856884e-01,0.000000000000000000e+00,3.983875955182700768e-01,-2.107006165007227760e-01,3.749712687426499658e-01,1.000000000000000000e+00
-5.756944029447970401e-02,9.973994102951012630e-01,-4.313841430063043714e-02,0.000000000000000000e+00,3.160566083038001128e-01,-2.277895416820222008e-02,-9.484566866735189006e-01,0.000000000000000000e+00,-9.469910204525281427e-01,-6.823761529236101187e-02,-3.139293472128584228e-01,0.000000000000000000e+00,3.983929942889213871e-01,-2.106932895774057124e-01,3.749637813970792544e-01,1.000000000000000000e+00
-5.757214536452411741e-02,9.973995051033445192e-01,-4.313261177969268667e-02,0.000000000000000000e+00,3.160527251527643910e-01,-2.277286345745456811e-02,-9.484581269168752549e-01,0.000000000000000000e+00,-9.469921520102165813e-01,-6.823826244895901671e-02,-3.139257930928992524e-01,0.000000000000000000e+00,3.983938918271448526e-01,-2.106924211390379664e-01,3.749628066626451983e-01,1.000000000000000000e+00
-5.756440958431063848e-02,9.973994794394871466e-01,-4.314352864866406734e-02,0.000000000000000000e+00,3.160694794064494162e-01,-2.278447599006040714e-02,-9.484522648730419059e-01,0.000000000000000000e+00,-9.469870303850470572e-01,-6.823476101665433557e-02,-3.139420036750583676e-01,0.000000000000000000e+00,3.983919782280889166e-01,-2.106945160504910819e-01,3.749723874501564858e-01,1.000000000000000000e+00
-5.756658507057933749e-02,9.973993513775063491e-01,-4.314358650192939154e-02,0.000000000000000000e+00,3.160722930863543723e-01,-2.278364244244567016e-02,-9.484513472400135647e-01,0.000000000000000000e+00,-9.469859590130794702e-01,-6.823691125582584394e-02,-3.139447680314844669e-01,0.000000000000000000e+00,3.983928726951951882e-01,-2.106939342672685123e-01,3.749716196277793068e-01,1.000000000000000000e+00
-5.757170279879989666e-02,9.973997051250309553e-01,-4.312857700592538646e-02,0.000000000000000000e+00,3.160486590033213528e-01,-2.276945916734379044e-02,-9.484595635938505298e-01,0.000000000000000000e+00,-9.469935359847074796e-01,-6.823647480293937306e-02,-3.139220067304109296e-01,0.000000000000000000e+00,3.983940714770753955e-01,-2.106924686408755132e-01,3.749605834627723344e-01,1.000000000000000000e+00
-5.756503249814202278e-02,9.973993420190545578e-01,-4.314587436422001598e-02,0.000000000000000000e+00,3.160672884038201458e-01,-2.278666809283909009e-02,-9.484529423537529924e-01,0.000000000000000000e+00,-9.469877238065833591e-01,-6.823603772083848551e-02,-3.139396345092261287e-01,0.000000000000000000e+00,3.983912650515240572e-01,-2.106932810258005384e-01,3.749721778907109115e-01,1.000000000000000000e+00
