9.995739327281968345e-01,2.232133388793836049e-02,1.828819195430275019e-02,0.000000000000000000e+00,2.583692816502532533e-02,-9.745308189978462154e-01,-2.227170466479620747e-01,0.000000000000000000e+00,1.285131255004183341e-02,2.230989602516263715e-01,-9.747110842195159108e-01,0.000000000000000000e+00,6.229734210855080168e-01,2.974042991262184632e-01,3.032520913583324970e-02,1.000000000000000000e+00
9.995742020811486661e-01,2.232626104518691673e-02,1.826744379450567432e-02,0.000000000000000000e+00,2.583705895372399169e-02,-9.745315607284138482e-01,-2.227137859003613385e-01,0.000000000000000000e+00,1.283008140802971951e-02,2.230952271305258749e-01,-9.747122183714751475e-01,0.000000000000000000e+00,6.229647901838978319e-01,2.974057960569120307e-01,3.031598318882651466e-02,1.000000000000000000e+00
9.995745534309061764e-01,2.232954206450860762e-02,1.824419320776234782e-02,0.000000000000000000e+00,2.583509330369264390e-02,-9.745311977243913404e-01,-2.227156023206750268e-01,0.000000000000000000e+00,1.280664461542783440e-02,2.230964844642125411e-01,-9.747122388035369678e-01,0.000000000000000000e+00,6.229558330474757044e-01,2.974061150404072040e-01,3.030430239328108649e-02,1.000000000000000000e+00
9.995738445956506846e-01,2.233554101047391383e-02,1.827565892787457943e-02,0.000000000000000000e+00,2.584793696657509965e-02,-9.745313183996818784e-01,-2.227135840355455865e-01,0.000000000000000000e+00,1.283602073296422237e-02,2.230953567950213767e-01,-9.747121104963479832e-01,0.000000000000000000e+00,6.229642478092070057e-01,2.974096853515195149e-01,3.032347875435508974e-02,1.000000000000000000e+00
9.995738826674123167e-01,2.234468565212808372e-02,1.826239342227968521e-02,0.000000000000000000e+00,2.585395799757411045e-02,-9.745300176004305648e-01,-2.227185770266429943e-01,0.000000000000000000e+00,1.282092083314610546e-02,2.231001233018718721e-01,-9.747112182445012429e-01,0.000000000000000000e+00,6.229569997310944185e-01,2.974161167642475068e-01,3.031470559125451145e-02,1.000000000000000000e+00
9.995737996725934105e-01,2.233627635791504695e-02,1.827721717781581948e-02,0.000000000000000000e+00,2.584899976114478012e-02,-9.745313223486281595e-01,-2.227134434065232149e-01,0.000000000000000000e+00,1.283737876392048935e-02,2.230952659216839939e-01,-9.747121134108288620e-01,0.000000000000000000e+00,6.229639827222822612e-01,2.974131256673435697e-01,3.032218874415568491e-02,1.000000000000000000e+00
9.995734522092448726e-01,2.233768208636599875e-02,1.829449367184090083e-02,0.000000000000000000e+00,2.585423564279874103e-02,-9.745310078401164811e-01,-2.227142118470703258e-01,0.000000000000000000e+00,1.285387957260157414e-02,2.230964990413309146e-01,-9.747116137070669373e-01,0.000000000000000000e+00,6.229688368593285785e-01,2.974122116581479069e-01,3.033272238087764833e-02,1.000000000000000000e+00
9.995732429584055501e-01,2.233785630561330171e-02,1.830571054329261163e-02,0.000000000000000000e+00,2.585692217651495636e-02,-9.745307005847012594e-01,-2.227152444146058008e-01,0.000000000000000000e+00,1.286474347982966872e-02,2.230978237731263969e-01,-9.747111671684558498e-01,0.000000000000000000e+00,6.229732610658578196e-01,2.974129338641881004e-01,3.033847998229954185e-02,1.000000000000000000e+00
9.995733724059949754e-01,2.233935187005168382e-02,1.829681491791797579e-02,0.000000000000000000e+00,2.585638479256407996e-02,-9.745308951588429469e-01,-2.227144554077521432e-01,0.000000000000000000e+00,1.285576234787607144e-02,2.230968240676812764e-01,-9.747115144828079059e-01,0.000000000000000000e+00,6.229704409891541061e-01,2.974115413151129927e-01,3.033189094525380256e-02,1.000000000000000000e+00
9.995733701894211620e-01,2.233266982079552820e-02,1.830509131487751892e-02,0.000000000000000000e+00,2.585177215486673605e-02,-9.745300631284904425e-01,-2.227186315431241292e-01,0.000000000000000000e+00,1.286520782858551100e-02,2.231011275735323429e-01,-9.747104048397891018e-01,0.000000000000000000e+00,6.229735465554275819e-01,2.974152309308513153e-01,3.033749117147478344e-02,1.000000000000000000e+00
9.995725552253917900e-01,2.231767763628029339e-02,1.836777085855791081e-02,0.000000000000000000e+00,2.585120769042444783e-02,-9.745289617382839609e-01,-2.227235162605362140e-01,0.000000000000000000e+00,1.292950195929402739e-02,2.231074388261638508e-01,-9.747081094971530302e-01,0.000000000000000000e+00,6.229982310632603548e-01,2.974133369884900402e-01,3.037260904989915605e-02,1.000000000000000000e+00
9.995716135493382115e-01,2.230809751674115923e-02,1.843054727250890978e-02,0.000000000000000000e+00,2.585597972461471314e-02,-9.745270730132920001e-01,-2.227312263196035147e-01,0.000000000000000000e+00,1.299260751870618541e-02,2.231166468235437628e-01,-9.747051626312867034e-01,0.000000000000000000e+00,6.230217567364572107e-01,2.974156189959083485e-01,3.040569935444444039e-02,1.000000000000000000e+00
9.995711460128463566e-01,2.232513974794663944e-02,1.843526769560309420e-02,0.000000000000000000e+00,2.587380837609799811e-02,-9.745238573121428605e-01,-2.227432254206337947e-01,0.000000000000000000e+00,1.299308470702050487e-02,2.231289876084605051e-01,-9.747023312984429699e-01,0.000000000000000000e+00,6.230189507957658579e-01,2.974273818140683034e-01,3.040974713820740125e-02,1.000000000000000000e+00
9.995716726520298412e-01,2.234212597869048716e-02,1.838606917162432727e-02,0.000000000000000000e+00,2.587936423230877137e-02,-9.745241306288046079e-01,-2.227413841887321833e-01,0.000000000000000000e+00,1.294140117102099245e-02,2.231260936119756066e-01,-9.747036813745962869e-01,0.000000000000000000e+00,6.229996225126621656e-01,2.974319678810365408e-01,3.038259231009000569e-02,1.000000000000000000e+00
9.995738259938197201e-01,2.233077040166988117e-02,1.828250482164964913e-02,0.000000000000000000e+00,2.584474668837872385e-02,-9.745325622900803397e-01,-2.227085113015501716e-01,0.000000000000000000e+00,1.284389092125113978e-02,2.230904006105453585e-01,-9.747131411966444281e-01,0.000000000000000000e+00,6.229672055417443399e-01,2.974135354365785022e-01,3.032416111585716986e-02,1.000000000000000000e+00
9.995800519417895602e-01,2.223635090671007356e-02,1.805578465787565853e-02,0.000000000000000000e+00,2.569983500508469382e-02,-9.745763159831623001e-01,-2.225337495900503726e-01,0.000000000000000000e+00,1.264864507520057670e-02,2.229086193422881168e-01,-9.747572821993568670e-01,0.000000000000000000e+00,6.229312569540078615e-01,2.972744752753191944e-01,3.020007872106981670e-02,1.000000000000000000e+00
9.995841530514851803e-01,2.215132948416293629e-02,1.793283222575951102e-02,0.000000000000000000e+00,2.558753073578941620e-02,-9.746146648225247899e-01,-2.223786866696786102e-01,0.000000000000000000e+00,1.255185937254026281e-02,2.227493566825387017e-01,-9.747949399354753908e-01,0.000000000000000000e+00,6.229271762404207102e-01,2.971607407806237111e-01,3.012431967923973053e-02,1.000000000000000000e+00
9.996053356943643831e-01,2.343677885399322522e-02,1.485385975139916562e-02,0.000000000000000000e+00,2.612068154278324866e-02,-9.754130893334106434e-01,-2.187870244187265778e-01,0.000000000000000000e+00,9.361166352673132643e-03,2.190928881469198231e-01,-9.756590977016299515e-01,0.000000000000000000e+00,6.221649975777188146e-01,2.964668847023483322e-01,3.018848112062457595e-02,1.000000000000000000e+00
9.996103551516132280e-01,2.451220818849473779e-02,1.261096445947690672e-02,0.000000000000000000e+00,2.665346956189440855e-02,-9.761817597958978299e-01,-2.152661406336483230e-01,0.000000000000000000e+00,7.034080451475767208e-03,2.155225387250149505e-01,-9.764735311383134775e-01,0.000000000000000000e+00,6.215972011211873260e-01,2.956665662117076709e-01,3.048646697135592651e-02,1.000000000000000000e+00
9.996056265827646392e-01,2.590718891409805533e-02,9.907359277636345468e-03,0.000000000000000000e+00,2.741339066799434315e-02,-9.771703481728974960e-01,-2.106356179874398771e-01,0.000000000000000000e+00,4.224282298087998939e-03,2.108282023055558230e-01,-9.775140022279342755e-01,0.000000000000000000e+00,6.208953120491779165e-01,2.946056353873465761e-01,3.099291602085006356e-02,1.000000000000000000e+00
9.995755617720506470e-01,2.878407822776454447e-02,-9.591923036778685378e-04,0.000000000000000000e+00,2.805520564642816073e-02,-9.807090308093536768e-01,-1.933997136148937201e-01,0.000000000000000000e+00,-6.507646332775757214e-03,1.932944385627485273e-01,-9.811192132253445664e-01,0.000000000000000000e+00,6.189011839158294892e-01,2.898638667647016609e-01,3.181634982429987213e-02,1.000000000000000000e+00
9.995011512890894512e-01,2.982620943842416439e-02,-9.412369708436332458e-03,0.000000000000000000e+00,2.764920715640762847e-02,-9.832986606965973264e-01,-1.798332897911514294e-01,0.000000000000000000e+00,-1.461919735844947194e-02,1.794867913033838802e-01,-9.836517528150957590e-01,0.000000000000000000e+00,6.177321995669240451e-01,2.857693344684848480e-01,3.227054654132428813e-02,1.000000000000000000e+00
9.992683997815098307e-01,2.807424519963692619e-02,-2.559782912239661271e-02,0.000000000000000000e+00,2.397748599844215164e-02,-9.886456148839815050e-01,-1.482756731128771766e-01,0.000000000000000000e+00,-2.947047651451478734e-02,1.475562639239848817e-01,-9.886145052500507902e-01,0.000000000000000000e+00,6.162962623185961331e-01,2.755423158166012687e-01,3.474328356254516997e-02,1.000000000000000000e+00
9.989321944908741147e-01,2.618199494030625310e-02,-3.781164968367260043e-02,0.000000000000000000e+00,2.168201443660534855e-02,-9.931343380417875233e-01,-1.148687240003988391e-01,0.000000000000000000e+00,-4.056032094130595372e-02,1.139284272850373952e-01,-9.926606539102353910e-01,0.000000000000000000e+00,6.159459324391237667e-01,2.643045179698969571e-01,3.999269453710316974e-02,1.000000000000000000e+00
9.986826249406020040e-01,2.518460154110088375e-02,-4.449154288371490878e-02,0.000000000000000000e+00,2.077221740548144957e-02,-9.950587391590790531e-01,-9.699158472987090551e-02,0.000000000000000000e+00,-4.671529239351270013e-02,9.594146960428291682e-02,-9.942901567785729089e-01,0.000000000000000000e+00,6.155910067370151673e-01,2.584884858297406551e-01,4.323806828787130768e-02,1.000000000000000000e+00
9.983495157747018789e-01,2.461949050165796252e-02,-5.169982534849594524e-02,0.000000000000000000e+00,2.051013747911956467e-02,-9.966885092908620569e-01,-7.856269222318651435e-02,0.000000000000000000e+00,-5.346382465646161430e-02,7.737414490548702450e-02,-9.955676075250979862e-01,0.000000000000000000e+00,6.149198381658341761e-01,2.529214630158949650e-01,4.711535342439886198e-02,1.000000000000000000e+00
9.979600886633497314e-01,2.360040740513669882e-02,-5.915597270402113417e-02,0.000000000000000000e+00,2.004999836279288544e-02,-9.979928496905625668e-01,-5.990840035729903812e-02,0.000000000000000000e+00,-6.045226432394282257e-02,5.860124363191761276e-02,-9.964494056312647174e-01,0.000000000000000000e+00,6.139771921547295674e-01,2.474971640202148215e-01,5.139526983865867066e-02,1.000000000000000000e+00
9.972030086502711166e-01,1.826490190839846761e-02,-7.234154959863861589e-02,0.000000000000000000e+00,1.653301812640991728e-02,-9.995542850881472541e-01,-2.446706714673629532e-02,0.000000000000000000e+00,-7.275759528182701441e-02,2.320305555148757456e-02,-9.970797112276835739e-01,0.000000000000000000e+00,6.117155193894606713e-01,2.379559246765014235e-01,6.156141804643350951e-02,1.000000000000000000e+00
9.964728360852361799e-01,6.829317813461828826e-03,-8.352241773115222367e-02,0.000000000000000000e+00,7.636668600532897817e-03,-9.999174945337948595e-01,9.350525073616234792e-03,0.000000000000000000e+00,-8.345327570184983557e-02,-9.955568939472889817e-03,-9.964619598467985284e-01,0.000000000000000000e+00,6.086579505960517666e-01,2.302543512490475841e-01,7.329697383430010260e-02,1.000000000000000000e+00
9.961237758462471170e-01,1.154752611166523632e-03,-8.784552715665544520e-02,0.000000000000000000e+00,3.469176199241621496e-03,-9.996411198091447181e-01,2.619815459962322041e-02,0.000000000000000000e+00,-8.778543889139971135e-02,-2.640186460970962365e-02,-9.957894648286730321e-01,0.000000000000000000e+00,6.069550811818523739e-01,2.267856153956761545e-01,7.960873179269031819e-02,1.000000000000000000e+00
9.957705413903665814e-01,-4.427968064693178774e-03,-9.166334545041854298e-02,0.000000000000000000e+00,-4.406887269315529362e-04,-9.990448535667683094e-01,4.347336260756390347e-02,0.000000000000000000e+00,-9.177005905225765758e-02,-4.324993151198486263e-02,-9.948405398282449408e-01,0.000000000000000000e+00,6.050392062906284618e-01,2.233802607561986009e-01,8.620988827854349223e-02,1.000000000000000000e+00
9.953519029797223139e-01,-7.691463277421092988e-03,-9.589670238598406449e-02,0.000000000000000000e+00,-1.774003162723547652e-03,-9.980872763249338808e-01,6.163918114529100267e-02,0.000000000000000000e+00,-9.618922593186846060e-02,-6.118373317420886665e-02,-9.934808420948514351e-01,0.000000000000000000e+00,6.027206297432901039e-01,2.197280261627131970e-01,9.309540894110700238e-02,1.000000000000000000e+00
9.934152399270610445e-01,-9.311372519235663198e-03,-1.141061186951698447e-01,0.000000000000000000e+00,4.387769952267092134e-03,-9.928485457989971730e-01,1.192193754423791219e-01,0.000000000000000000e+00,-1.144023926300890698e-01,-1.189373057697239028e-01,-9.862890092953232601e-01,0.000000000000000000e+00,5.929479908748683803e-01,2.070458556103216552e-01,1.145120950124886711e-01,1.000000000000000000e+00
9.924700393306060686e-01,-1.222349937369342568e-02,-1.217971838565044818e-01,0.000000000000000000e+00,4.821324443635453122e-03,-9.903165688485873197e-01,1.386744215628054888e-01,0.000000000000000000e+00,-1.223152108641526598e-01,-1.382200935273954490e-01,-9.828195128997674335e-01,0.000000000000000000e+00,5.887745336411369657e-01,2.022875772855949605e-01,1.219460848971083838e-01,1.000000000000000000e+00
9.914704382469887722e-01,-1.647004468062087876e-02,-1.292124398490755721e-01,0.000000000000000000e+00,4.096496115998294989e-03,-9.875312373272132627e-01,1.573086803827532798e-01,0.000000000000000000e+00,-1.301947082483591589e-01,-1.564992376324072509e-01,-9.790594091088652418e-01,0.000000000000000000e+00,5.844507206318388937e-01,1.974484661973287813e-01,1.296448951605549127e-01,1.000000000000000000e+00
9.903555616445405274e-01,-2.201661902169409213e-02,-1.367182391189592228e-01,0.000000000000000000e+00,2.208183180818184491e-03,-9.846347037992578821e-01,1.745576434946242428e-01,0.000000000000000000e+00,-1.384633578617062988e-01,-1.731793662180461657e-01,-9.751086122304412074e-01,0.000000000000000000e+00,5.798147521382360781e-01,1.926728080659180775e-01,1.373832019782633973e-01,1.000000000000000000e+00
9.862817094748473901e-01,-4.118678364060467806e-02,-1.597898160394564948e-01,0.000000000000000000e+00,-5.973538900155900798e-03,-9.766171633712193989e-01,2.148580460279984894e-01,0.000000000000000000e+00,-1.649059636820711938e-01,-2.109601118848344892e-01,-9.634842263034851806e-01,0.000000000000000000e+00,5.645730484405933058e-01,1.796153619266970258e-01,1.609880138209983380e-01,1.000000000000000000e+00
9.844198508401007519e-01,-5.022805566553293494e-02,-1.684501308910800188e-01,0.000000000000000000e+00,-1.104558229210360516e-02,-9.740784175925046862e-01,2.258981593407060062e-01,0.000000000000000000e+00,-1.754334399010896717e-01,-2.205222482769899350e-01,-9.594754015498950794e-01,0.000000000000000000e+00,5.587611125088771669e-01,1.755408604614842605e-01,1.687569992808983510e-01,1.000000000000000000e+00
9.811076040233561724e-01,-6.036304508917607337e-02,-1.837523306418715474e-01,0.000000000000000000e+00,-1.368944024930602438e-02,-9.693316122636461696e-01,2.453356305008088378e-01,0.000000000000000000e+00,-1.929298631419047449e-01,-2.381897719624261334e-01,-9.518632782288291017e-01,0.000000000000000000e+00,5.475957179660085883e-01,1.675435091770510476e-01,1.843823858616289724e-01,1.000000000000000000e+00
9.798982671861680149e-01,-5.890984708549142773e-02,-1.905512077713426011e-01,0.000000000000000000e+00,-9.067039605999180352e-03,-9.675458052809482457e-01,2.524948521796684386e-01,0.000000000000000000e+00,-1.992452909914303183e-01,-2.456962631908790051e-01,-9.486488603649816387e-01,0.000000000000000000e+00,5.424494941849503649e-01,1.637779863169838146e-01,1.921128281952926842e-01,1.000000000000000000e+00
9.786018647278649230e-01,-5.355408734768448559e-02,-1.986230021440376636e-01,0.000000000000000000e+00,-6.219518075362369175e-04,-9.662762191182474591e-01,2.574696650941659670e-01,0.000000000000000000e+00,-2.057171971690084922e-01,-2.518416091681890956e-01,-9.456512246491854956e-01,0.000000000000000000e+00,5.371493116434923332e-01,1.600674148767380622e-01,1.995550005763646051e-01,1.000000000000000000e+00
9.750472391412517981e-01,-3.587144113048412741e-02,-2.190362254410277709e-01,0.000000000000000000e+00,2.306348856005275769e-02,-9.651272650344278059e-01,2.607262638934059740e-01,0.000000000000000000e+00,-2.207547102420319707e-01,-2.592771551492576987e-01,-9.402354570657629473e-01,0.000000000000000000e+00,5.261305326235732327e-01,1.527014976145198988e-01,2.139282171115964026e-01,1.000000000000000000e+00
9.685498795355875767e-01,-1.838664681002923768e-02,-2.481004009909905106e-01,0.000000000000000000e+00,4.840716290030223218e-02,-9.642667457526340469e-01,2.604364346952571241e-01,0.000000000000000000e+00,-2.440282173240870545e-01,-2.642606018126438250e-01,-9.330683594888680155e-01,0.000000000000000000e+00,5.136465394667237838e-01,1.443349860894526659e-01,2.280699608657016653e-01,1.000000000000000000e+00
9.647398631998052032e-01,-1.538687070562938693e-02,-2.627184566495436302e-01,0.000000000000000000e+00,5.583606134591497655e-02,-9.635843879393108935e-01,2.614731505799537947e-01,0.000000000000000000e+00,-2.571796083163844227e-01,-2.669278745718540735e-01,-9.287670099883951202e-01,0.000000000000000000e+00,5.074050937795990812e-01,1.394979544996465814e-01,2.353988367412489235e-01,1.000000000000000000e+00
9.607113015595084571e-01,-1.644140450984104065e-02,-2.770274754871570044e-01,0.000000000000000000e+00,6.000405157850838972e-02,-9.623138407559346241e-01,2.652024369890555455e-01,0.000000000000000000e+00,-2.709528911572806065e-01,-2.714109748466162486e-01,-9.235370125264716901e-01,0.000000000000000000e+00,5.011348471871299726e-01,1.340900070358858609e-01,2.427747520019520877e-01,1.000000000000000000e+00
9.560838947020854350e-01,-1.519239342569396987e-02,-2.926662337450273155e-01,0.000000000000000000e+00,6.708418928759736499e-02,-9.607838807979804940e-01,2.690256360416353187e-01,0.000000000000000000e+00,-2.852816356959336774e-01,-2.768496851183701035e-01,-9.175884917458979606e-01,0.000000000000000000e+00,4.948584573840146827e-01,1.285025619097444061e-01,2.503168464636632562e-01,1.000000000000000000e+00
9.456618110623435935e-01,-7.520306527912147196e-03,-3.250352765304451719e-01,0.000000000000000000e+00,8.665771095496707654e-02,-9.577268074844038637e-01,2.742818810256806294e-01,0.000000000000000000e+00,-3.133637147542368551e-01,-2.875502496294382038e-01,-9.050513997632801955e-01,0.000000000000000000e+00,4.828098756483212850e-01,1.173203851428983036e-01,2.657090337403303359e-01,1.000000000000000000e+00
9.340006474199503694e-01,8.443460224469538243e-05,-3.572443566959734862e-01,0.000000000000000000e+00,1.034452188576212572e-01,-9.572132410921226908e-01,2.702270243232919866e-01,0.000000000000000000e+00,-3.419427954819311277e-01,-2.893530072744210924e-01,-8.940637347523111567e-01,0.000000000000000000e+00,4.716636373949732453e-01,1.073321263088279215e-01,2.811769807526142140e-01,1.000000000000000000e+00
9.266765355260955239e-01,2.302653341200782029e-03,-3.758271453662592743e-01,0.000000000000000000e+00,1.092691905253722479e-01,-9.584262870213324792e-01,2.635527333374491077e-01,0.000000000000000000e+00,-3.596026683789084188e-01,-2.852999547174262518e-01,-8.884198651161528959e-01,0.000000000000000000e+00,4.657774970861302544e-01,1.027217159961682363e-01,2.887079051801102469e-01,1.000000000000000000e+00
9.175625962525290058e-01,4.506228538522577369e-03,-3.975415987841844356e-01,0.000000000000000000e+00,1.147472372059114287e-01,-9.603736605962528428e-01,2.539611200317316020e-01,0.000000000000000000e+00,-3.806514023359463539e-01,-2.786473896041419818e-01,-8.817370028338806787e-01,0.000000000000000000e+00,4.593874622618276393e-01,9.805910838555216558e-02,2.961106576249976641e-01,1.000000000000000000e+00
9.063486225942158914e-01,7.479045320599922615e-03,-4.224416943246342426e-01,0.000000000000000000e+00,1.202305210765956534e-01,-9.630631025542405466e-01,2.409041909171752427e-01,0.000000000000000000e+00,-4.050440737763277843e-01,-2.691387484029983401e-01,-8.737869490938533490e-01,0.000000000000000000e+00,4.522747574968875028e-01,9.364697348218820050e-02,3.035743195567086050e-01,1.000000000000000000e+00
8.803039802235478328e-01,1.605364089354971782e-02,-4.741180548321790589e-01,0.000000000000000000e+00,1.294530593177750377e-01,-9.696160598941702125e-01,2.075267422039434040e-01,0.000000000000000000e+00,-4.563897073720388220e-01,-2.440673488935556912e-01,-8.556515436840727018e-01,0.000000000000000000e+00,4.376342778321124505e-01,8.445059914920313715e-02,3.179864688812366613e-01,1.000000000000000000e+00
8.561264243901376414e-01,3.133418427126594824e-02,-5.157969186203233969e-01,0.000000000000000000e+00,1.373326756449454178e-01,-9.760516771391450908e-01,1.686523247846602458e-01,0.000000000000000000e+00,-4.981694557657366795e-01,-2.152276265052784354e-01,-8.399430112400330106e-01,0.000000000000000000e+00,4.253784623502519513e-01,7.507919789431310997e-02,3.312008532214467671e-01,1.000000000000000000e+00
8.452915659892873412e-01,4.597812984269777220e-02,-5.323052948682313046e-01,0.000000000000000000e+00,1.457027249956118764e-01,-9.783564975805597586e-01,1.468673771535446149e-01,0.000000000000000000e+00,-5.140415534872599945e-01,-2.017079707222404206e-01,-8.337116862774085480e-01,0.000000000000000000e+00,4.205288694355302503e-01,7.018860651867138423e-02,3.374266809280026536e-01,1.000000000000000000e+00
8.350332742173355305e-01,6.299844644343496891e-02,-5.465632384242448127e-01,0.000000000000000000e+00,1.564181060975679272e-01,-9.796032367619517123e-01,1.260619748836495357e-01,0.000000000000000000e+00,-5.274835645754030189e-01,-1.907620030179610071e-01,-8.278713349956030587e-01,0.000000000000000000e+00,4.163582296826052187e-01,6.490241786407735525e-02,3.433566051656903317e-01,1.000000000000000000e+00
8.005207607344861920e-01,1.154470522895031381e-01,-5.880639732647738871e-01,0.000000000000000000e+00,1.954354220952697618e-01,-9.779061445717383005e-01,7.406291312452303877e-02,0.000000000000000000e+00,-5.665319353480129383e-01,-1.742207846806568539e-01,-8.054121208524808173e-01,0.000000000000000000e+00,4.047904922635878755e-01,4.529174109399001363e-02,3.603357720729693514e-01,1.000000000000000000e+00
7.859554453000169305e-01,1.348188527379574619e-01,-6.033893120124697029e-01,0.000000000000000000e+00,2.091396147039273901e-01,-9.763692670264355611e-01,5.426253651426639346e-02,0.000000000000000000e+00,-5.818263693422637273e-01,-1.688437950462007842e-01,-7.955940226097706347e-01,0.000000000000000000e+00,4.006899823489856183e-01,3.841945973648427243e-02,3.659347018193276346e-01,1.000000000000000000e+00
7.523778145832833442e-01,1.800767196637501621e-01,-6.336250831992324972e-01,0.000000000000000000e+00,2.357384181348723406e-01,-9.717994664905214020e-01,3.733904821277384337e-03,0.000000000000000000e+00,-6.150959709797696462e-01,-1.521820119285684780e-01,-7.736262545504951627e-01,0.000000000000000000e+00,3.929280535169140109e-01,2.409456657121913925e-02,3.772027426463538391e-01,1.000000000000000000e+00
7.338955474207148333e-01,2.077423331930116635e-01,-6.467002361038547420e-01,0.000000000000000000e+00,2.495918773502770194e-01,-9.679451232260908311e-01,-2.769259982017982166e-02,0.000000000000000000e+00,-6.317354278893154707e-01,-1.410903667342641166e-01,-7.622360904367456724e-01,0.000000000000000000e+00,3.896157913501497871e-01,1.676434363082000140e-02,3.827945201884334070e-01,1.000000000000000000e+00
7.154432639738153021e-01,2.346003823240115638e-01,-6.580914401123371116e-01,0.000000000000000000e+00,2.603635564329839780e-01,-9.636059267357819369e-01,-6.045811229646363971e-02,0.000000000000000000e+00,-6.483367907779552519e-01,-1.280911447621391475e-01,-7.505012087646938390e-01,0.000000000000000000e+00,3.865038117357150749e-01,9.117784561911392721e-03,3.881116559038856328e-01,1.000000000000000000e+00
6.778043368572804761e-01,2.912700110241919216e-01,-6.750731875260914672e-01,0.000000000000000000e+00,2.774395177331283602e-01,-9.516180199334524081e-01,-1.320272889941800365e-01,0.000000000000000000e+00,-6.808805090042776564e-01,-9.780519357109399015e-02,-7.258346068964999231e-01,0.000000000000000000e+00,3.804512669577347905e-01,-6.639724282923673698e-03,3.977513390437329988e-01,1.000000000000000000e+00
6.415239780621964094e-01,3.497339136070461985e-01,-6.827253636313521667e-01,0.000000000000000000e+00,2.892388455603388531e-01,-9.346026309193868897e-01,-2.069771953590327507e-01,0.000000000000000000e+00,-7.104775444999348322e-01,-6.469110778090074454e-02,-7.007401225386076238e-01,0.000000000000000000e+00,3.748941445324444066e-01,-2.195807969327791612e-02,4.052633425829624825e-01,1.000000000000000000e+00
6.241367282323641019e-01,3.792288257937554974e-01,-6.830955929148554429e-01,0.000000000000000000e+00,2.938261220794006756e-01,-9.240418202468385633e-01,-2.445274449216257862e-01,0.000000000000000000e+00,-7.239546892627649610e-01,-4.809369559197031879e-02,-6.881690230886308157e-01,0.000000000000000000e+00,3.725218767977161449e-01,-2.917216299639262961e-02,4.079813711981716828e-01,1.000000000000000000e+00
6.056490668555887247e-01,4.100344137664178046e-01,-6.819396851961271322e-01,0.000000000000000000e+00,2.991868036924231755e-01,-9.114609161022746431e-01,-2.823242848490400414e-01,0.000000000000000000e+00,-7.373382388714140312e-01,-3.303855114984328989e-02,-6.747153293322455392e-01,0.000000000000000000e+00,3.702288517744680707e-01,-3.602233165991661212e-02,4.101906710288484303e-01,1.000000000000000000e+00
5.862216993426805356e-01,4.409784899055470553e-01,-6.796049128439343168e-01,0.000000000000000000e+00,3.047029481437951715e-01,-8.972875709325076610e-01,-3.193929794840957292e-01,0.000000000000000000e+00,-7.506609277678635284e-01,-1.984290736272102673e-02,-6.603896051196480599e-01,0.000000000000000000e+00,3.679912516483432872e-01,-4.269964967931237643e-02,4.121904559875589902e-01,1.000000000000000000e+00
5.432932801966239289e-01,5.082173632524713547e-01,-6.682277084071764905e-01,0.000000000000000000e+00,3.197261857939248664e-01,-8.612171076806131031e-01,-3.950455751645828295e-01,0.000000000000000000e+00,-7.762731005438672227e-01,9.757286932874793253e-04,-6.303960035767424142e-01,0.000000000000000000e+00,3.647144611055512242e-01,-5.602929656091032440e-02,4.148225469628046280e-01,1.000000000000000000e+00
4.982606198885822790e-01,5.829714909287970759e-01,-6.417642420186009389e-01,0.000000000000000000e+00,3.419250447129630333e-01,-8.123239472576151421e-01,-4.724381604094378684e-01,0.000000000000000000e+00,-7.967537810101481544e-01,1.596237084233985415e-02,-6.040932172795224764e-01,0.000000000000000000e+00,3.645393132880638265e-01,-6.921450552532767975e-02,4.157880346809510463e-01,1.000000000000000000e+00
4.749700122654786361e-01,6.219745394847535636e-01,-6.225206073556664998e-01,0.000000000000000000e+00,3.554148022524725725e-01,-7.827327918792393868e-01,-5.108722362371784786e-01,0.000000000000000000e+00,-8.050323162337410521e-01,2.139636569660437887e-02,-5.928449758194087593e-01,0.000000000000000000e+00,3.656430399183512314e-01,-7.548797549144194152e-02,4.155983286004178989e-01,1.000000000000000000e+00
4.463619965453196059e-01,6.655304852641604763e-01,-5.981729583701821396e-01,0.000000000000000000e+00,3.708996567656677179e-01,-7.459372734136106020e-01,-5.531652335826852118e-01,0.000000000000000000e+00,-8.143635109550827478e-01,2.505027543084847180e-02,-5.798142424309267184e-01,0.000000000000000000e+00,3.675547772343308317e-01,-8.304188971253211038e-02,4.150801056341029693e-01,1.000000000000000000e+00
3.914348942939321341e-01,7.286986721934162192e-01,-5.619232292527678307e-01,0.000000000000000000e+00,3.905899439309833965e-01,-6.844838803727355536e-01,-6.155502092527320723e-01,0.000000000000000000e+00,-8.331940541487953267e-01,2.146668178424037537e-02,-5.525638874413242307e-01,0.000000000000000000e+00,3.712896582637601472e-01,-9.723938702642062615e-02,4.137962787882171201e-01,1.000000000000000000e+00
3.288650655273366308e-01,7.818376692009545437e-01,-5.296776138325347549e-01,0.000000000000000000e+00,3.984250055936232604e-01,-6.233828844192168539e-01,-6.727793406698120426e-01,0.000000000000000000e+00,-8.562126750662740760e-01,1.021701240992058980e-02,-5.165224755160906511e-01,0.000000000000000000e+00,3.747462433828833150e-01,-1.117017786629948273e-01,4.135732664460955443e-01,1.000000000000000000e+00
2.959559146192978218e-01,8.085476266921242106e-01,-5.085681654150172593e-01,0.000000000000000000e+00,3.977581746879651492e-01,-5.883832028925666258e-01,-7.039704453483761615e-01,0.000000000000000000e+00,-8.684433191289299137e-01,6.057188457796520986e-03,-4.957514618519183180e-01,0.000000000000000000e+00,3.764232077874141713e-01,-1.179659999475267673e-01,4.137818185941916638e-01,1.000000000000000000e+00
2.352589875049511114e-01,8.610925067212044093e-01,-4.507256932635924640e-01,0.000000000000000000e+00,3.917399896837280293e-01,-5.084149053866252599e-01,-7.668342789446165320e-01,0.000000000000000000e+00,-8.894880375931594196e-01,3.837451502161727535e-03,-4.569423431294574178e-01,0.000000000000000000e+00,3.809012460932469368e-01,-1.282437173709082556e-01,4.133812902724997018e-01,1.000000000000000000e+00
2.100850156420396575e-01,8.831146787404580145e-01,-4.194681123721204496e-01,0.000000000000000000e+00,3.865531944390792618e-01,-4.691134419016004253e-01,-7.940339749641607270e-01,0.000000000000000000e+00,-8.980184783108160484e-01,4.667991121176997930e-03,-4.399329749759831598e-01,0.000000000000000000e+00,3.835963365357369925e-01,-1.327982752968728808e-01,4.124709736818451544e-01,1.000000000000000000e+00
1.883314838073331110e-01,9.017503296522327849e-01,-3.890479945716543986e-01,0.000000000000000000e+00,3.803282354305820290e-01,-4.321930408016902425e-01,-8.176431713883854924e-01,0.000000000000000000e+00,-9.054712682568771820e-01,6.022130363935100476e-03,-4.243648386791277205e-01,0.000000000000000000e+00,3.864098478702531758e-01,-1.371365417618845284e-01,4.111429302848215728e-01,1.000000000000000000e+00
1.480409049354925732e-01,9.330683368162536739e-01,-3.277927946097030087e-01,0.000000000000000000e+00,3.670442341439574818e-01,-3.596102497544989007e-01,-8.578693055205967033e-01,0.000000000000000000e+00,-9.183460158517063876e-01,6.685421765311361578e-03,-3.957219987631687141e-01,0.000000000000000000e+00,3.916703975615404842e-01,-1.459804650229319656e-01,4.075829843288933385e-01,1.000000000000000000e+00
1.101448978097903791e-01,9.579610468818714475e-01,-2.648763504820089154e-01,0.000000000000000000e+00,3.569059268686463615e-01,-2.868447948751454146e-01,-8.889988582221443059e-01,0.000000000000000000e+00,-9.276225389289460832e-01,3.382814147187596359e-03,-3.735036570630348995e-01,0.000000000000000000e+00,3.962966652535699352e-01,-1.553022865741370551e-01,4.028262810000897143e-01,1.000000000000000000e+00
9.174885279559247264e-02,9.673858070673105880e-01,-2.360669294853246780e-01,0.000000000000000000e+00,3.560157075066774368e-01,-2.532649779520914635e-01,-8.994945324195443570e-01,0.000000000000000000e+00,-9.299636345703617968e-01,-1.515972661417199418e-03,-3.676483920862055332e-01,0.000000000000000000e+00,3.985615995562483693e-01,-1.606691637813530138e-01,3.995584099953759516e-01,1.000000000000000000e+00
7.357721639077421938e-02,9.751584159933764928e-01,-2.088856238391774145e-01,0.000000000000000000e+00,3.547913004478723820e-01,-2.213455711019581829e-01,-9.083556672258195075e-01,0.000000000000000000e+00,-9.320445260595467962e-01,-7.276660737774664177e-03,-3.622706883684381207e-01,0.000000000000000000e+00,4.003262139840537692e-01,-1.662730427746335615e-01,3.965326040861516521e-01,1.000000000000000000e+00
5.557647169418692551e-02,9.814247006497974768e-01,-1.835689506689215655e-01,0.000000000000000000e+00,3.520539240687936555e-01,-1.913071695294313590e-01,-9.162097731063610917e-01,0.000000000000000000e+00,-9.343269473583096785e-01,-1.370672679616669748e-02,-3.561534515916385257e-01,0.000000000000000000e+00,4.015787133916846607e-01,-1.717801478643024571e-01,3.935863457419911393e-01,1.000000000000000000e+00
2.303093093477500200e-02,9.898931325312049223e-01,-1.398638955879754064e-01,0.000000000000000000e+00,3.408444164268396581e-01,-1.392938381806345660e-01,-9.297327881368726565e-01,0.000000000000000000e+00,-9.398363756677132752e-01,-2.625972182051016998e-02,-3.406141717276109371e-01,0.000000000000000000e+00,4.024159978548059735e-01,-1.820729909878538999e-01,3.884237408060071672e-01,1.000000000000000000e+00
2.762612577379086609e-03,9.933803482306451382e-01,-1.147545146045150233e-01,0.000000000000000000e+00,3.260804357909223294e-01,-1.093774007627861811e-01,-9.389828968080236038e-01,0.000000000000000000e+00,-9.453369082118966427e-01,-3.482582667563180467e-02,-3.242303066783410737e-01,0.000000000000000000e+00,4.017320408835273748e-01,-1.897811998555199164e-01,3.837621082161888908e-01,1.000000000000000000e+00
-3.486054684331765449e-03,9.945300994615090540e-01,-1.042999309157340848e-01,0.000000000000000000e+00,3.193772248810545777e-01,-9.773061285539548504e-02,-9.425644075814625378e-01,0.000000000000000000e+00,-9.476202148156533944e-01,-3.659755817588971477e-02,-3.172956778909814535e-01,0.000000000000000000e+00,4.014384504812641419e-01,-1.924009826606009610e-01,3.814128254428603704e-01,1.000000000000000000e+00
-7.240576478159008351e-03,9.953475851904510785e-01,-9.597658885900199610e-02,0.000000000000000000e+00,3.137094978647363974e-01,-8.887259607526691585e-02,-9.453405521384903309e-01,0.000000000000000000e+00,-9.494904050005715801e-01,-3.695428954797901067e-02,-3.116125018285610948e-01,0.000000000000000000e+00,4.011849725964055646e-01,-1.944637779918933218e-01,3.792080447440198676e-01,1.000000000000000000e+00
-1.267934327371706381e-02,9.973758670957302286e-01,-7.114324205710625959e-02,0.000000000000000000e+00,3.020432721420498456e-01,-6.400493212666934217e-02,-9.511329966510426726e-01,0.000000000000000000e+00,-9.532089678637576391e-01,-3.354872530214261794e-02,-3.004449144430828555e-01,0.000000000000000000e+00,4.009316829483301481e-01,-1.971955336497822897e-01,3.734182237128521042e-01,1.000000000000000000e+00
-1.432786557294816847e-02,9.977860056011168544e-01,-6.479618967115238770e-02,0.000000000000000000e+00,3.001885269250620381e-01,-5.752093804462005133e-02,-9.521338860109100910e-01,0.000000000000000000e+00,-9.537713675862614648e-01,-3.309375621131101924e-02,-2.987055099466004449e-01,0.000000000000000000e+00,4.010542550784285676e-01,-1.973191681057403501e-01,3.724012822135709389e-01,1.000000000000000000e+00
-1.558973050817445694e-02,9.980147586836739526e-01,-6.086253899944626261e-02,0.000000000000000000e+00,2.994657914334551974e-01,-5.341513913626030896e-02,-9.526005508991671755e-01,0.000000000000000000e+00,-9.539787569636615228e-01,-3.307767112824527844e-02,-2.980442902234481384e-01,0.000000000000000000e+00,4.011458054519901895e-01,-1.972935422594609134e-01,3.719908264436552203e-01,1.000000000000000000e+00
-1.664062171659817790e-02,9.981427181545425853e-01,-5.843758041838008344e-02,0.000000000000000000e+00,3.000812365802443260e-01,-5.076556770307584510e-02,-9.525517600054413947e-01,0.000000000000000000e+00,-9.537675828413549883e-01,-3.338771771546290845e-02,-2.986848811485303679e-01,0.000000000000000000e+00,4.011593666591009577e-01,-1.971812653682014083e-01,3.723479288197500958e-01,1.000000000000000000e+00
-1.659856702361393183e-02,9.981232264659876119e-01,-5.878145339388582413e-02,0.000000000000000000e+00,3.009002172331188829e-01,-5.107755630262156982e-02,-9.522766874246278990e-01,0.000000000000000000e+00,-9.535102507629454882e-01,-3.349442538822239301e-02,-2.994934476042799276e-01,0.000000000000000000e+00,4.011181567000133286e-01,-1.971796435236116973e-01,3.727847622899529423e-01,1.000000000000000000e+00
-1.661624779900371801e-02,9.980595398259236584e-01,-5.984815930967401360e-02,0.000000000000000000e+00,3.026974768609403954e-01,-5.202609074848286302e-02,-9.516555418241726683e-01,0.000000000000000000e+00,-9.529409049785846353e-01,-3.392948436777001864e-02,-3.012514260698754276e-01,0.000000000000000000e+00,4.010751013389438069e-01,-1.970902041586530817e-01,3.737211026958044968e-01,1.000000000000000000e+00
-1.667766510324011561e-02,9.979877752005144043e-01,-6.101641531784864764e-02,0.000000000000000000e+00,3.034942911132798571e-01,-5.309278571126819363e-02,-9.513427974543526844e-01,0.000000000000000000e+00,-9.526863555123634697e-01,-3.438497230475591471e-02,-3.020039431864623980e-01,0.000000000000000000e+00,4.010408817668777437e-01,-1.971160680739541260e-01,3.742101208814436197e-01,1.000000000000000000e+00
-1.630614789873458328e-02,9.978955785366216968e-01,-6.260407957133466705e-02,0.000000000000000000e+00,3.031942565698619863e-01,-5.472936665409373902e-02,-9.513457237565630109e-01,0.000000000000000000e+00,-9.527883171488958913e-01,-3.449464556709343210e-02,-3.016695909961355504e-01,0.000000000000000000e+00,4.009176104680865493e-01,-1.974817963995091075e-01,3.742549663812916871e-01,1.000000000000000000e+00
-1.590513876947077798e-02,9.977666605150466994e-01,-6.472607377698395836e-02,0.000000000000000000e+00,3.026543939609920852e-01,-5.689308531276453945e-02,-9.513906881827819406e-01,0.000000000000000000e+00,-9.529667233930714243e-01,-3.472230006385036705e-02,-3.010793682465624510e-01,0.000000000000000000e+00,4.006771140415070209e-01,-1.982074784577163573e-01,3.743348046588236833e-01,1.000000000000000000e+00
-1.585154599691230085e-02,9.975313631723063956e-01,-6.826898914087127512e-02,0.000000000000000000e+00,3.019598518403771026e-01,-6.031352510202987738e-02,-9.514006902811836808e-01,0.000000000000000000e+00,-9.531879227107433739e-01,-3.569635291516527059e-02,-3.002641410274191625e-01,0.000000000000000000e+00,4.003347267119818365e-01,-1.995506436636360348e-01,3.745677874443957833e-01,1.000000000000000000e+00
-1.423202922539126662e-02,9.974100309169759981e-01,-7.036637315886819233e-02,0.000000000000000000e+00,3.015045721463983086e-01,-6.281704890991002266e-02,-9.513830764956227037e-01,0.000000000000000000e+00,-9.533575867335214449e-01,-3.475656415354993339e-02,-2.998354433116212636e-01,0.000000000000000000e+00,3.998409744016625522e-01,-2.008857096536921516e-01,3.747624581793573828e-01,1.000000000000000000e+00
-1.513634322890855879e-02,9.974102305991408013e-01,-7.017456740895362810e-02,0.000000000000000000e+00,3.018057736047493611e-01,-6.235158302060556795e-02,-9.513181917817358224e-01,0.000000000000000000e+00,-9.532483453884799118e-01,-3.557925328582937224e-02,-3.000861688744549394e-01,0.000000000000000000e+00,4.000268099119399512e-01,-2.005058478511293762e-01,3.748256798569827852e-01,1.000000000000000000e+00
-1.514246931438024794e-02,9.974127853706460378e-01,-7.013692396620190006e-02,0.000000000000000000e+00,3.017404865062366937e-01,-6.231627598887014285e-02,-9.513412150490835328e-01,0.000000000000000000e+00,-9.532689164315126806e-01,-3.556948953889473714e-02,-3.000219731610204166e-01,0.000000000000000000e+00,4.000254775259624029e-01,-2.005061488030611960e-01,3.747930987643041112e-01,1.000000000000000000e+00
-1.508449412295190251e-02,9.974132279271166190e-01,-7.014312292928649717e-02,0.000000000000000000e+00,3.017354224608229107e-01,-6.233978103710803575e-02,-9.513412812623253112e-01,0.000000000000000000e+00,-9.532714385580272065e-01,-3.551585058609277312e-02,-3.000203139566652299e-01,0.000000000000000000e+00,4.000152562014022695e-01,-2.005292635770145049e-01,3.747945089183842282e-01,1.000000000000000000e+00
