9.996607672763246910e-01,2.025000527624241584e-02,1.578082874978856825e-02,0.000000000000000000e+00,2.323927706014747296e-02,-9.749801668633316654e-01,-2.210302176764072646e-01,0.000000000000000000e+00,1.091034203144709835e-02,2.213262332610395622e-01,-9.751387916123718247e-01,0.000000000000000000e+00,6.228237189587020328e-01,2.956102370019630943e-01,2.864711607654048947e-02,1.000000000000000000e+00
9.996607699332354935e-01,2.024912944092194592e-02,1.578178426490466774e-02,0.000000000000000000e+00,2.323864020317781623e-02,-9.749800637861587571e-01,-2.210307393152660393e-01,0.000000000000000000e+00,1.091145505776074283e-02,2.213267674752267822e-01,-9.751386579084480033e-01,0.000000000000000000e+00,6.228247299979545737e-01,2.956100335783612421e-01,2.864670354610541689e-02,1.000000000000000000e+00
9.996608367728534450e-01,2.024718097319357438e-02,1.578005026753512632e-02,0.000000000000000000e+00,2.323637409055319056e-02,-9.749797511061312205e-01,-2.210323568018008888e-01,0.000000000000000000e+00,1.091015740752429228e-02,2.213283231616195168e-01,-9.751383193331133459e-01,0.000000000000000000e+00,6.228240591178416663e-01,2.956103232089341004e-01,2.864628062247662893e-02,1.000000000000000000e+00
9.996608723522848461e-01,2.025469150095460941e-02,1.576815338834820432e-02,0.000000000000000000e+00,2.324104384875407686e-02,-9.749800812178296416e-01,-2.210304096962737441e-01,0.000000000000000000e+00,1.089694251040992067e-02,2.213261817325143377e-01,-9.751389531362342211e-01,0.000000000000000000e+00,6.228181454107342141e-01,2.956118853899321053e-01,2.863916494814692376e-02,1.000000000000000000e+00
9.996612121120600492e-01,2.024716997273067268e-02,1.575626884610110273e-02,0.000000000000000000e+00,2.323110449470284361e-02,-9.749797638516498610e-01,-2.210328544921449367e-01,0.000000000000000000e+00,1.088696311207068210e-02,2.213282680212261544e-01,-9.751385910776584343e-01,0.000000000000000000e+00,6.228152830455334632e-01,2.956112140601276361e-01,2.863539086878767043e-02,1.000000000000000000e+00
9.996615705282292375e-01,2.025304840348141761e-02,1.572594482404337038e-02,0.000000000000000000e+00,2.323009011149964123e-02,-9.749804995951234510e-01,-2.210297157032584114e-01,0.000000000000000000e+00,1.085617302537697157e-02,2.213244890309305490e-01,-9.751397920618564141e-01,0.000000000000000000e+00,6.228038130112131254e-01,2.956105544632308679e-01,2.861740429697269203e-02,1.000000000000000000e+00
9.996607624583702112e-01,2.024580072025596381e-02,1.578652765981169645e-02,0.000000000000000000e+00,2.323642573363038366e-02,-9.749804802109544033e-01,-2.210291352468056192e-01,0.000000000000000000e+00,1.091685467633123074e-02,2.213252375405586891e-01,-9.751389447210029315e-01,0.000000000000000000e+00,6.228252704905511417e-01,2.956098953786733263e-01,2.865153649757835180e-02,1.000000000000000000e+00
9.996602288275963089e-01,2.024214450718401712e-02,1.582496089462184785e-02,0.000000000000000000e+00,2.324139099223960364e-02,-9.749798889439458272e-01,-2.210312213258691094e-01,0.000000000000000000e+00,1.095508361221021049e-02,2.213281766455006683e-01,-9.751378489043627251e-01,0.000000000000000000e+00,6.228419232020033780e-01,2.956086485360340244e-01,2.866980226677049576e-02,1.000000000000000000e+00
9.996600749671941122e-01,2.022712034955482727e-02,1.585386451805447655e-02,0.000000000000000000e+00,2.323307318530313387e-02,-9.749813529684512314e-01,-2.210256378237224761e-01,0.000000000000000000e+00,1.098672162943061838e-02,2.213231008266772215e-01,-9.751386450081354074e-01,0.000000000000000000e+00,6.228568385497310622e-01,2.955974715860357760e-01,2.868268603590750851e-02,1.000000000000000000e+00
9.996602789680354428e-01,2.021631059983356946e-02,1.585478919724329222e-02,0.000000000000000000e+00,2.322280655236442712e-02,-9.749801579965461373e-01,-2.210319878887889722e-01,0.000000000000000000e+00,1.098986514583122180e-02,2.213293526521145083e-01,-9.751371906140553492e-01,0.000000000000000000e+00,6.228591612468361571e-01,2.955985011546103380e-01,2.868470536557463091e-02,1.000000000000000000e+00
9.996594209396278963e-01,2.023565123675524768e-02,1.588418858111235663e-02,0.000000000000000000e+00,2.324834004146043506e-02,-9.749762934786619928e-01,-2.210463497575455294e-01,0.000000000000000000e+00,1.101390251863068430e-02,2.213446085864790303e-01,-9.751334566104314927e-01,0.000000000000000000e+00,6.228631995975036917e-01,2.956139341453560276e-01,2.870461783750270085e-02,1.000000000000000000e+00
9.996583818521521669e-01,2.028520109215068215e-02,1.588638129331120322e-02,0.000000000000000000e+00,2.329748446939951950e-02,-9.749684379725419570e-01,-2.210758220068133328e-01,0.000000000000000000e+00,1.100436471667606830e-02,2.213746733638775332e-01,-9.751267394294030888e-01,0.000000000000000000e+00,6.228482646591312344e-01,2.956559089434214194e-01,2.871110986717917424e-02,1.000000000000000000e+00
9.996554762987193143e-01,2.049922624058388848e-02,1.579421826892610237e-02,0.000000000000000000e+00,2.348583766889197552e-02,-9.749635018262337027e-01,-2.210776615511524934e-01,0.000000000000000000e+00,1.086707457606410875e-02,2.213766976907261819e-01,-9.751278195240391522e-01,0.000000000000000000e+00,6.227527841859266111e-01,2.957837806098483346e-01,2.866607574399207548e-02,1.000000000000000000e+00
9.996550070878444938e-01,2.060360247599637290e-02,1.568774268087150259e-02,0.000000000000000000e+00,2.356387243690493544e-02,-9.749654891172233606e-01,-2.210605931580728323e-01,0.000000000000000000e+00,1.074056992071788057e-02,2.213582546199760193e-01,-9.751334079342047767e-01,0.000000000000000000e+00,6.226846119554046988e-01,2.958388264575836368e-01,2.862190967047724410e-02,1.000000000000000000e+00
9.996559649660003988e-01,2.060323170239289695e-02,1.562707434296044945e-02,0.000000000000000000e+00,2.354795813854873576e-02,-9.750097473717965757e-01,-2.208670031912845777e-01,0.000000000000000000e+00,1.068618150723531744e-02,2.211632609749010214e-01,-9.751782491010256848e-01,0.000000000000000000e+00,6.226911325781653295e-01,2.957659934810246138e-01,2.861089499057222624e-02,1.000000000000000000e+00
9.996685464661486664e-01,2.289956961215278489e-02,1.091576012216658419e-02,0.000000000000000000e+00,2.466712817715993253e-02,-9.779099372363269094e-01,-2.075197203716870331e-01,0.000000000000000000e+00,5.922632042428644522e-03,2.077241970155971895e-01,-9.781695049447797219e-01,0.000000000000000000e+00,6.222696212417098138e-01,2.913848587328234374e-01,2.736965752275505662e-02,1.000000000000000000e+00
9.995877957798434688e-01,2.689950446490843236e-02,9.022310610078665069e-03,0.000000000000000000e+00,2.814846071986113266e-02,-9.800875629346966766e-01,-1.965115264839128184e-01,0.000000000000000000e+00,3.556660210542192304e-03,1.966882746179793306e-01,-9.804596232359337193e-01,0.000000000000000000e+00,6.218962435398156519e-01,2.883121603744314698e-01,2.694610100776046249e-02,1.000000000000000000e+00
9.995233198705637534e-01,2.984693325956064985e-02,6.560526742152491056e-03,0.000000000000000000e+00,3.054323955452104694e-02,-9.826922275018109554e-01,-1.826577220548108449e-01,0.000000000000000000e+00,9.952249594821728149e-04,1.827745514646045843e-01,-9.831543484439220215e-01,0.000000000000000000e+00,6.214098839015437248e-01,2.845076220220476015e-01,2.669734792326720896e-02,1.000000000000000000e+00
9.998110924773170316e-01,1.892034861564458048e-02,7.393705324188585030e-04,0.000000000000000000e+00,1.881423895288168724e-02,-9.882887822714471193e-01,-1.513672822979008348e-01,0.000000000000000000e+00,-2.133251218643634518e-03,1.513555126360957848e-01,-9.884770902928922132e-01,0.000000000000000000e+00,6.207590748370251932e-01,2.756319311312614984e-01,2.752990998771800979e-02,1.000000000000000000e+00
9.999518197127298391e-01,8.780854198786521361e-03,-4.188016589094821425e-05,0.000000000000000000e+00,8.695099059503247352e-03,-9.908289279222640689e-01,-1.347708341814751742e-01,0.000000000000000000e+00,-1.224922708625111965e-03,1.347665714058907671e-01,-9.908766173423706469e-01,0.000000000000000000e+00,6.207816726890579284e-01,2.710187059808005228e-01,2.893068167875989527e-02,1.000000000000000000e+00
9.999658966637107183e-01,-6.250927228666222982e-03,3.142979403576712585e-03,0.000000000000000000e+00,-5.897898747717089142e-03,-9.947606624806729636e-01,-1.019665929242647429e-01,0.000000000000000000e+00,3.763970493885415367e-03,1.019465413357993483e-01,-9.947827578098591417e-01,0.000000000000000000e+00,6.209955451747765087e-01,2.625095351619486927e-01,3.360065784164520397e-02,1.000000000000000000e+00
9.998041689671852694e-01,-1.423015551233333849e-02,1.303354484164039734e-02,0.000000000000000000e+00,-1.324301598574064570e-02,-9.972399294331589781e-01,-7.292388204804862994e-02,0.000000000000000000e+00,1.403555974826658885e-02,7.273839828578976263e-02,-9.972522892815892659e-01,0.000000000000000000e+00,6.218098518384039819e-01,2.546157989695821966e-01,4.068109431235340800e-02,1.000000000000000000e+00
9.996649024350138246e-01,-1.796829510027466922e-02,1.810994511288695208e-02,0.000000000000000000e+00,-1.681829486340319368e-02,-9.979392069409460664e-01,-6.176755709247055970e-02,0.000000000000000000e+00,1.918285128649003732e-02,6.144346351469836404e-02,-9.979262091997774808e-01,0.000000000000000000e+00,6.219681735480321327e-01,2.510421642023222821e-01,4.470112846273192886e-02,1.000000000000000000e+00
9.994597779245819602e-01,-2.277447115111234932e-02,2.328567533787396712e-02,0.000000000000000000e+00,-2.151781988074195212e-02,-9.983603133133814866e-01,-5.286222781528700926e-02,0.000000000000000000e+00,2.445187418274556712e-02,5.233362108952056835e-02,-9.983302549520421953e-01,0.000000000000000000e+00,6.221823423786659868e-01,2.476464598675625350e-01,4.934550737617603156e-02,1.000000000000000000e+00
9.992477610874569427e-01,-2.535420792880441199e-02,2.901418624079907596e-02,0.000000000000000000e+00,-2.404548029060582168e-02,-9.987059063474909015e-01,-4.459904040939549619e-02,0.000000000000000000e+00,3.010799218266509841e-02,4.386867584028621841e-02,-9.985835208367642712e-01,0.000000000000000000e+00,6.223869219404785103e-01,2.443320046217754005e-01,5.432166236577386231e-02,1.000000000000000000e+00
9.989214738754235157e-01,-2.352357373466075485e-02,3.979041857671534316e-02,0.000000000000000000e+00,-2.254032883289720790e-02,-9.994241463334475606e-01,-2.498111692804880907e-02,0.000000000000000000e+00,4.035592724096955658e-02,2.405774820790592197e-02,-9.988957022070356073e-01,0.000000000000000000e+00,6.219650780062050410e-01,2.374190842499145082e-01,6.527094600915656075e-02,1.000000000000000000e+00
9.988219044209627473e-01,-2.014609466113620462e-02,4.392818024906182395e-02,0.000000000000000000e+00,-2.033953804995935338e-02,-9.997756549743584964e-01,3.961036949482874513e-03,0.000000000000000000e+00,4.383936979871463219e-02,-4.849942739432211956e-03,-9.990268203161893901e-01,0.000000000000000000e+00,6.194520732639227090e-01,2.286975322022423707e-01,7.650508201989052182e-02,1.000000000000000000e+00
9.988517348349081892e-01,-1.890684519242467193e-02,4.380056989780157367e-02,0.000000000000000000e+00,-1.989391041863276463e-02,-9.995457445827685694e-01,2.220999135395272314e-02,0.000000000000000000e+00,4.336158722831601198e-02,-2.305629691355825378e-02,-9.987933619751759862e-01,0.000000000000000000e+00,6.176898228872802488e-01,2.234066817338616617e-01,8.254630675499138870e-02,1.000000000000000000e+00
9.989773733713334103e-01,-1.812194518098221574e-02,4.118919149700462495e-02,0.000000000000000000e+00,-1.990504735758644519e-02,-9.988541456227466586e-01,4.330048225081088026e-02,0.000000000000000000e+00,4.035808273412685304e-02,-4.407692344935729145e-02,-9.982126276386534824e-01,0.000000000000000000e+00,6.154202991029561476e-01,2.175833511155459976e-01,8.887200359861338606e-02,1.000000000000000000e+00
9.991499677721402684e-01,-1.815523889417806902e-02,3.674882450956630520e-02,0.000000000000000000e+00,-2.058440265200075017e-02,-9.975416890106817425e-01,6.684016722290025969e-02,0.000000000000000000e+00,3.544566770571343922e-02,-6.754110390288378674e-02,-9.970866581819636254e-01,0.000000000000000000e+00,6.127260953836221047e-01,2.110893826007847196e-01,9.557130854959368371e-02,1.000000000000000000e+00
9.994874474616385340e-01,-2.261983968733691577e-02,2.222458369341328080e-02,0.000000000000000000e+00,-2.553330900362478159e-02,-9.896678026267917705e-01,1.410192805129535931e-01,0.000000000000000000e+00,1.880548345395975998e-02,-1.415171925301781097e-01,-9.897571611311730688e-01,0.000000000000000000e+00,6.030221621237800145e-01,1.904119761560498780e-01,1.194295358955231451e-01,1.000000000000000000e+00
9.994675112733870659e-01,-2.565249387152814670e-02,1.968223484163541051e-02,0.000000000000000000e+00,-2.854018196817918740e-02,-9.860076788354457111e-01,1.641799689120698735e-01,0.000000000000000000e+00,1.519550160464422719e-02,-1.646574496595542003e-01,-9.862337557610744154e-01,0.000000000000000000e+00,5.996826272865747320e-01,1.834211441473503901e-01,1.283731006140505781e-01,1.000000000000000000e+00
9.994056285626022884e-01,-2.878375530845737537e-02,1.845621653916970292e-02,0.000000000000000000e+00,-3.172637080370167145e-02,-9.819076345413422224e-01,1.866322092412252831e-01,0.000000000000000000e+00,1.275056956905838181e-02,-1.871104316119336919e-01,-9.822561322576002230e-01,0.000000000000000000e+00,5.961601561738620880e-01,1.763854610013456947e-01,1.374934497833246727e-01,1.000000000000000000e+00
9.992976358997999187e-01,-3.205343367724343417e-02,1.890923519811175263e-02,0.000000000000000000e+00,-3.528573693245778964e-02,-9.775496744657602433e-01,2.076831664392366217e-01,0.000000000000000000e+00,1.182798583635040306e-02,-2.082085321971480774e-01,-9.780129374764753303e-01,0.000000000000000000e+00,5.925865466964328476e-01,1.694009072018301809e-01,1.468362726214537395e-01,1.000000000000000000e+00
9.988178612999504269e-01,-4.124312640492836662e-02,2.535017502402147488e-02,0.000000000000000000e+00,-4.644902351218842262e-02,-9.640067948381448870e-01,2.617520479802584732e-01,0.000000000000000000e+00,1.364253083288812125e-02,-2.626251679785568949e-01,-9.648014834652299809e-01,0.000000000000000000e+00,5.807013536019761668e-01,1.485423192252271207e-01,1.743790318622523428e-01,1.000000000000000000e+00
9.984664745252151974e-01,-4.716318547804569661e-02,2.865449503934363804e-02,0.000000000000000000e+00,-5.328508839646357159e-02,-9.590224561574176576e-01,2.782397794018379167e-01,0.000000000000000000e+00,1.435790632347140779e-02,-2.793453271763353118e-01,-9.600833498768491792e-01,0.000000000000000000e+00,5.761070875273018865e-01,1.412598429990838678e-01,1.831178819229900834e-01,1.000000000000000000e+00
9.980765666986862739e-01,-5.340635936795420924e-02,3.117169689367947985e-02,0.000000000000000000e+00,-6.020599471283420712e-02,-9.542822332257073770e-01,2.927480221139038830e-01,0.000000000000000000e+00,1.411226215663984734e-02,-2.940673255449173795e-01,-9.556805178006307910e-01,0.000000000000000000e+00,5.710178297368132538e-01,1.341033461046254593e-01,1.912391901397128002e-01,1.000000000000000000e+00
9.974886103431389595e-01,-6.260575054111204574e-02,3.282893748060930483e-02,0.000000000000000000e+00,-6.974304765269916107e-02,-9.473525666690950642e-01,3.124736286965658083e-01,0.000000000000000000e+00,1.153815427964528101e-02,-3.139845209835147588e-01,-9.493579891582373254e-01,0.000000000000000000e+00,5.599823416691089850e-01,1.206388630206848556e-01,2.056858800300106205e-01,1.000000000000000000e+00
9.982148565231024895e-01,-5.619679472467398879e-02,1.974252720509308071e-02,0.000000000000000000e+00,-5.956152775971376018e-02,-9.446515263022599029e-01,3.225936533271353546e-01,0.000000000000000000e+00,5.210891744287947294e-04,-3.231998950528916503e-01,-9.463305745371817235e-01,0.000000000000000000e+00,5.468582726717557962e-01,1.081846480958130879e-01,2.172815228265202181e-01,1.000000000000000000e+00
9.985411531213371772e-01,-5.312710051753587182e-02,8.592066975907114434e-03,0.000000000000000000e+00,-5.306511461856424500e-02,-9.453534993868996095e-01,3.216700199096429458e-01,0.000000000000000000e+00,-8.967027541644049735e-03,-3.216628846313205892e-01,-9.468117981244875692e-01,0.000000000000000000e+00,5.398111580845467161e-01,1.024446172136755512e-01,2.220414604340679721e-01,1.000000000000000000e+00
9.986866561236017459e-01,-5.076613056795683393e-02,-5.339454000572918003e-03,0.000000000000000000e+00,-4.646579790259464798e-02,-9.473936259543658256e-01,3.166496392347902256e-01,0.000000000000000000e+00,-2.113404851183298475e-02,-3.159917512000399720e-01,-9.485265231753045034e-01,0.000000000000000000e+00,5.325520367621603413e-01,9.708747542834057775e-02,2.261996785796280551e-01,1.000000000000000000e+00
9.983135922779016180e-01,-3.848199285393430480e-02,-4.324181541505509041e-02,0.000000000000000000e+00,-2.376180489534697460e-02,-9.536136468174204461e-01,3.000618871714698099e-01,0.000000000000000000e+00,-5.278398094602679280e-02,-2.985341046132320986e-01,-9.529382140192853567e-01,0.000000000000000000e+00,5.177003011354900375e-01,8.572184073000134463e-02,2.330198509169190968e-01,1.000000000000000000e+00
9.956129055498452729e-01,-2.948953476899920934e-02,-8.869079175940954018e-02,0.000000000000000000e+00,-3.487487324661544229e-03,-9.599720595132641421e-01,2.800396923424083861e-01,0.000000000000000000e+00,-9.340072052247312684e-02,-2.785071858765986730e-01,-9.558818194844905802e-01,0.000000000000000000e+00,5.027600669871072903e-01,7.296794251861846159e-02,2.395716316316840178e-01,1.000000000000000000e+00
9.931347907694266786e-01,-2.488234222925986630e-02,-1.142142868023151986e-01,0.000000000000000000e+00,6.824406170645648528e-03,-9.630639332424126842e-01,2.691505802878380038e-01,0.000000000000000000e+00,-1.166950038706785348e-01,-2.680874114366785799e-01,-9.563009023841833045e-01,0.000000000000000000e+00,4.954341778665828366e-01,6.612749305415349665e-02,2.431183525682003854e-01,1.000000000000000000e+00
9.895558567552394935e-01,-1.886879987242176190e-02,-1.428422964460698275e-01,0.000000000000000000e+00,1.874980972920635425e-02,-9.660846316009166213e-01,2.575066525759054370e-01,0.000000000000000000e+00,-1.428593393173755721e-01,-2.575004397709763637e-01,-9.556593183177554129e-01,0.000000000000000000e+00,4.878978944873955115e-01,5.943622032675558581e-02,2.468258153131532018e-01,1.000000000000000000e+00
9.846885593268772663e-01,-1.028951680140789866e-02,-1.739635418010345158e-01,0.000000000000000000e+00,3.312956353389574088e-02,-9.689881288349578847e-01,2.448370582615886915e-01,0.000000000000000000e+00,-1.710911559148035332e-01,-2.468563391295980625e-01,-9.538290015507334685e-01,0.000000000000000000e+00,4.802898994669970723e-01,5.314335388995006237e-02,2.509380674898096797e-01,1.000000000000000000e+00
9.782797554550963781e-01,-9.025129156152036187e-04,-2.072405665847358025e-01,0.000000000000000000e+00,4.798949838938429413e-02,-9.718150367790295840e-01,2.307667420485826903e-01,0.000000000000000000e+00,-2.016116504518689345e-01,-2.357043408537501383e-01,-9.506819689595320533e-01,0.000000000000000000e+00,4.725556930877292672e-01,4.717595029561475611e-02,2.555927617236420368e-01,1.000000000000000000e+00
9.597696913376250194e-01,2.189599208158949858e-02,-2.798990032523360205e-01,0.000000000000000000e+00,8.039924036725290546e-02,-9.766273486335468323e-01,1.992880602308771121e-01,0.000000000000000000e+00,-2.689985906991721465e-01,-2.137784231932032819e-01,-9.391158309702200002e-01,0.000000000000000000e+00,4.560773801738193800e-01,3.665117707498147248e-02,2.659770346212700920e-01,1.000000000000000000e+00
9.361051369401778288e-01,4.263809375258387213e-02,-3.490987144871279257e-01,0.000000000000000000e+00,1.057872121091833900e-01,-9.807824079677398554e-01,1.638770297399151643e-01,0.000000000000000000e+00,-3.354089313164723696e-01,-1.903399737568446104e-01,-9.226437791387234189e-01,0.000000000000000000e+00,4.395355037801428333e-01,2.787527391538406271e-02,2.771824941177082335e-01,1.000000000000000000e+00
9.233606467094979120e-01,5.481901321781524478e-02,-3.799746554696131762e-01,0.000000000000000000e+00,1.179300969167920571e-01,-9.823912184583337703e-01,1.448472748737612559e-01,0.000000000000000000e+00,-3.653504142218281237e-01,-1.785601591833857194e-01,-9.135837916580734630e-01,0.000000000000000000e+00,4.318165880199102413e-01,2.386658698315522256e-02,2.829001596307211264e-01,1.000000000000000000e+00
8.975416539853375841e-01,7.981007039007005643e-02,-4.336243523221514073e-01,0.000000000000000000e+00,1.392902420361466220e-01,-9.844305712114405083e-01,1.071234140561114212e-01,0.000000000000000000e+00,-4.183315958109854460e-01,-1.565503813001551670e-01,-8.947014329154784340e-01,0.000000000000000000e+00,4.177564824550625278e-01,1.630945060859466736e-02,2.939981055592664760e-01,1.000000000000000000e+00
8.707593611948747370e-01,1.105577457516917078e-01,-4.790990154936725642e-01,0.000000000000000000e+00,1.622678113455544857e-01,-9.844078916344024544e-01,6.775697152502095644e-02,0.000000000000000000e+00,-4.641467299583220130e-01,-1.367449986685633223e-01,-8.751391994466544144e-01,0.000000000000000000e+00,4.053971974327952865e-01,8.983376802421524573e-03,3.043158269691161877e-01,1.000000000000000000e+00
8.562331951539835506e-01,1.273974049714070300e-01,-5.006149854170965918e-01,0.000000000000000000e+00,1.742616838698810566e-01,-9.835306770990810410e-01,4.776002136793260772e-02,0.000000000000000000e+00,-4.862950554763149635e-01,-1.281341930060432288e-01,-8.643487418871955708e-01,0.000000000000000000e+00,3.995806549993126122e-01,5.143261381101360205e-03,3.089111601044385313e-01,1.000000000000000000e+00
8.233326679179775454e-01,1.668520265614393261e-01,-5.424614881008734679e-01,0.000000000000000000e+00,2.019891094900156947e-01,-9.793633932923643259e-01,5.337642504372180387e-03,0.000000000000000000e+00,-5.303865388324119357e-01,-1.139681625979349633e-01,-8.400603414871010699e-01,0.000000000000000000e+00,3.886067335801852707e-01,-3.202372465940849476e-03,3.172667084893815437e-01,1.000000000000000000e+00
8.048307602909389180e-01,1.891409482588791158e-01,-5.625423503012458859e-01,0.000000000000000000e+00,2.167108024412588152e-01,-9.760576842239697681e-01,-1.812655714182044575e-02,0.000000000000000000e+00,-5.525128955047766688e-01,-1.073222596611339702e-01,-8.265660487112665988e-01,0.000000000000000000e+00,3.834621974555959545e-01,-7.454945064923223196e-03,3.212023241414706520e-01,1.000000000000000000e+00
7.636490536228199844e-01,2.453516292137435384e-01,-5.971795775512933613e-01,0.000000000000000000e+00,2.497716243437000105e-01,-9.652155044234211889e-01,-7.716160051838422129e-02,0.000000000000000000e+00,-5.953501739131765724e-01,-9.023586721805107458e-02,-7.983831528088228824e-01,0.000000000000000000e+00,3.742250042208916661e-01,-1.633171979204400132e-02,3.286017259105684651e-01,1.000000000000000000e+00
7.447717851149247004e-01,2.745350537267105540e-01,-6.082156190638389193e-01,0.000000000000000000e+00,2.648078274088445649e-01,-9.581963776226107843e-01,-1.082463087367086518e-01,0.000000000000000000e+00,-6.125192020779239854e-01,-8.044300886767773162e-02,-7.863517974864291382e-01,0.000000000000000000e+00,3.710512658189037971e-01,-2.079830120095560453e-02,3.318488374303391608e-01,1.000000000000000000e+00
7.274782522572809107e-01,3.019962493710631746e-01,-6.160798688154894842e-01,0.000000000000000000e+00,2.773990249739068936e-01,-9.507133627248527397e-01,-1.384724874519714100e-01,0.000000000000000000e+00,-6.275456178380136585e-01,-7.016558266308565994e-02,-7.754116897118944474e-01,0.000000000000000000e+00,3.685006857419728110e-01,-2.524434968443297830e-02,3.348296716411621743e-01,1.000000000000000000e+00
7.115349965811736954e-01,3.290847975761528321e-01,-6.208074512646416521e-01,0.000000000000000000e+00,2.892382486454096457e-01,-9.423823507154144297e-01,-1.680401365205179687e-01,0.000000000000000000e+00,-6.403497682932919322e-01,-5.999597709365268872e-02,-7.657366760050777765e-01,0.000000000000000000e+00,3.665272400998909053e-01,-2.951101854416138606e-02,3.371446857617869108e-01,1.000000000000000000e+00
6.652425213013767324e-01,4.101100917265375068e-01,-6.238932981030064218e-01,0.000000000000000000e+00,3.201260021783217113e-01,-9.115903022989334525e-01,-2.578821637590947291e-01,0.000000000000000000e+00,-6.745081444258190784e-01,-2.817082886555971957e-02,-7.377297387961705422e-01,0.000000000000000000e+00,3.625093744757545422e-01,-4.358920365853721085e-02,3.407987610712329696e-01,1.000000000000000000e+00
6.485781327945361330e-01,4.385091015338587472e-01,-6.221229142492094022e-01,0.000000000000000000e+00,3.299949901594477764e-01,-8.985426648515250081e-01,-2.893183934913131639e-01,0.000000000000000000e+00,-6.858859354514517115e-01,-1.765220139150135842e-02,-7.274949369830149282e-01,0.000000000000000000e+00,3.611241152824108958e-01,-4.758503339893360023e-02,3.409286509409698573e-01,1.000000000000000000e+00
6.330963053322303802e-01,4.651522745092739886e-01,-6.187108990431127165e-01,0.000000000000000000e+00,3.394597543058731071e-01,-8.851778443028957000e-01,-3.181320575847131349e-01,0.000000000000000000e+00,-6.956624236989027432e-01,-8.619385460798481211e-03,-7.183171294405046314e-01,0.000000000000000000e+00,3.603029135112854608e-01,-5.176611564512001440e-02,3.405035408790684781e-01,1.000000000000000000e+00
5.996047473377528192e-01,5.287775104184836428e-01,-6.007072817494959471e-01,0.000000000000000000e+00,3.664817132599151317e-01,-8.487069250342910154e-01,-3.812721549577468561e-01,0.000000000000000000e+00,-7.114462683750598648e-01,8.464523325402295226e-03,-7.026895182511804228e-01,0.000000000000000000e+00,3.605351459187695062e-01,-5.862848615909316968e-02,3.380334819492246679e-01,1.000000000000000000e+00
5.779267390229103629e-01,5.666309189768871102e-01,-5.872910972277390895e-01,0.000000000000000000e+00,3.851670298683181892e-01,-8.238391257085225794e-01,-4.158319383542388170e-01,0.000000000000000000e+00,-7.194704694821287827e-01,1.411550029444885723e-02,-6.943795764526795589e-01,0.000000000000000000e+00,3.610959927876333242e-01,-6.228500551969116950e-02,3.368371589438172164e-01,1.000000000000000000e+00
5.263691399796233128e-01,6.350589409197923141e-01,-5.653462805539203329e-01,0.000000000000000000e+00,4.172320371934865046e-01,-7.722797930871200256e-01,-4.790428949790371260e-01,0.000000000000000000e+00,-7.408402455797299391e-01,1.627312959636398326e-02,-6.714841143188016170e-01,0.000000000000000000e+00,3.618589519536504762e-01,-7.130430234928106237e-02,3.363489085853348382e-01,1.000000000000000000e+00
4.644280200428373973e-01,6.971067162708806109e-01,-5.461955576808804613e-01,0.000000000000000000e+00,4.393960839202298296e-01,-7.168632441495829122e-01,-5.413122181552068035e-01,0.000000000000000000e+00,-7.689147062854918557e-01,1.140459217695414217e-02,-6.392496458623760924e-01,0.000000000000000000e+00,3.622300961407898812e-01,-8.230296513679088988e-02,3.391105329801316071e-01,1.000000000000000000e+00
4.306990631991924889e-01,7.237638988479286883e-01,-5.391149066618281527e-01,0.000000000000000000e+00,4.441609152351452261e-01,-6.900013482719425939e-01,-5.714892541960767680e-01,0.000000000000000000e+00,-7.856284290185688857e-01,6.686244781759345668e-03,-6.186624812032276433e-01,0.000000000000000000e+00,3.620392161139988074e-01,-8.860497228136345049e-02,3.420286974465703844e-01,1.000000000000000000e+00
3.920381595522905438e-01,7.531798634507929080e-01,-5.282110578625799358e-01,0.000000000000000000e+00,4.472763478344296550e-01,-6.577986848857793056e-01,-6.059913413008817251e-01,0.000000000000000000e+00,-8.038924923190648997e-01,1.315442628033138082e-03,-5.947731755919516416e-01,0.000000000000000000e+00,3.615717830804786037e-01,-9.535820024781482829e-02,3.460189548806787418e-01,1.000000000000000000e+00
3.498113433618258439e-01,7.839030866424917532e-01,-5.129412458644528883e-01,0.000000000000000000e+00,4.487193508787139518e-01,-6.208449870879415577e-01,-6.427932739660298100e-01,0.000000000000000000e+00,-8.223604656878807928e-01,-5.310386454608147407e-03,-5.689420570403583843e-01,0.000000000000000000e+00,3.609811015514726718e-01,-1.028734535039500936e-01,3.508395354162990865e-01,1.000000000000000000e+00
2.750343205421180715e-01,8.292843014930689760e-01,-4.864405582620515700e-01,0.000000000000000000e+00,4.427259354610736386e-01,-5.583604670713216978e-01,-7.015754284346202851e-01,0.000000000000000000e+00,-8.534310976209725785e-01,-2.240296126063892612e-02,-5.207239853705761812e-01,0.000000000000000000e+00,3.617317094141997980e-01,-1.194186097498394356e-01,3.604932072434581247e-01,1.000000000000000000e+00
2.094117914383605839e-01,8.677492619473319291e-01,-4.507090712395809273e-01,0.000000000000000000e+00,4.366600506698845030e-01,-4.954062293361294889e-01,-7.509203785922582419e-01,0.000000000000000000e+00,-8.749115305731651748e-01,-3.955582574849614286e-02,-4.826646354555886864e-01,0.000000000000000000e+00,3.649992792866182389e-01,-1.362938133750417335e-01,3.691080004136714776e-01,1.000000000000000000e+00
1.796161516129438640e-01,8.859710718779143512e-01,-4.275208120974507975e-01,0.000000000000000000e+00,4.345302775963755249e-01,-4.613484712311563540e-01,-7.735126197069441822e-01,0.000000000000000000e+00,-8.825628699436413038e-01,-4.683627892663051046e-02,-4.678559004363950224e-01,0.000000000000000000e+00,3.673599904387073734e-01,-1.443049782105282064e-01,3.725594386158066484e-01,1.000000000000000000e+00
1.517760695433872653e-01,9.042957864428464720e-01,-3.989911054608651919e-01,0.000000000000000000e+00,4.339101119895380498e-01,-4.236499840761946412e-01,-7.951248031640537617e-01,0.000000000000000000e+00,-8.880776829198541167e-01,-5.244636758775047397e-02,-4.566918081447858824e-01,0.000000000000000000e+00,3.701144733172977430e-01,-1.518585274692991760e-01,3.755033975508201838e-01,1.000000000000000000e+00
1.058146220248916830e-01,9.373363770640028569e-01,-3.319405502487862702e-01,0.000000000000000000e+00,4.344015930062449238e-01,-3.438507721067500800e-01,-8.324918314412681486e-01,0.000000000000000000e+00,-8.944801132291066992e-01,-5.610677555796730887e-02,-4.435733950251437574e-01,0.000000000000000000e+00,3.759680485475524470e-01,-1.649637143788603710e-01,3.788943652907424409e-01,1.000000000000000000e+00
7.470501863111819740e-02,9.635981905831102479e-01,-2.566679454031777774e-01,0.000000000000000000e+00,4.324035748801466905e-01,-2.632327216407601700e-01,-8.623899521618255681e-01,0.000000000000000000e+00,-8.985780997195366160e-01,-4.656017613360897978e-02,-4.363365085605763749e-01,0.000000000000000000e+00,3.804986206716790553e-01,-1.752318387043206582e-01,3.797157849635232063e-01,1.000000000000000000e+00
6.442170167256550117e-02,9.728378232582628460e-01,-2.222997096105708559e-01,0.000000000000000000e+00,4.303967633618717703e-01,-2.280652333070941340e-01,-8.733416412523875572e-01,0.000000000000000000e+00,-9.003359506302085480e-01,-3.941567971565911044e-02,-4.334069452550927681e-01,0.000000000000000000e+00,3.820294723127219405e-01,-1.801148710864261815e-01,3.791393938019040899e-01,1.000000000000000000e+00
5.729955296020868005e-02,9.797072822366539313e-01,-1.920186169730366543e-01,0.000000000000000000e+00,4.283459361613164429e-01,-1.978573444849527074e-01,-8.816762314527122335e-01,0.000000000000000000e+00,-9.017942805095225944e-01,-3.173135125667527617e-02,-4.309990684302438813e-01,0.000000000000000000e+00,3.832939915870073877e-01,-1.845915008152138048e-01,3.780338137423740474e-01,1.000000000000000000e+00
5.315017453468050268e-02,9.844411434652605708e-01,-1.674259266092072151e-01,0.000000000000000000e+00,4.271403697806924193e-01,-1.739631994969716433e-01,-8.872816106657450685e-01,0.000000000000000000e+00,-9.026198514803389639e-01,-2.435566865652982402e-02,-4.297490024629545546e-01,0.000000000000000000e+00,3.843682045383425283e-01,-1.889862504065338289e-01,3.766254256004714085e-01,1.000000000000000000e+00
4.436804532523753314e-02,9.918496192863724970e-01,-1.193589384030549205e-01,0.000000000000000000e+00,4.246430530022677896e-01,-1.268699754059095797e-01,-8.964167745968532053e-01,0.000000000000000000e+00,-9.042711122065355545e-01,-1.091289402799322690e-02,-4.268192408651337866e-01,0.000000000000000000e+00,3.861310094114978608e-01,-1.967046790735938744e-01,3.729582475622001403e-01,1.000000000000000000e+00
3.929772167164627406e-02,9.955269225986909110e-01,-8.580549139656649948e-02,0.000000000000000000e+00,4.209226834177893228e-01,-9.437399899589371532e-02,-9.021631724910407213e-01,0.000000000000000000e+00,-9.062429821364434979e-01,-6.645332299864246820e-04,-4.227566861967201328e-01,0.000000000000000000e+00,3.875536324674038746e-01,-2.029380557736974733e-01,3.692386811633467381e-01,1.000000000000000000e+00
3.660074960113127163e-02,9.967940794782929048e-01,-7.101193665058189164e-02,0.000000000000000000e+00,4.190586379454956933e-01,-7.981931046390809692e-02,-9.044332382998429010e-01,0.000000000000000000e+00,-9.072192878213939382e-01,3.344833433696695491e-03,-4.206447145681777577e-01,0.000000000000000000e+00,3.881561590512001558e-01,-2.055041097370880476e-01,3.675554907208967159e-01,1.000000000000000000e+00
3.286647780299344068e-02,9.978606153057870687e-01,-5.634477757156763217e-02,0.000000000000000000e+00,4.172327095610764980e-01,-6.492654568651080871e-02,-9.064668535797367754e-01,0.000000000000000000e+00,-9.082033297710048192e-01,6.283609485480621745e-03,-4.184820522372415530e-01,0.000000000000000000e+00,3.886680970545076108e-01,-2.076407903376856767e-01,3.659868339935117842e-01,1.000000000000000000e+00
2.296470427853128035e-02,9.992623023581354014e-01,-3.046670879051977324e-02,0.000000000000000000e+00,4.130806045404767923e-01,-3.723608135623683590e-02,-9.099223237721526525e-01,0.000000000000000000e+00,-9.104030651469600111e-01,8.311050609793360286e-03,-4.136389553811166686e-01,0.000000000000000000e+00,3.896136228133839641e-01,-2.114390410588427860e-01,3.632324908810052877e-01,1.000000000000000000e+00
1.055273009256134029e-02,9.998972674560334672e-01,-8.651087952342099291e-03,0.000000000000000000e+00,4.090451441316509396e-01,-1.221123950035131293e-02,-9.124218884887572711e-01,0.000000000000000000e+00,-9.124513610901043847e-01,6.089973652269962262e-03,-4.091398610081036225e-01,0.000000000000000000e+00,3.906171131004680386e-01,-2.139052441448497655e-01,3.611655082735412137e-01,1.000000000000000000e+00
5.293260979143068860e-03,9.999732367783921161e-01,-2.500803143170728104e-03,0.000000000000000000e+00,4.071440205273632040e-01,-4.439328523023433788e-03,-9.133426442536705103e-01,0.000000000000000000e+00,-9.133468869066470042e-01,3.816447411596261136e-03,-4.071644617437662483e-01,0.000000000000000000e+00,3.911660793595016505e-01,-2.148001260085593001e-01,3.603932273851231938e-01,1.000000000000000000e+00
2.821309770335609680e-03,9.999815528788471575e-01,-3.111432852780404365e-03,0.000000000000000000e+00,4.057160848056851621e-01,-3.988511485650244985e-03,-9.139799216652864100e-01,0.000000000000000000e+00,-9.139930685514542352e-01,1.316287470331717769e-03,-4.057276648531526475e-01,0.000000000000000000e+00,3.916940358674625422e-01,-2.154105763935828532e-01,3.598990385704294859e-01,1.000000000000000000e+00
8.865764815401335364e-04,9.999717603119450127e-01,-6.036510745517582703e-03,0.000000000000000000e+00,4.045961409220423799e-01,-5.879055549181321297e-03,-9.144660443986144527e-01,0.000000000000000000e+00,-9.144933159749368823e-01,-1.631636278194440251e-03,-4.045977172454390258e-01,0.000000000000000000e+00,3.920390352730604433e-01,-2.160024457067089010e-01,3.597886382733784805e-01,1.000000000000000000e+00
-1.991920585253503101e-03,9.999162733263065039e-01,-1.200939177567381978e-02,0.000000000000000000e+00,4.028839484368998969e-01,-1.018914149740918554e-02,-9.151838352968474366e-01,0.000000000000000000e+00,-9.152471967352976412e-01,-6.661492952110150897e-03,-4.028376762168953684e-01,0.000000000000000000e+00,3.919943102375721966e-01,-2.173520638188687903e-01,3.602273634222594167e-01,1.000000000000000000e+00
-3.879323821657733231e-03,9.998384739066781268e-01,-1.699187581934504671e-02,0.000000000000000000e+00,4.017219383620654338e-01,-1.400236354075973591e-02,-9.156441257143004275e-01,0.000000000000000000e+00,-9.157517827778051123e-01,-1.037828917382596292e-02,-4.016104623302239052e-01,0.000000000000000000e+00,3.917574885968094778e-01,-2.185769103103533118e-01,3.608005166844631129e-01,1.000000000000000000e+00
-4.231221834798916046e-03,9.998334176651045846e-01,-1.720408623291840022e-02,0.000000000000000000e+00,4.015469080457211848e-01,-1.405743443799488575e-02,-9.157200533335233539e-01,0.000000000000000000e+00,-9.158269883706966485e-01,-1.078306992431895747e-02,-4.014282660387373247e-01,0.000000000000000000e+00,3.917804700075724345e-01,-2.185387901998392390e-01,3.607788867060455762e-01,1.000000000000000000e+00
-4.467502839001320607e-03,9.998335175904176086e-01,-1.713841948266627349e-02,0.000000000000000000e+00,4.016115560958288810e-01,-1.390166288112739540e-02,-9.156940802913573485e-01,0.000000000000000000e+00,-9.157975178044769349e-01,-1.097406450556305535e-02,-4.014903190506421971e-01,0.000000000000000000e+00,3.918266841217019625e-01,-2.184280800056720151e-01,3.608011307940776624e-01,1.000000000000000000e+00
-4.368220142165773860e-03,9.998326909241147531e-01,-1.721208045070491896e-02,0.000000000000000000e+00,4.017461265568828543e-01,-1.400738441139536862e-02,-9.156334364142131310e-01,0.000000000000000000e+00,-9.157389696703603921e-01,-1.091478521427921046e-02,-4.016254559795643941e-01,0.000000000000000000e+00,3.918194454220502165e-01,-2.184701688595047653e-01,3.608590495589709124e-01,1.000000000000000000e+00
-4.384069650137182791e-03,9.998325555437751477e-01,-1.721591441993897131e-02,0.000000000000000000e+00,4.017341533728116532e-01,-1.400467253136679531e-02,-9.156387311938741780e-01,0.000000000000000000e+00,-9.157441467207351193e-01,-1.093065522493508711e-02,-4.016132200551500997e-01,0.000000000000000000e+00,3.918250581878653382e-01,-2.184686136667973455e-01,3.608455956634739614e-01,1.000000000000000000e+00
-4.444962252224963356e-03,9.998320045244399878e-01,-1.723229353350292162e-02,0.000000000000000000e+00,4.017978984449867008e-01,-1.399445059444874399e-02,-9.156109168522184039e-01,0.000000000000000000e+00,-9.157158852097004864e-01,-1.099396695821376786e-02,-4.016759269176287672e-01,0.000000000000000000e+00,3.918432869677897501e-01,-2.184452470010604108e-01,3.608667112905104002e-01,1.000000000000000000e+00
-4.299695779904088438e-03,9.998318578778933041e-01,-1.727760081287086844e-02,0.000000000000000000e+00,4.018380793227112613e-01,-1.409381719073324671e-02,-9.155917590413520379e-01,0.000000000000000000e+00,-9.156989468896423734e-01,-1.087977341776600985e-02,-4.017176485985874956e-01,0.000000000000000000e+00,3.918102955558573908e-01,-2.185015381765400000e-01,3.608945411103269274e-01,1.000000000000000000e+00
-4.374488762769718209e-03,9.998306369972571606e-01,-1.732939903550629809e-02,0.000000000000000000e+00,4.020116007397336877e-01,-1.410912512188019878e-02,-9.155153479653853621e-01,0.000000000000000000e+00,-9.156224247652756665e-01,-1.097174228797748695e-02,-4.018895322574647100e-01,0.000000000000000000e+00,3.918335416124774095e-01,-2.184713071161744347e-01,3.609697712311238926e-01,1.000000000000000000e+00
-4.354260182003137809e-03,9.998308432766843667e-01,-1.732259080247658747e-02,0.000000000000000000e+00,4.019770366716265420e-01,-1.411143446747114248e-02,-9.155304890101565451e-01,0.000000000000000000e+00,-9.156376963404810887e-01,-1.094995249247862103e-02,-4.018553316564426603e-01,0.000000000000000000e+00,3.918282875049979852e-01,-2.184794984598955048e-01,3.609571595082111672e-01,1.000000000000000000e+00
-4.343752913467760837e-03,9.998305781534249093e-01,-1.734052194205516761e-02,0.000000000000000000e+00,4.020171040060522838e-01,-1.413159729964548819e-02,-9.155125848100372776e-01,0.000000000000000000e+00,-9.156201547757024661e-01,-1.094815765664437085e-02,-4.018953470898160019e-01,0.000000000000000000e+00,3.918268312755163185e-01,-2.184839841166063834e-01,3.609745428792187072e-01,1.000000000000000000e+00
