9.995766447711056379e-01,2.194016781670897476e-02,1.859857966410043140e-02,0.000000000000000000e+00,2.553717515447240585e-02,-9.744949511731582081e-01,-2.229084783590834229e-01,0.000000000000000000e+00,1.323382735087747647e-02,2.232933631648923722e-01,-9.746614488016639433e-01,0.000000000000000000e+00,6.231721749478756900e-01,2.973125382316764709e-01,3.043271565039168403e-02,1.000000000000000000e+00
9.995767542420646024e-01,2.194919595592775829e-02,1.858203640605309015e-02,0.000000000000000000e+00,2.554224146483542734e-02,-9.744954992792471682e-01,-2.229055016966856873e-01,0.000000000000000000e+00,1.321576875324832930e-02,2.232900837755060763e-01,-9.746624451284600088e-01,0.000000000000000000e+00,6.231634579045608469e-01,2.973164711923252379e-01,3.042340314367392509e-02,1.000000000000000000e+00
9.995768216546963014e-01,2.194804707605459843e-02,1.857976699129186213e-02,0.000000000000000000e+00,2.554066942086547290e-02,-9.744946146389011910e-01,-2.229095492492901009e-01,0.000000000000000000e+00,1.321370799845963430e-02,2.232940575442772246e-01,-9.746615626905291707e-01,0.000000000000000000e+00,6.231627420606733470e-01,2.973195316931285248e-01,3.042338676282595536e-02,1.000000000000000000e+00
9.995765887221960133e-01,2.195326234424094941e-02,1.858613601992302466e-02,0.000000000000000000e+00,2.554716152933334330e-02,-9.744946944105826736e-01,-2.229084565570079446e-01,0.000000000000000000e+00,1.321877761789407718e-02,2.232931967076667024e-01,-9.746616911638417147e-01,0.000000000000000000e+00,6.231632145488558150e-01,2.973224625261257081e-01,3.042747904787537414e-02,1.000000000000000000e+00
9.995766786746957955e-01,2.196087332969080819e-02,1.857230178166177637e-02,0.000000000000000000e+00,2.555146831561922599e-02,-9.744949757951805180e-01,-2.229067327786986852e-01,0.000000000000000000e+00,1.320364246332577512e-02,2.232912202336042873e-01,-9.746623491200880895e-01,0.000000000000000000e+00,6.231562126445281402e-01,2.973241770106055948e-01,3.042035633740851341e-02,1.000000000000000000e+00
9.995768414597275831e-01,2.196296640480393733e-02,1.856106207371379865e-02,0.000000000000000000e+00,2.555100716806750841e-02,-9.744948416105760902e-01,-2.229073722609543340e-01,0.000000000000000000e+00,1.319220610814481054e-02,2.232915999880188407e-01,-9.746624169797410975e-01,0.000000000000000000e+00,6.231518512354160544e-01,2.973254569945087411e-01,3.041516490587902605e-02,1.000000000000000000e+00
9.995767568265602199e-01,2.197274180005184471e-02,1.855404891371217196e-02,0.000000000000000000e+00,2.555894691304490263e-02,-9.744950390419993003e-01,-2.229055988898362983e-01,0.000000000000000000e+00,1.318323526849384149e-02,2.232897765881201313e-01,-9.746629560925575975e-01,0.000000000000000000e+00,6.231479760814757629e-01,2.973274739573547598e-01,3.041065150304580675e-02,1.000000000000000000e+00
9.995766433961443820e-01,2.196509484473813112e-02,1.856920802209016674e-02,0.000000000000000000e+00,2.555487792656712873e-02,-9.744951396254581955e-01,-2.229056256843363060e-01,0.000000000000000000e+00,1.319971389003433103e-02,2.232900899860254251e-01,-9.746626612665809652e-01,0.000000000000000000e+00,6.231544895306921905e-01,2.973250860853109412e-01,3.041758280697741748e-02,1.000000000000000000e+00
9.995769217969378007e-01,2.196648250876087963e-02,1.855257282316336021e-02,0.000000000000000000e+00,2.555252988301644559e-02,-9.744949556924756839e-01,-2.229066989744935834e-01,0.000000000000000000e+00,1.318316634398527913e-02,2.232907562193004736e-01,-9.746627325963375110e-01,0.000000000000000000e+00,6.231487084634196316e-01,2.973266126457796976e-01,3.041032826673298328e-02,1.000000000000000000e+00
9.995772798207365195e-01,2.194937940928730347e-02,1.855352556611357395e-02,0.000000000000000000e+00,2.553584713924172619e-02,-9.744991389387297476e-01,-2.228903219517705259e-01,0.000000000000000000e+00,1.318834436177471377e-02,2.232741804275227004e-01,-9.746664598350623931e-01,0.000000000000000000e+00,6.231549047984081824e-01,2.973093224988730410e-01,3.040656955402523329e-02,1.000000000000000000e+00
9.995805958935410906e-01,2.194673474667127935e-02,1.837716105063202585e-02,0.000000000000000000e+00,2.549315174554727184e-02,-9.745127575631507000e-01,-2.228356602116253471e-01,0.000000000000000000e+00,1.301851341159453689e-02,2.232149913562636590e-01,-9.746823000046606067e-01,0.000000000000000000e+00,6.230979733056227765e-01,2.972764909207489814e-01,3.031868349429930540e-02,1.000000000000000000e+00
9.995824194967750653e-01,2.195774817887228419e-02,1.826446903402122873e-02,0.000000000000000000e+00,2.547829642165483702e-02,-9.745206057971591562e-01,-2.228030345156828407e-01,0.000000000000000000e+00,1.290709700382756085e-02,2.231796407681146122e-01,-9.746918768480371531e-01,0.000000000000000000e+00,6.230581406362680763e-01,2.972654432393629920e-01,3.026170107481132229e-02,1.000000000000000000e+00
9.995834448438989384e-01,2.194648672997085576e-02,1.822183896931062197e-02,0.000000000000000000e+00,2.545740042738758174e-02,-9.745280862541277900e-01,-2.227727020228358612e-01,0.000000000000000000e+00,1.286886347554924356e-02,2.231480818483998763e-01,-9.746996080435386123e-01,0.000000000000000000e+00,6.230498809662045057e-01,2.972412846268234210e-01,3.023677254268119022e-02,1.000000000000000000e+00
9.995832124058754431e-01,2.192682464264291906e-02,1.825822386349540763e-02,0.000000000000000000e+00,2.544582344726122394e-02,-9.745375169593643028e-01,-2.227327659078836009e-01,0.000000000000000000e+00,1.290975040048592329e-02,2.231088247313830764e-01,-9.747080540713605190e-01,0.000000000000000000e+00,6.230699447999406004e-01,2.972167800582580788e-01,3.026643697210102193e-02,1.000000000000000000e+00
9.995482402059321370e-01,2.376037753144701753e-02,1.787475487932704485e-02,0.000000000000000000e+00,2.710030783831168105e-02,-9.753550165111580794e-01,-2.189267274290552789e-01,0.000000000000000000e+00,1.223268566212603638e-02,2.193164590169721928e-01,-9.755770867572425287e-01,0.000000000000000000e+00,6.226881586888932674e-01,2.965842764640414519e-01,3.184522217244158127e-02,1.000000000000000000e+00
9.995229234494239501e-01,2.501135106779434070e-02,1.758137418090525289e-02,0.000000000000000000e+00,2.821809228710328230e-02,-9.760383670872742057e-01,-2.157164623817398319e-01,0.000000000000000000e+00,1.176496208692617840e-02,2.161138228159160957e-01,-9.762972914307321837e-01,0.000000000000000000e+00,6.224570992561554439e-01,2.959325908171865915e-01,3.303731523408345166e-02,1.000000000000000000e+00
9.995285351130401841e-01,2.806742339717565801e-02,1.164792427139244024e-02,0.000000000000000000e+00,2.983612118166278915e-02,-9.791530215780144264e-01,-2.008728779817870180e-01,0.000000000000000000e+00,5.767227167116033455e-03,2.011295747207241247e-01,-9.795476676831318397e-01,0.000000000000000000e+00,6.212825430355988221e-01,2.918749724053106287e-01,3.523529754520272200e-02,1.000000000000000000e+00
9.995277704449704315e-01,2.991702254096242214e-02,5.473095358117283094e-03,0.000000000000000000e+00,3.041242690627925932e-02,-9.816394044306322453e-01,-1.882549092585694417e-01,0.000000000000000000e+00,-2.594252907418276169e-04,1.883360858923356917e-01,-9.821046031097061535e-01,0.000000000000000000e+00,6.202887000336524403e-01,2.882402873696585655e-01,3.651611721755013834e-02,1.000000000000000000e+00
9.993295633360992358e-01,3.398717858057882790e-02,-1.288574545073620931e-02,0.000000000000000000e+00,3.161762058468673559e-02,-9.876972741836235192e-01,-1.530854909519876739e-01,0.000000000000000000e+00,-1.793050479437714381e-02,1.525783778221117271e-01,-9.881287039748373191e-01,0.000000000000000000e+00,6.172856005104385702e-01,2.780624480697270751e-01,3.999284947006969543e-02,1.000000000000000000e+00
9.991233024662754536e-01,3.544812473431181721e-02,-2.183583804007148063e-02,0.000000000000000000e+00,3.222330697538666050e-02,-9.905061738349023592e-01,-1.335661820361740137e-01,0.000000000000000000e+00,-2.636371065377974762e-02,1.327480177922647775e-01,-9.907991312737350897e-01,0.000000000000000000e+00,6.159847896579309090e-01,2.723149954642161696e-01,4.278081126794509165e-02,1.000000000000000000e+00
9.985625598432696925e-01,3.723664459712731911e-02,-3.830134827407189607e-02,0.000000000000000000e+00,3.356014418832174023e-02,-9.951355138362115715e-01,-9.251903979833926706e-02,0.000000000000000000e+00,-4.156093067548061182e-02,9.110240444817903349e-02,-9.949738895795950944e-01,0.000000000000000000e+00,6.136778376892397802e-01,2.601954412920308712e-01,5.064166411297923304e-02,1.000000000000000000e+00
9.982710403404655430e-01,3.774410249260025385e-02,-4.484483967861693093e-02,0.000000000000000000e+00,3.439201843097516864e-02,-9.967068971936401400e-01,-7.330277659187481309e-02,0.000000000000000000e+00,-4.746482236881050670e-02,7.163511369337538515e-02,-9.963009089244244665e-01,0.000000000000000000e+00,6.127711817444738696e-01,2.547110539132609874e-01,5.542157807955723492e-02,1.000000000000000000e+00
9.978738018331094750e-01,3.816443416252878612e-02,-5.265072156579115453e-02,0.000000000000000000e+00,3.552389335416861194e-02,-9.980972013884700234e-01,-5.020733494892419546e-02,0.000000000000000000e+00,-5.446772104744839610e-02,4.823115418664448290e-02,-9.973500003156972049e-01,0.000000000000000000e+00,6.114142003642768497e-01,2.482043221787850473e-01,6.157813512322796862e-02,1.000000000000000000e+00
9.970638814340319067e-01,3.803716450873973615e-02,-6.631393033930488290e-02,0.000000000000000000e+00,3.766073628795679751e-02,-9.992570042714757905e-01,-6.917749478933581109e-03,0.000000000000000000e+00,-6.652907183807404978e-02,4.400091418922110614e-03,-9.977747851072752416e-01,0.000000000000000000e+00,6.084383243891126059e-01,2.362375148443504047e-01,7.468176957762286128e-02,1.000000000000000000e+00
9.962009377508499464e-01,3.619432777545186081e-02,-7.908482257942381355e-02,0.000000000000000000e+00,3.920319696336808935e-02,-9.985426474729709456e-01,3.682984423982400835e-02,0.000000000000000000e+00,-7.763803143174220767e-02,-3.979106934671379492e-02,-9.961872348487753603e-01,0.000000000000000000e+00,6.047847600949675106e-01,2.240965015023483886e-01,8.926505087162571461e-02,1.000000000000000000e+00
9.957356105545068781e-01,3.472062572580728729e-02,-8.535700864053329118e-02,0.000000000000000000e+00,3.975917651132063191e-02,-9.975116923304909733e-01,5.805496058313790869e-02,0.000000000000000000e+00,-8.313051010327665580e-02,-6.120229432880483489e-02,-9.946575277244220636e-01,0.000000000000000000e+00,6.026591100401614831e-01,2.182383108716213771e-01,9.706171075616312760e-02,1.000000000000000000e+00
9.952975963343856369e-01,3.301485328841578804e-02,-9.095856801064490516e-02,0.000000000000000000e+00,4.024048960065437081e-02,-9.960694581259804670e-01,7.878505243079782228e-02,0.000000000000000000e+00,-8.800166890778052253e-02,-8.207637084605068356e-02,-9.927331845053772863e-01,0.000000000000000000e+00,6.004119619081257353e-01,2.125865129956184818e-01,1.052423088795157724e-01,1.000000000000000000e+00
9.948918821261668599e-01,3.109631234257272808e-02,-9.593700609959968095e-02,0.000000000000000000e+00,4.066390143729833179e-02,-9.942024481545749248e-01,9.944187299400464308e-02,0.000000000000000000e+00,-9.229030766470144864e-02,-1.028370650775536216e-01,-9.904075106527562289e-01,0.000000000000000000e+00,5.980511314832023251e-01,2.071105867203974771e-01,1.136881201608761632e-01,1.000000000000000000e+00
9.937803526720448977e-01,2.663559994683659463e-02,-1.080365788041570824e-01,0.000000000000000000e+00,4.214386863667145960e-02,-9.886831955688796247e-01,1.439103194258565810e-01,0.000000000000000000e+00,-1.029827950119005797e-01,-1.475711685795395578e-01,-9.836754007982543291e-01,0.000000000000000000e+00,5.917667756030821069e-01,1.960597516722695222e-01,1.311655201597341780e-01,1.000000000000000000e+00
9.923279317011803879e-01,2.091755912000821740e-02,-1.217722406270268926e-01,0.000000000000000000e+00,4.392753977387896941e-02,-9.808928716301612560e-01,1.894737251857325222e-01,0.000000000000000000e+00,-1.154844183781385814e-01,-1.933729477972414290e-01,-9.743050098260135350e-01,0.000000000000000000e+00,5.838793588635775578e-01,1.854741245913078540e-01,1.484835157418535612e-01,1.000000000000000000e+00
9.914759633307256292e-01,1.707027615754843491e-02,-1.290920861653523932e-01,0.000000000000000000e+00,4.453290235161020544e-02,-9.760345209859878635e-01,2.129652116027485609e-01,0.000000000000000000e+00,-1.223653134209399806e-01,-2.169029096504818399e-01,-9.684936023828707441e-01,0.000000000000000000e+00,5.793894539366930552e-01,1.801335475304185751e-01,1.574430126695171572e-01,1.000000000000000000e+00
9.905147301831468409e-01,1.242571141092986380e-02,-1.367732352741153345e-01,0.000000000000000000e+00,4.482525363284626391e-02,-9.705998427155484443e-01,2.364474336052563852e-01,0.000000000000000000e+00,-1.298165524418281036e-01,-2.403401881547413410e-01,-9.619689478719475328e-01,0.000000000000000000e+00,5.745175936393495109e-01,1.747582558231819405e-01,1.663331980547321509e-01,1.000000000000000000e+00
9.885504950397142609e-01,1.965559265195687265e-04,-1.508264798492354730e-01,0.000000000000000000e+00,4.295990784897432690e-02,-9.589350111098242646e-01,2.803191711007601006e-01,0.000000000000000000e+00,-1.445804773576993552e-01,-2.835946071112747102e-01,-9.479823755663506768e-01,0.000000000000000000e+00,5.643243299285091163e-01,1.642428137488764484e-01,1.839708706668927995e-01,1.000000000000000000e+00
9.868215250829913687e-01,-1.387224356454193341e-02,-1.611570209223707195e-01,0.000000000000000000e+00,3.894764899320516532e-02,-9.466152700188315006e-01,3.199739959844942194e-01,0.000000000000000000e+00,-1.569954767319005629e-01,-3.220401140581234944e-01,-9.336180081934762898e-01,0.000000000000000000e+00,5.541829145505634546e-01,1.540497701951771548e-01,2.008647145060184214e-01,1.000000000000000000e+00
9.858477192607426609e-01,-2.115424576024470954e-02,-1.662453584793120165e-01,0.000000000000000000e+00,3.717664150325414307e-02,-9.396690295413913097e-01,3.400305267891201022e-01,0.000000000000000000e+00,-1.634118501821936464e-01,-3.414053365185202860e-01,-9.256019465281543068e-01,0.000000000000000000e+00,5.488217234293828461e-01,1.484703908964005725e-01,2.095458006522672723e-01,1.000000000000000000e+00
9.846669979925460892e-01,-2.739904182065597965e-02,-1.722235247370855760e-01,0.000000000000000000e+00,3.677382540133782018e-02,-9.327411375509688796e-01,3.586396561824760632e-01,0.000000000000000000e+00,-1.704696313832500254e-01,-3.594808725637153035e-01,-9.174495119824789269e-01,0.000000000000000000e+00,5.434675739197719624e-01,1.428458214111146263e-01,2.177419617556767550e-01,1.000000000000000000e+00
9.832644325667845298e-01,-3.360878138697168116e-02,-1.790034981893100230e-01,0.000000000000000000e+00,3.647140593213119009e-02,-9.265771726085546556e-01,3.743064608730106158e-01,0.000000000000000000e+00,-1.784439748539800308e-01,-3.745779508884095055e-01,-9.098621360110289435e-01,0.000000000000000000e+00,5.379612286995165693e-01,1.376123638510255986e-01,2.257767973197138123e-01,1.000000000000000000e+00
9.753186473212602792e-01,-4.312365098842133732e-02,-2.165055052742637931e-01,0.000000000000000000e+00,4.892141582888661494e-02,-9.141202075963178464e-01,4.024570635963179432e-01,0.000000000000000000e+00,-2.152716200211755304e-01,-4.031233960989831777e-01,-8.894659392754065141e-01,0.000000000000000000e+00,5.192870695963692773e-01,1.226751436712672089e-01,2.484839741673342262e-01,1.000000000000000000e+00
9.710927174894471436e-01,-4.666208763179760521e-02,-2.340562550285969490e-01,0.000000000000000000e+00,5.389099764235862067e-02,-9.124906117275942696e-01,4.055088048160242487e-01,0.000000000000000000e+00,-2.325004990705828167e-01,-4.064079969359309930e-01,-8.836153337049182932e-01,0.000000000000000000e+00,5.123326476464568069e-01,1.177988208555700023e-01,2.557320668246547690e-01,1.000000000000000000e+00
9.659561662201560095e-01,-5.040590665516761493e-02,-2.537098271977989428e-01,0.000000000000000000e+00,5.886313197388363949e-02,-9.122524719847917574e-01,4.053533100309776871e-01,0.000000000000000000e+00,-2.518844676923517878e-01,-4.064955106618139968e-01,-8.782457598799618959e-01,0.000000000000000000e+00,5.050668358518576317e-01,1.131193052124118276e-01,2.628834945055354422e-01,1.000000000000000000e+00
9.520783314700060895e-01,-6.532674866119007884e-02,-2.987641436917340410e-01,0.000000000000000000e+00,6.288449391525087473e-02,-9.142157470558426313e-01,4.002947103839352150e-01,0.000000000000000000e+00,-2.992905990257634374e-01,-3.999072513885029156e-01,-8.663136427539928075e-01,0.000000000000000000e+00,4.889823183595028988e-01,1.034405990718234997e-01,2.769784010366089788e-01,1.000000000000000000e+00
9.336009559902730404e-01,-8.005113785964941553e-02,-3.492303211386891815e-01,0.000000000000000000e+00,6.855298916494199923e-02,-9.167923509798430182e-01,3.934120229004345881e-01,0.000000000000000000e+00,-3.516715379978939682e-01,-3.912381556458644494e-01,-8.504468442701275110e-01,0.000000000000000000e+00,4.720713596974812631e-01,9.255038945167001763e-02,2.917208852493896609e-01,1.000000000000000000e+00
9.234832693558971961e-01,-8.487069612908793026e-02,-3.741074218182736666e-01,0.000000000000000000e+00,7.389780427719777611e-02,-9.175868224867504974e-01,3.905819819485864541e-01,0.000000000000000000e+00,-3.764322526457440921e-01,-3.883491196015259050e-01,-8.411205148329045089e-01,0.000000000000000000e+00,4.640805387716279151e-01,8.636960020818462702e-02,2.994308393384613187e-01,1.000000000000000000e+00
9.034912719472760756e-01,-9.174881992810883513e-02,-4.186483279055354667e-01,0.000000000000000000e+00,8.625817999743874698e-02,-9.178925933127085601e-01,3.873157115666857053e-01,0.000000000000000000e+00,-4.198180416613309651e-01,-3.860556404800368213e-01,-8.214096751007948782e-01,0.000000000000000000e+00,4.499064152845455022e-01,7.288009641218996804e-02,3.156448567764744140e-01,1.000000000000000000e+00
8.932275346259145321e-01,-9.343022638815666470e-02,-4.397682470169679281e-01,0.000000000000000000e+00,9.306096637797756088e-02,-9.185505682687103990e-01,3.841682664812836601e-01,0.000000000000000000e+00,-4.398507698027870338e-01,-3.840823263753102568e-01,-8.117955819478356316e-01,0.000000000000000000e+00,4.434923253179033353e-01,6.589437938614776946e-02,3.237726790316857173e-01,1.000000000000000000e+00
8.822526897806308721e-01,-9.277982452638978972e-02,-4.615223097932563134e-01,0.000000000000000000e+00,1.016795198408199097e-01,-9.196780632816883294e-01,3.792549038108689596e-01,0.000000000000000000e+00,-4.596479971065963177e-01,-3.815333715549328875e-01,-8.019700774628812923e-01,0.000000000000000000e+00,4.371657060553590379e-01,5.876227094778654902e-02,3.319875934541137164e-01,1.000000000000000000e+00
8.568363416928695964e-01,-8.385245929335323478e-02,-5.087052147619928189e-01,0.000000000000000000e+00,1.230343489854452965e-01,-9.249139366750970259e-01,3.596908472773673315e-01,0.000000000000000000e+00,-5.006791445472156266e-01,-3.707915435315097263e-01,-7.821982008806903641e-01,0.000000000000000000e+00,4.242658431822953768e-01,4.473774785222338346e-02,3.476399525729532147e-01,1.000000000000000000e+00
8.288470757370980380e-01,-6.724661398810036217e-02,-5.554018048677957786e-01,0.000000000000000000e+00,1.440433995511067600e-01,-9.336204256632202325e-01,3.280017480614940140e-01,0.000000000000000000e+00,-5.406018846755985541e-01,-3.518720284343289095e-01,-7.641568411593930854e-01,0.000000000000000000e+00,4.118045055474381377e-01,3.049492142485472554e-02,3.618850617662048852e-01,1.000000000000000000e+00
8.149513691752449107e-01,-5.813095862831675620e-02,-5.765898060402687708e-01,0.000000000000000000e+00,1.531558685333643532e-01,-9.379666262709903668e-01,3.110347807509883933e-01,0.000000000000000000e+00,-5.589135059025840402e-01,-3.417929135384523698e-01,-7.555086347452147910e-01,0.000000000000000000e+00,4.059904546749095733e-01,2.330833947760895322e-02,3.684106089251721894e-01,1.000000000000000000e+00
8.016972515325256898e-01,-4.956623297285919771e-02,-5.956554812433798585e-01,0.000000000000000000e+00,1.605623840612839248e-01,-9.420583880834916268e-01,2.944935672766014756e-01,0.000000000000000000e+00,-5.757502642545924143e-01,-3.317409346682572147e-01,-7.473015358449345280e-01,0.000000000000000000e+00,4.006548059046830534e-01,1.558151169737297462e-02,3.746244699855039162e-01,1.000000000000000000e+00
7.886238467520366724e-01,-3.853633625371159083e-02,-6.136514695031448641e-01,0.000000000000000000e+00,1.694280251044563701e-01,-9.457662242774548256e-01,2.771301864221557554e-01,0.000000000000000000e+00,-5.910617951554530958e-01,-3.225274399003782988e-01,-7.393388971364356355e-01,0.000000000000000000e+00,3.957902829143661316e-01,7.774950128489627882e-03,3.804279731070034365e-01,1.000000000000000000e+00
7.618551894597214158e-01,-1.123485930953469457e-02,-6.476350786753256594e-01,0.000000000000000000e+00,1.885568242163653263e-01,-9.526918936238726321e-01,2.383384710155009856e-01,0.000000000000000000e+00,-6.196863195522805956e-01,-3.037012618675880016e-01,-7.237087873584122644e-01,0.000000000000000000e+00,3.868527891292793397e-01,-7.344840337273260585e-03,3.909959493468070368e-01,1.000000000000000000e+00
7.333822352792195298e-01,2.166411963007816577e-02,-6.794570698717599111e-01,0.000000000000000000e+00,2.067300002438609285e-01,-9.592534765482189085e-01,1.925518673774343492e-01,0.000000000000000000e+00,-6.476125582984557649e-01,-2.816837024088830188e-01,-7.079917133211045543e-01,0.000000000000000000e+00,3.786429744936337105e-01,-2.094736860199996817e-02,4.001789030804941416e-01,1.000000000000000000e+00
7.186713210589201761e-01,3.960063408006369440e-02,-6.942075114611566677e-01,0.000000000000000000e+00,2.150044123947437991e-01,-9.620971482799604013e-01,1.676989171806645973e-01,0.000000000000000000e+00,-6.612668150717306847e-01,-2.697832745961400991e-01,-6.999594159900083268e-01,0.000000000000000000e+00,3.748209675366774296e-01,-2.719988913703568281e-02,4.042785678827408025e-01,1.000000000000000000e+00
7.028890779071421679e-01,5.884934399876838584e-02,-7.088472654747075552e-01,0.000000000000000000e+00,2.233158322373061111e-01,-9.644299502559892101e-01,1.413706370594610406e-01,0.000000000000000000e+00,-6.753269658660194796e-01,-2.576696546838100343e-01,-6.910425733841023543e-01,0.000000000000000000e+00,3.710448329545293356e-01,-3.292778470088228437e-02,4.081720554191911043e-01,1.000000000000000000e+00
6.499915400902384066e-01,1.206768580021583409e-01,-7.502858393006328619e-01,0.000000000000000000e+00,2.438791312126902533e-01,-9.682033504641429644e-01,5.555167333356777343e-02,0.000000000000000000e+00,-7.197393192342347312e-01,-2.190913945427616361e-01,-6.587672374864647074e-01,0.000000000000000000e+00,3.598099563892064867e-01,-4.805324232848455501e-02,4.191312336436056607e-01,1.000000000000000000e+00
6.313050299028133416e-01,1.435452179995662658e-01,-7.621216940292889763e-01,0.000000000000000000e+00,2.501794566301192013e-01,-9.678682885730023333e-01,2.493917312651354815e-02,0.000000000000000000e+00,-7.340676537183677963e-01,-2.064153908705711471e-01,-6.469446391895985471e-01,0.000000000000000000e+00,3.563429795605908557e-01,-5.220791823861495318e-02,4.226299404303178187e-01,1.000000000000000000e+00
6.122104229328103608e-01,1.679959822779265310e-01,-7.726295974735321037e-01,0.000000000000000000e+00,2.563272004085934141e-01,-9.665543632977436905e-01,-7.055212398951290348e-03,0.000000000000000000e+00,-7.479881570780462230e-01,-1.937304370178090929e-01,-6.348088173961328184e-01,0.000000000000000000e+00,3.530256239932879625e-01,-5.607335015725473104e-02,4.261295640546137742e-01,1.000000000000000000e+00
5.746588986403372568e-01,2.195917603293429943e-01,-7.883700627942079597e-01,0.000000000000000000e+00,2.679615662187315728e-01,-9.607050668585581654e-01,-7.227115913769384392e-02,0.000000000000000000e+00,-7.732761529042485593e-01,-1.697248798026462779e-01,-6.109316299927368688e-01,0.000000000000000000e+00,3.473036753084610129e-01,-6.259970163126798992e-02,4.332376359419953804e-01,1.000000000000000000e+00
5.565246044343405973e-01,2.448101742742528897e-01,-7.939326735512395317e-01,0.000000000000000000e+00,2.719709563236392125e-01,-9.566229158883918782e-01,-1.043318868553816947e-01,0.000000000000000000e+00,-7.850508112559066998e-01,-1.578664058377420298e-01,-5.989769792356933742e-01,0.000000000000000000e+00,3.448707706066952428e-01,-6.555523359057274790e-02,4.366717714372378989e-01,1.000000000000000000e+00
5.221169940452935476e-01,2.962889784096714441e-01,-7.997421038705343488e-01,0.000000000000000000e+00,2.797004343365922518e-01,-9.453311970417130894e-01,-1.676226173068885439e-01,0.000000000000000000e+00,-8.057014066655826534e-01,-1.361722184647460865e-01,-5.764567375055049681e-01,0.000000000000000000e+00,3.411314268547196438e-01,-7.053752434287334505e-02,4.435150145862072346e-01,1.000000000000000000e+00
4.882943143249409701e-01,3.489623365447556136e-01,-7.998591733376374524e-01,0.000000000000000000e+00,2.857086813203305597e-01,-9.299715853217717099e-01,-2.313096340698255760e-01,0.000000000000000000e+00,-8.245805295636806642e-01,-1.155817557983505883e-01,-5.538120691995169764e-01,0.000000000000000000e+00,3.383540956835770497e-01,-7.500161138222062596e-02,4.507033505835592035e-01,1.000000000000000000e+00
4.710143530559839364e-01,3.771900078225653430e-01,-7.974044921589507062e-01,0.000000000000000000e+00,2.886034673554105368e-01,-9.201047899008329978e-01,-2.647564184928986042e-01,0.000000000000000000e+00,-8.335752171923095366e-01,-1.054316580341294052e-01,-5.422513464870034605e-01,0.000000000000000000e+00,3.373777085053850100e-01,-7.685577118546398079e-02,4.542524812842967941e-01,1.000000000000000000e+00
4.529296127767052371e-01,4.074729918034056819e-01,-7.929699071982075909e-01,0.000000000000000000e+00,2.918530180698813425e-01,-9.081929705889950633e-01,-2.999801508724312393e-01,0.000000000000000000e+00,-8.424197243538237290e-01,-9.556260695535523375e-02,-5.302799224669215716e-01,0.000000000000000000e+00,3.365494403089654418e-01,-7.856160262346052747e-02,4.579712859630125088e-01,1.000000000000000000e+00
4.148577286805816278e-01,4.689704248183183544e-01,-7.797054267484120338e-01,0.000000000000000000e+00,2.963408744587095467e-01,-8.798463373857807746e-01,-3.715282702770846268e-01,0.000000000000000000e+00,-8.602732976350541128e-01,-7.692869475080905961e-02,-5.039958623838557417e-01,0.000000000000000000e+00,3.352190361000508823e-01,-8.192774979349090603e-02,4.655304428262772021e-01,1.000000000000000000e+00
3.966355663924668873e-01,4.964186203578601631e-01,-7.721590041796664305e-01,0.000000000000000000e+00,2.965470965702100559e-01,-8.653461507212707460e-01,-4.040007498122577534e-01,0.000000000000000000e+00,-8.687550430836562532e-01,-6.874176804730984525e-02,-4.904480038112546958e-01,0.000000000000000000e+00,3.349072651875473206e-01,-8.374092417710143899e-02,4.691317576418198576e-01,1.000000000000000000e+00
3.637340962108636111e-01,5.457260471852272143e-01,-7.548916051847851527e-01,0.000000000000000000e+00,2.953973798095288483e-01,-8.361519004870330285e-01,-4.621375706592096289e-01,0.000000000000000000e+00,-8.834215686313349192e-01,-5.489886759630452362e-02,-4.653519597182277923e-01,0.000000000000000000e+00,3.355197486821681618e-01,-8.776074558079546839e-02,4.753022925983195202e-01,1.000000000000000000e+00
3.513151149160614328e-01,5.665092086197814902e-01,-7.454030812129177619e-01,0.000000000000000000e+00,2.960290027029000570e-01,-8.225215654079787164e-01,-4.855984461453133338e-01,0.000000000000000000e+00,-8.882232017010083247e-01,-5.006382071621345853e-02,-4.566762067540903747e-01,0.000000000000000000e+00,3.368239882324445267e-01,-9.013031298791533696e-02,4.774274228043248192e-01,1.000000000000000000e+00
3.419919604689750092e-01,5.855219195450722669e-01,-7.349736917795419711e-01,0.000000000000000000e+00,2.986309975452336452e-01,-8.093092583554454267e-01,-5.057853285204165772e-01,0.000000000000000000e+00,-8.909865640902145945e-01,-4.651230617451168614e-02,-4.516409502968504741e-01,0.000000000000000000e+00,3.389467924872901494e-01,-9.268424911660634591e-02,4.785215711243990810e-01,1.000000000000000000e+00
3.307547311158832715e-01,6.253394859928000926e-01,-7.067761894715531845e-01,0.000000000000000000e+00,3.122630603057586773e-01,-7.792633135088128382e-01,-5.433426324971714072e-01,0.000000000000000000e+00,-8.905555037935848350e-01,-4.098773870121426993e-02,-4.530241714733500569e-01,0.000000000000000000e+00,3.449855397609727370e-01,-9.777380360865596531e-02,4.779849485934412612e-01,1.000000000000000000e+00
3.156755009921493049e-01,6.674158815402145839e-01,-6.744521970032137936e-01,0.000000000000000000e+00,3.278449976913812569e-01,-7.437413247172720565e-01,-5.825351888922621901e-01,0.000000000000000000e+00,-8.904283505853700653e-01,-3.722440805555021770e-02,-4.535986066102175585e-01,0.000000000000000000e+00,3.503956404348478326e-01,-1.029469990882268954e-01,4.761726877610387709e-01,1.000000000000000000e+00
3.057306603955725621e-01,6.882599294388225264e-01,-6.578812808738080387e-01,0.000000000000000000e+00,3.349784249404941794e-01,-7.245458969896667600e-01,-6.023316734831675179e-01,0.000000000000000000e+00,-8.912430970451116208e-01,-3.622547240636290328e-02,-4.520768265664292240e-01,0.000000000000000000e+00,3.525828218008708603e-01,-1.058862885787045377e-01,4.749470743464047073e-01,1.000000000000000000e+00
2.946436558569676678e-01,7.092403464869577734e-01,-6.404248542018877721e-01,0.000000000000000000e+00,3.421278504425939171e-01,-7.040458890390205449e-01,-6.222930716149693842e-01,0.000000000000000000e+00,-8.922610183574216647e-01,-3.575316146215688773e-02,-4.501021956903095700e-01,0.000000000000000000e+00,3.545027294632979720e-01,-1.090534352089272546e-01,4.737575916023197831e-01,1.000000000000000000e+00
2.820605096921386390e-01,7.307734864539778830e-01,-6.216049607824227774e-01,0.000000000000000000e+00,3.490756143830266445e-01,-6.816757517643081687e-01,-6.429969920620829393e-01,0.000000000000000000e+00,-8.936353878608163104e-01,-3.562376014489166548e-02,-4.473776271518140057e-01,0.000000000000000000e+00,3.562264187787665404e-01,-1.125339193293204004e-01,4.724369427872687766e-01,1.000000000000000000e+00
2.559542589822680903e-01,7.684106046794785261e-01,-5.865264758100562359e-01,0.000000000000000000e+00,3.596806733065279760e-01,-6.388770746341524420e-01,-6.800342959424020561e-01,0.000000000000000000e+00,-8.972811590516915903e-01,-3.690527397188574088e-02,-4.399142215977032144e-01,0.000000000000000000e+00,3.591516670913916798e-01,-1.203341610182436100e-01,4.693107173559447065e-01,1.000000000000000000e+00
2.318997647522106076e-01,7.983699709572871228e-01,-5.557055294692847536e-01,0.000000000000000000e+00,3.653745744367719039e-01,-6.009391415745384268e-01,-7.108827718970356369e-01,0.000000000000000000e+00,-9.015100186624196432e-01,-3.818785900730109484e-02,-4.310700333770863257e-01,0.000000000000000000e+00,3.617215878325303335e-01,-1.282060021874974753e-01,4.650236890628011710e-01,1.000000000000000000e+00
2.199651100159321915e-01,8.129290841575503856e-01,-5.392053425251401855e-01,0.000000000000000000e+00,3.672766963077566116e-01,-5.810859897410609598e-01,-7.262421412842412494e-01,0.000000000000000000e+00,-9.037254284406597282e-01,-3.829036153644494594e-02,-4.263967614829579644e-01,0.000000000000000000e+00,3.628907005809838271e-01,-1.318771857243526135e-01,4.626147780632364759e-01,1.000000000000000000e+00
2.084886818610266201e-01,8.267455169451851660e-01,-5.224988676046090630e-01,0.000000000000000000e+00,3.688949510495141970e-01,-5.612547653166732875e-01,-7.408713453769899537e-01,0.000000000000000000e+00,-9.057844818973407319e-01,-3.828464106015133650e-02,-4.220056381292339176e-01,0.000000000000000000e+00,3.641761136238098606e-01,-1.352889819208975553e-01,4.596363941596497971e-01,1.000000000000000000e+00
1.743359376462893795e-01,8.713500206243229851e-01,-4.586249767557249446e-01,0.000000000000000000e+00,3.710376588764593420e-01,-4.895579143160115887e-01,-7.890784822356019523e-01,0.000000000000000000e+00,-9.121045996839294290e-01,-3.260302830998518253e-02,-4.086590776924420298e-01,0.000000000000000000e+00,3.677784649480098089e-01,-1.431311677041396668e-01,4.489219942028944144e-01,1.000000000000000000e+00
1.631799456775084589e-01,8.859187767427099125e-01,-4.341669877415760825e-01,0.000000000000000000e+00,3.688757395743565981e-01,-4.629349262239183527e-01,-8.059793358000778563e-01,0.000000000000000000e+00,-9.150409070638966247e-01,-2.863455577282467135e-02,-4.023433864441842145e-01,0.000000000000000000e+00,3.686393867251097634e-01,-1.448962363822526300e-01,4.452056135178675267e-01,1.000000000000000000e+00
1.523311124046896059e-01,8.993778307698170327e-01,-4.097505297306355820e-01,0.000000000000000000e+00,3.656937662242461529e-01,-4.364562800621877847e-01,-8.220430231078005301e-01,0.000000000000000000e+00,-9.181831407526180877e-01,-2.462096030483189313e-02,-3.953903493401499936e-01,0.000000000000000000e+00,3.693612755030528660e-01,-1.464933826399811012e-01,4.417573649994013252e-01,1.000000000000000000e+00
1.309154232957369657e-01,9.233622918283589387e-01,-3.608933040027021977e-01,0.000000000000000000e+00,3.588910745104531563e-01,-3.834769155294492915e-01,-8.509544046504254888e-01,0.000000000000000000e+00,-9.241512531490170268e-01,-1.811867840768046495e-02,-3.815968747197234223e-01,0.000000000000000000e+00,3.707271374763663196e-01,-1.497700029204952765e-01,4.350863990591631869e-01,1.000000000000000000e+00
1.207959503367275617e-01,9.326719550940349990e-01,-3.398707246358917966e-01,0.000000000000000000e+00,3.565861185952227119e-01,-3.602948935847549716e-01,-8.619829908896999848e-01,0.000000000000000000e+00,-9.264188843704652676e-01,-1.706945660337663359e-02,-3.761072776922140259e-01,0.000000000000000000e+00,3.714468911916380955e-01,-1.517432224150886133e-01,4.320286201563315887e-01,1.000000000000000000e+00
9.639678388068376180e-02,9.481429771615598190e-01,-3.028420410344024871e-01,0.000000000000000000e+00,3.568854228987655697e-01,-3.169531436211173170e-01,-8.787230772958388725e-01,0.000000000000000000e+00,-9.291597407386150698e-01,-2.337428134037964136e-02,-3.689387742734154263e-01,0.000000000000000000e+00,3.733154951977883385e-01,-1.571997827161042416e-01,4.258403415561757832e-01,1.000000000000000000e+00
6.389596955322192351e-02,9.594733694954405978e-01,-2.744246803863090167e-01,0.000000000000000000e+00,3.621660739798001627e-01,-2.785336299305359864e-01,-8.895141925551192097e-01,0.000000000000000000e+00,-9.299195857490547557e-01,-4.255175658718365894e-02,-3.652929126764594137e-01,0.000000000000000000e+00,3.757598896783616027e-01,-1.646191545683013679e-01,4.205731699552373026e-01,1.000000000000000000e+00
4.551879883788122888e-02,9.648913473768152560e-01,-2.586377265808658121e-01,0.000000000000000000e+00,3.632335094344156801e-01,-2.571708047381500717e-01,-8.954916759610325183e-01,0.000000000000000000e+00,-9.305841586919513242e-01,-5.318520761909582839e-02,-3.621939498143319502e-01,0.000000000000000000e+00,3.768873100804495668e-01,-1.681625827427462860e-01,4.182970605266910780e-01,1.000000000000000000e+00
2.542467249575026955e-02,9.706051808711261275e-01,-2.392904423411444104e-01,0.000000000000000000e+00,3.622923626995399604e-01,-2.320413829553990004e-01,-9.027080300002537916e-01,0.000000000000000000e+00,-9.317163143273082815e-01,-6.374327096064404119e-02,-3.575493043253957226e-01,0.000000000000000000e+00,3.777506984287462011e-01,-1.717330328473146428e-01,4.163953209148835710e-01,1.000000000000000000e+00
4.837193610372643102e-03,9.761291049649896134e-01,-2.170928808124127918e-01,0.000000000000000000e+00,3.582499323300082916e-01,-2.043768621072201974e-01,-9.109708179310460618e-01,0.000000000000000000e+00,-9.336118658440003548e-01,-7.336838020931384097e-02,-3.506935481880808503e-01,0.000000000000000000e+00,3.782342482938527706e-01,-1.750813138197084839e-01,4.149089702290992276e-01,1.000000000000000000e+00
-3.316624361216182620e-02,9.841058320370285051e-01,-1.744031494456873277e-01,0.000000000000000000e+00,3.447688407478330386e-01,-1.525222619770047472e-01,-9.262030840760687722e-01,0.000000000000000000e+00,-9.381002808766958356e-01,-9.084919790654563676e-02,-3.342368714830871168e-01,0.000000000000000000e+00,3.787033943008946135e-01,-1.813654777244682048e-01,4.126009908754589839e-01,1.000000000000000000e+00
-6.366426601164119903e-02,9.856607414041657078e-01,-1.562066291454940747e-01,0.000000000000000000e+00,3.308621356212240183e-01,-1.268245067791331782e-01,-9.351077684382698152e-01,0.000000000000000000e+00,-9.415279723597349548e-01,-1.112179499268542426e-01,-3.180497522058991500e-01,0.000000000000000000e+00,3.795376297018532852e-01,-1.883161034433521730e-01,4.104209003472800155e-01,1.000000000000000000e+00
-7.452088032507993287e-02,9.847996182250587927e-01,-1.568346174814794491e-01,0.000000000000000000e+00,3.267349770049325364e-01,-1.244775898663538910e-01,-9.368726334587099691e-01,0.000000000000000000e+00,-9.421723466846185779e-01,-1.210622593578469103e-01,-3.124983175986270068e-01,0.000000000000000000e+00,3.803770670582739544e-01,-1.915021435175265352e-01,4.088598244173808904e-01,1.000000000000000000e+00
-8.374257369465623602e-02,9.838419269828897473e-01,-1.581865701088365217e-01,0.000000000000000000e+00,3.251773749838221539e-01,-1.230731343028615421e-01,-9.375998215191323482e-01,0.000000000000000000e+00,-9.419366673298220638e-01,-1.299582178737557769e-01,-3.096226353913190121e-01,0.000000000000000000e+00,3.815854067882969991e-01,-1.943111328109948521e-01,4.066911747248762032e-01,1.000000000000000000e+00
-9.233180624333145459e-02,9.832836418272542511e-01,-1.568721268166647087e-01,0.000000000000000000e+00,3.256100234062297982e-01,-1.190670675959066976e-01,-9.379668933244470486e-01,0.000000000000000000e+00,-9.409839237654972210e-01,-1.376859652231422482e-01,-3.091792848744244204e-01,0.000000000000000000e+00,3.831594378291668934e-01,-1.966886250165827688e-01,4.037507666873862422e-01,1.000000000000000000e+00
-1.068304616326208878e-01,9.836202681916365043e-01,-1.451177706939524858e-01,0.000000000000000000e+00,3.308953469980444595e-01,-1.024604017311745024e-01,-9.380782922087783637e-01,0.000000000000000000e+00,-9.375996981504013394e-01,-1.482369861149007428e-01,-3.145355337252803696e-01,0.000000000000000000e+00,3.869058680407887474e-01,-1.997685514931201445e-01,3.962866778634961396e-01,1.000000000000000000e+00
-1.151602516764100997e-01,9.845072917902455423e-01,-1.321523959180105900e-01,0.000000000000000000e+00,3.347529797167937970e-01,-8.679169137234775400e-02,-9.382901426428091884e-01,0.000000000000000000e+00,-9.352412234990575834e-01,-1.522950694345254208e-01,-3.195779493236646784e-01,0.000000000000000000e+00,3.898429111175511497e-01,-2.016279949605913890e-01,3.890163214373046907e-01,1.000000000000000000e+00
-1.168467880729194552e-01,9.849367960738579786e-01,-1.273855673065608651e-01,0.000000000000000000e+00,3.328875344797142533e-01,-8.200233935038404864e-02,-9.393839750763743890e-01,0.000000000000000000e+00,-9.356977722951118626e-01,-1.521719974663270081e-01,-3.182975999109537990e-01,0.000000000000000000e+00,3.904876643199391428e-01,-2.023379075743596545e-01,3.861271485265127534e-01,1.000000000000000000e+00
-1.160600390252012337e-01,9.856995306878485463e-01,-1.220952474277030575e-01,0.000000000000000000e+00,3.247240615111889328e-01,-7.851423835656304306e-02,-9.425341082168723350e-01,0.000000000000000000e+00,-9.386597155936393655e-01,-1.490406795130973239e-01,-3.109739766796287830e-01,0.000000000000000000e+00,3.905283410517988996e-01,-2.034131339984857068e-01,3.819329332657581677e-01,1.000000000000000000e+00
-1.152860968258223318e-01,9.863301630608924953e-01,-1.176548860700167148e-01,0.000000000000000000e+00,3.179897314372745476e-01,-7.556501450507345508e-02,-9.450678315256036965e-01,0.000000000000000000e+00,-9.410576198200493181e-01,-1.463690452136058862e-01,-3.049371390662033998e-01,0.000000000000000000e+00,3.904765945101205116e-01,-2.042807076287391777e-01,3.786290313096332127e-01,1.000000000000000000e+00
