9.996702386137154006e-01,1.984869807751838203e-02,1.569044664224349128e-02,0.000000000000000000e+00,2.282716159276920037e-02,-9.750042618731530331e-01,-2.209668683853162618e-01,0.000000000000000000e+00,1.091255779171904430e-02,2.212564302773501745e-01,-9.751546073025376682e-01,0.000000000000000000e+00,6.229355509731354656e-01,2.952366911945769057e-01,2.859780313224062967e-02,1.000000000000000000e+00
9.996700125515715074e-01,1.984877734900796983e-02,1.570474272628814491e-02,0.000000000000000000e+00,2.283047356925761370e-02,-9.750027481988058353e-01,-2.209732051235800687e-01,0.000000000000000000e+00,1.092632973499729591e-02,2.212630934533720839e-01,-9.751529412322801349e-01,0.000000000000000000e+00,6.229392907324227124e-01,2.952392197720151712e-01,2.860681000741360780e-02,1.000000000000000000e+00
9.996701804180390116e-01,1.984776965480959665e-02,1.569532809160843756e-02,0.000000000000000000e+00,2.282739754955631292e-02,-9.750030168728069935e-01,-2.209723374344572389e-01,0.000000000000000000e+00,1.091739438031539590e-02,2.212619999036606055e-01,-9.751532894363721393e-01,0.000000000000000000e+00,6.229353610144928721e-01,2.952409435477679756e-01,2.860112371146529206e-02,1.000000000000000000e+00
9.996701234084526266e-01,1.985845221195784230e-02,1.568544361767110554e-02,0.000000000000000000e+00,2.283565342129217565e-02,-9.750023300161015927e-01,-2.209745150400921621e-01,0.000000000000000000e+00,1.090534218921190845e-02,2.212640680934262194e-01,-9.751529550191004869e-01,0.000000000000000000e+00,6.229283411406812965e-01,2.952462311901077885e-01,2.859741753373971559e-02,1.000000000000000000e+00
9.996703003092335393e-01,1.985351034200436363e-02,1.568042435506921545e-02,0.000000000000000000e+00,2.282968807024566074e-02,-9.750031721620761038e-01,-2.209714156123197826e-01,0.000000000000000000e+00,1.090161509176584484e-02,2.212608005578113601e-01,-9.751537380971819768e-01,0.000000000000000000e+00,6.229289126682985289e-01,2.952430157347700757e-01,2.859592769528862891e-02,1.000000000000000000e+00
9.996703122467025526e-01,1.985562402888235364e-02,1.567698657945580318e-02,0.000000000000000000e+00,2.283099837695478848e-02,-9.750029477284409829e-01,-2.209722705118685182e-01,0.000000000000000000e+00,1.089777561832719517e-02,2.212615998870549605e-01,-9.751535996457140199e-01,0.000000000000000000e+00,6.229275373294234086e-01,2.952413168150425093e-01,2.859191228970088192e-02,1.000000000000000000e+00
9.996699344004496002e-01,1.985514180057735764e-02,1.570167192016140925e-02,0.000000000000000000e+00,2.283602773942681671e-02,-9.750020851319489701e-01,-2.209755568533414150e-01,0.000000000000000000e+00,1.092187212631352128e-02,2.212654442846647973e-01,-9.751524577596911714e-01,0.000000000000000000e+00,6.229353054244898269e-01,2.952448583231313539e-01,2.860610127525112234e-02,1.000000000000000000e+00
9.996710668209785045e-01,1.980875203505695972e-02,1.568816130171636972e-02,0.000000000000000000e+00,2.278745303729489205e-02,-9.750100966734068786e-01,-2.209452200664119847e-01,0.000000000000000000e+00,1.091967682740464102e-02,2.212342965374576309e-01,-9.751595493525976321e-01,0.000000000000000000e+00,6.229444851982663955e-01,2.952080914031229297e-01,2.859063097325858366e-02,1.000000000000000000e+00
9.996765137594165740e-01,1.954558722837025295e-02,1.567114414857405727e-02,0.000000000000000000e+00,2.252594133206906740e-02,-9.750378066198143179e-01,-2.208497329188649494e-01,0.000000000000000000e+00,1.096353138067332304e-02,2.211355558874300575e-01,-9.751814533213918335e-01,0.000000000000000000e+00,6.230146999700201249e-01,2.950358531575082432e-01,2.855686473402602871e-02,1.000000000000000000e+00
9.996787065406110839e-01,1.942957318244403764e-02,1.567553113764814932e-02,0.000000000000000000e+00,2.241351305502746818e-02,-9.750452967100553536e-01,-2.208281021458557147e-01,0.000000000000000000e+00,1.099396880578026869e-02,2.211127523484502921e-01,-9.751862813836085220e-01,0.000000000000000000e+00,6.230486367762922972e-01,2.949642168638861861e-01,2.855724030782787193e-02,1.000000000000000000e+00
9.996826132819195410e-01,1.925556370355951952e-02,1.564106356673130444e-02,0.000000000000000000e+00,2.223575050460989758e-02,-9.750577663781282434e-01,-2.207910109728208059e-01,0.000000000000000000e+00,1.099969690644599617e-02,2.210729819655249950e-01,-9.751952334342272044e-01,0.000000000000000000e+00,6.230883505663855626e-01,2.948476580756372312e-01,2.852883741704864695e-02,1.000000000000000000e+00
9.996884294522526693e-01,1.915428871676803924e-02,1.539169075349613308e-02,0.000000000000000000e+00,2.207951019056678121e-02,-9.751088489583554786e-01,-2.205809937734071746e-01,0.000000000000000000e+00,1.078370943382014543e-02,2.208563603945218889e-01,-9.752467275946798964e-01,0.000000000000000000e+00,6.230397909612490626e-01,2.946937670895381500e-01,2.837715937546879744e-02,1.000000000000000000e+00
9.997040494730450311e-01,1.886996558092806156e-02,1.471342133489567452e-02,0.000000000000000000e+00,2.164144067540780744e-02,-9.753543620600555464e-01,-2.195364738651031933e-01,0.000000000000000000e+00,1.020835051660616381e-02,2.197941532834753464e-01,-9.754928599237054909e-01,0.000000000000000000e+00,6.230136712700016233e-01,2.941985375643335066e-01,2.829146098171710436e-02,1.000000000000000000e+00
9.997507229747233382e-01,1.736540480260553854e-02,1.332972350680357645e-02,0.000000000000000000e+00,1.984383529694808482e-02,-9.759976263232378324e-01,-2.168308154145099642e-01,0.000000000000000000e+00,9.244601606061239249e-03,2.170454561092867718e-01,-9.761177220619737804e-01,0.000000000000000000e+00,6.231297992637128136e-01,2.928684902253813616e-01,2.842639449641672436e-02,1.000000000000000000e+00
9.998022312992947969e-01,1.499117385350295234e-02,1.230893564260145817e-02,0.000000000000000000e+00,1.726491763725800446e-02,-9.770107611168800110e-01,-2.124444449309078331e-01,0.000000000000000000e+00,8.841341195762148636e-03,2.126190364044466818e-01,-9.770951724598299082e-01,0.000000000000000000e+00,6.235833873843167341e-01,2.906123988998386420e-01,2.884521929082619479e-02,1.000000000000000000e+00
9.998394865667981080e-01,1.259205418222736003e-02,1.196612612843476336e-02,0.000000000000000000e+00,1.479515559899871428e-02,-9.782646194392264904e-01,-2.067853588275410381e-01,0.000000000000000000e+00,9.102360629395667840e-03,2.069331918028322892e-01,-9.783127317791916466e-01,0.000000000000000000e+00,6.243264608527566706e-01,2.876179728178314132e-01,2.962386813655073711e-02,1.000000000000000000e+00
9.998687628225914059e-01,8.962090680275829405e-03,1.276263936132692074e-02,0.000000000000000000e+00,1.123746640857918935e-02,-9.814824524500729286e-01,-1.911718122070162618e-01,0.000000000000000000e+00,1.081321565148817693e-02,1.912938260880217012e-01,-9.814732530578099690e-01,0.000000000000000000e+00,6.263803449915116284e-01,2.797065121396009046e-01,3.217738187947690592e-02,1.000000000000000000e+00
9.999034952021946809e-01,6.147815596079910308e-03,1.165982620109625931e-02,0.000000000000000000e+00,8.048308138103397319e-03,-9.852824213726097957e-01,-1.706883762048533870e-01,0.000000000000000000e+00,1.043906211519238410e-02,1.707690336647988694e-01,-9.852557856330231845e-01,0.000000000000000000e+00,6.280732515968072693e-01,2.704142194532948573e-01,3.622363797500865318e-02,1.000000000000000000e+00
9.999145580342162498e-01,5.227124546710186330e-03,1.114902244231377564e-02,0.000000000000000000e+00,6.945803906899142982e-03,-9.870550839549295796e-01,-1.601710459103694029e-01,0.000000000000000000e+00,1.016766103604544412e-02,1.602378845808052066e-01,-9.870260579205215601e-01,0.000000000000000000e+00,6.286961819894020254e-01,2.659314748277720741e-01,3.885911487777653911e-02,1.000000000000000000e+00
9.999109149061407020e-01,4.698481752643281911e-03,1.169758188658329146e-02,0.000000000000000000e+00,6.401758854392340312e-03,-9.886365849310564391e-01,-1.501248391194365539e-01,0.000000000000000000e+00,1.085950767025585170e-02,1.501892419407829249e-01,-9.885976242629822552e-01,0.000000000000000000e+00,6.293293450629506847e-01,2.618026383315821271e-01,4.225441636657115141e-02,1.000000000000000000e+00
9.999075173805446193e-01,4.724327781056334580e-03,1.197431894102703870e-02,0.000000000000000000e+00,6.354615416171449822e-03,-9.901218260335064025e-01,-1.399969120237861131e-01,0.000000000000000000e+00,1.119485877038319324e-02,1.400627535764188969e-01,-9.900793403549547067e-01,0.000000000000000000e+00,6.296784518381375317e-01,2.579628425209455345e-01,4.598471962299276183e-02,1.000000000000000000e+00
9.999000264575267360e-01,6.498262696653655211e-03,1.176675713061034814e-02,0.000000000000000000e+00,7.833777111382837083e-03,-9.930600682921238986e-01,-1.172649973394438994e-01,0.000000000000000000e+00,1.092328818901322496e-02,1.173477114020172879e-01,-9.930308134211388582e-01,0.000000000000000000e+00,6.296605739901733889e-01,2.506423547097964555e-01,5.489734230966356737e-02,1.000000000000000000e+00
9.998993926183474823e-01,9.908097685788251965e-03,9.153203970005657775e-03,0.000000000000000000e+00,1.070297134543381733e-02,-9.957545023102195580e-01,-9.131902558894355870e-02,0.000000000000000000e+00,8.209704299838711111e-03,9.140956461807195343e-02,-9.957795399844503459e-01,0.000000000000000000e+00,6.284311149928516471e-01,2.435739165300530584e-01,6.510636828490579120e-02,1.000000000000000000e+00
9.998913503982398421e-01,1.192061123069748305e-02,7.478858728389525465e-03,0.000000000000000000e+00,1.246642262170775950e-02,-9.968840356203189090e-01,-7.776602557397184479e-02,0.000000000000000000e+00,6.528662010142165066e-03,7.785230983811143590e-02,-9.969435261965583495e-01,0.000000000000000000e+00,6.276253988209123946e-01,2.402760833643233784e-01,7.086306848990001073e-02,1.000000000000000000e+00
9.998729814529101478e-01,1.405981172362468640e-02,6.090119536835438691e-03,0.000000000000000000e+00,1.441970280640389977e-02,-9.978519008950262892e-01,-6.375267015871563525e-02,0.000000000000000000e+00,5.180786563394886891e-03,6.383361909593029959e-02,-9.979471070771738228e-01,0.000000000000000000e+00,6.267969443312615407e-01,2.370754861254307788e-01,7.723124448057137881e-02,1.000000000000000000e+00
9.998156155889670327e-01,1.863937287747313015e-02,1.433703036870972568e-03,0.000000000000000000e+00,1.867648403576315300e-02,-9.992736340869323719e-01,-3.292628226760420385e-02,0.000000000000000000e+00,8.189521585675350402e-04,3.294762205014313550e-02,-9.994567441958670528e-01,0.000000000000000000e+00,6.244013450010192923e-01,2.306321356316592686e-01,9.073531762851379245e-02,1.000000000000000000e+00
9.997295451737617800e-01,2.239059383109723994e-02,-4.499412824161952602e-03,0.000000000000000000e+00,2.240171543932873571e-02,-9.997364514074549291e-01,2.436754770833062054e-03,0.000000000000000000e+00,-4.443752179904950778e-03,-2.536939148415946407e-03,-9.999869084174655143e-01,0.000000000000000000e+00,6.214408736851234627e-01,2.233958160278475824e-01,1.059827396149060075e-01,1.000000000000000000e+00
9.996822634542188446e-01,2.370724879762342585e-02,-7.354277034876211504e-03,0.000000000000000000e+00,2.385743820783843214e-02,-9.994840019414192867e-01,2.105467659529333679e-02,0.000000000000000000e+00,-6.851465697751816554e-03,-2.122384958987529047e-02,-9.997512718803507337e-01,0.000000000000000000e+00,6.198005319844950289e-01,2.195443445960192641e-01,1.141338305690565158e-01,1.000000000000000000e+00
9.996382895922018008e-01,2.474919869455055946e-02,-9.566297421852994892e-03,0.000000000000000000e+00,2.511162137308261752e-02,-9.988812251753486082e-01,3.983028201529333068e-02,0.000000000000000000e+00,-8.569992324384847343e-03,-4.005687144544609057e-02,-9.991606488856348278e-01,0.000000000000000000e+00,6.180395765976274269e-01,2.156568241625608229e-01,1.226272089406021670e-01,1.000000000000000000e+00
9.996069032681469402e-01,2.562250356778375190e-02,-1.050110236084152680e-02,0.000000000000000000e+00,2.619007130845467032e-02,-9.979608045265411231e-01,5.804360166982206609e-02,0.000000000000000000e+00,-8.992639305741869510e-03,-5.829693193593817740e-02,-9.982587841662970973e-01,0.000000000000000000e+00,6.162669682724499776e-01,2.119208569711193424e-01,1.314060239706024424e-01,1.000000000000000000e+00
9.996246036070114416e-01,2.641816065654390908e-02,-5.786151765943125559e-03,0.000000000000000000e+00,2.687905994238965618e-02,-9.941290854513133990e-01,1.047168778065750289e-01,0.000000000000000000e+00,-2.985811948146043556e-03,-1.048351121892857896e-01,-9.944851352228800678e-01,0.000000000000000000e+00,6.107239051070990632e-01,2.025865118073787718e-01,1.582561516792519440e-01,1.000000000000000000e+00
9.996526060145184411e-01,2.592214861797301900e-02,-1.859139752248563024e-03,0.000000000000000000e+00,2.596163326043236103e-02,-9.927858842717450782e-01,1.169740505002222347e-01,0.000000000000000000e+00,1.186513862660723388e-03,-1.169839330262683608e-01,-9.931330986320813237e-01,0.000000000000000000e+00,6.087198576279440054e-01,2.001399996268443393e-01,1.671727213197046480e-01,1.000000000000000000e+00
9.996438767421453875e-01,2.546180599047672549e-02,6.675554572166289384e-03,0.000000000000000000e+00,2.430939310118818836e-02,-9.902820176281103004e-01,1.368624341105300624e-01,0.000000000000000000e+00,1.009564076758711140e-02,-1.366540465482119771e-01,-9.905673877124619997e-01,0.000000000000000000e+00,6.037674040201458370e-01,1.958713379834078616e-01,1.840338671154390371e-01,1.000000000000000000e+00
9.996081218112403688e-01,2.539886069273947916e-02,1.092005429122850160e-02,0.000000000000000000e+00,2.357003123863545338e-02,-9.893520115089176059e-01,1.435541634780281572e-01,0.000000000000000000e+00,1.445016808936843387e-02,-1.432432795886968702e-01,-9.895820104947660178e-01,0.000000000000000000e+00,6.010467845092487549e-01,1.942068035986567465e-01,1.918967107833627617e-01,1.000000000000000000e+00
9.996470358448030780e-01,2.018417850263424032e-02,1.670776963214803609e-02,0.000000000000000000e+00,1.729589361833408501e-02,-9.872957156941031265e-01,1.578884692978563542e-01,0.000000000000000000e+00,1.968273737812661558e-02,-1.575467977855801172e-01,-9.873153479799720023e-01,0.000000000000000000e+00,5.943170781690452209e-01,1.901169945427519103e-01,2.060058810544267704e-01,1.000000000000000000e+00
9.997053457493574324e-01,1.412519717582136868e-02,1.924700979661031139e-02,0.000000000000000000e+00,1.060954640742764465e-02,-9.850554635190029718e-01,1.718543517563612399e-01,0.000000000000000000e+00,2.138726053167618393e-02,-1.716028159834525058e-01,-9.849340377068404040e-01,0.000000000000000000e+00,5.864755571631117270e-01,1.849104159173593498e-01,2.181076658900941156e-01,1.000000000000000000e+00
9.997148148812927682e-01,1.122688436403869623e-02,2.061535533400630713e-02,0.000000000000000000e+00,7.415631667541250360e-03,-9.842781446784422128e-01,1.764151048423669987e-01,0.000000000000000000e+00,2.227226449228624991e-02,-1.762153106886835685e-01,-9.840996446058073444e-01,0.000000000000000000e+00,5.825376549088595590e-01,1.822364875988910504e-01,2.234242904323328616e-01,1.000000000000000000e+00
9.996928133390358129e-01,1.054213458364193327e-02,2.199748299039317942e-02,0.000000000000000000e+00,6.418442827459036083e-03,-9.836847680187146281e-01,1.797326560779829163e-01,0.000000000000000000e+00,2.353380790057848712e-02,-1.795397117123808672e-01,-9.834691920970040080e-01,0.000000000000000000e+00,5.787536839092146668e-01,1.795068003280895774e-01,2.282843581517497444e-01,1.000000000000000000e+00
9.996467111018629836e-01,1.341796076653751363e-02,2.252017347411244472e-02,0.000000000000000000e+00,9.082886478394058827e-03,-9.831369289264616507e-01,1.825925164279040280e-01,0.000000000000000000e+00,2.459090686108211798e-02,-1.823269706990073291e-01,-9.829303958345539938e-01,0.000000000000000000e+00,5.750100373431561440e-01,1.765238222605806373e-01,2.326142285857491498e-01,1.000000000000000000e+00
9.996058326494799973e-01,1.974055077578124387e-02,1.947400547953396024e-02,0.000000000000000000e+00,1.579598765735984109e-02,-9.825640172161033137e-01,1.852003934857857359e-01,0.000000000000000000e+00,2.279085362111640117e-02,-1.848233408092157248e-01,-9.825074603703226606e-01,0.000000000000000000e+00,5.668168548091773173e-01,1.702835745446353299e-01,2.400708282680654448e-01,1.000000000000000000e+00
9.996833000017907311e-01,2.229645690471742520e-02,1.081270587013318137e-02,0.000000000000000000e+00,1.992603396142010944e-02,-9.826920969066038625e-01,1.841193709229921316e-01,0.000000000000000000e+00,1.473105384229869176e-02,-1.838491456399312385e-01,-9.828440810729658361e-01,0.000000000000000000e+00,5.575244439879450953e-01,1.631322654568539421e-01,2.458523082843598329e-01,1.000000000000000000e+00
9.997979971365111851e-01,1.895792633422677120e-02,5.030790408566919274e-03,0.000000000000000000e+00,1.771627860548631930e-02,-9.829166000587891139e-01,1.831443084085644657e-01,0.000000000000000000e+00,8.417045765553120631e-03,-1.830217095844058894e-01,-9.830728391942187283e-01,0.000000000000000000e+00,5.526417873663956870e-01,1.585816355057414473e-01,2.481954714647156002e-01,1.000000000000000000e+00
9.999198294783819829e-01,1.182129795305429318e-02,-1.156906148679986588e-03,0.000000000000000000e+00,1.183371055072335483e-02,-9.830917182303866575e-01,1.826783614515851417e-01,0.000000000000000000e+00,1.022170166700975269e-03,-1.826809236984285045e-01,-9.831717221751444802e-01,0.000000000000000000e+00,5.475068657722819143e-01,1.535548790089546201e-01,2.502748597505174422e-01,1.000000000000000000e+00
9.999452026733780530e-01,5.457659668565033317e-03,-7.781548859138236358e-03,0.000000000000000000e+00,6.785476104314358721e-03,-9.831959512011951841e-01,1.823744109156303639e-01,0.000000000000000000e+00,-6.655578005847235558e-03,-1.824207309636609875e-01,-9.831980371197307500e-01,0.000000000000000000e+00,5.423687458570670694e-01,1.481268657480467599e-01,2.522373796421388814e-01,1.000000000000000000e+00
9.997738780492180233e-01,-4.110876702277064046e-03,-2.039706754350716078e-02,0.000000000000000000e+00,-3.449320191618459350e-04,-9.834191400967956520e-01,1.812937473118959308e-01,0.000000000000000000e+00,-2.080454341815482500e-02,-1.812492068232812725e-01,-9.832171153916582362e-01,0.000000000000000000e+00,5.326147678769050930e-01,1.363976474891411550e-01,2.560823682257079015e-01,1.000000000000000000e+00
9.993491546620397736e-01,-3.383055684218738788e-03,-3.564504049250527551e-02,0.000000000000000000e+00,3.138099876526771834e-03,-9.834102314773404130e-01,1.813152388963962802e-01,0.000000000000000000e+00,-3.566778378670276001e-02,-1.813125792446280971e-01,-9.827784886775888795e-01,0.000000000000000000e+00,5.224652465178601934e-01,1.243098605249629701e-01,2.597530646271076216e-01,1.000000000000000000e+00
9.989149233510560277e-01,-3.745211943395454664e-03,-4.621359318708312403e-02,0.000000000000000000e+00,4.749037967438800301e-03,-9.832156854863577378e-01,1.823324144335928820e-01,0.000000000000000000e+00,-4.612169122590807635e-02,-1.823575508449445104e-01,-9.821499443813532793e-01,0.000000000000000000e+00,5.167469965275224286e-01,1.176977408058743624e-01,2.613529884278222859e-01,1.000000000000000000e+00
9.974741183594478811e-01,-1.088404095669971705e-02,-7.005474828092367323e-02,0.000000000000000000e+00,2.158959070866423198e-03,-9.830138799321535004e-01,1.834660667744103524e-01,0.000000000000000000e+00,-7.086300643270199151e-02,-1.831574248869346222e-01,-9.805262831908717613e-01,0.000000000000000000e+00,5.048330521530909332e-01,1.035246740057716858e-01,2.641585353465213393e-01,1.000000000000000000e+00
9.947821946576267393e-01,-1.903477059736302657e-02,-1.001339582842412784e-01,0.000000000000000000e+00,-4.654366417518669870e-04,-9.832362974943555933e-01,1.822825102952338461e-01,0.000000000000000000e+00,-1.019270105750370581e-01,-1.812882799870894068e-01,-9.781336534720389553e-01,0.000000000000000000e+00,4.916478929699847900e-01,8.901646949486242966e-02,2.668799749504635610e-01,1.000000000000000000e+00
9.930223751154727552e-01,-2.094867840322193683e-02,-1.159675053383156379e-01,0.000000000000000000e+00,1.429312723997935896e-04,-9.838485687554200387e-01,1.789489319045277360e-01,0.000000000000000000e+00,-1.178454766649108393e-01,-1.777202904336152023e-01,-9.769994585453010139e-01,0.000000000000000000e+00,4.850926450793294209e-01,8.178371217626588530e-02,2.683277898545614604e-01,1.000000000000000000e+00
9.909856775809743334e-01,-2.014296821840348695e-02,-1.323721819792126053e-01,0.000000000000000000e+00,3.163999090621901281e-03,-9.848111272251544035e-01,1.735447484209294011e-01,0.000000000000000000e+00,-1.338598813176345992e-01,-1.724025048503981528e-01,-9.758887787524442858e-01,0.000000000000000000e+00,4.785463802569022707e-01,7.497636789901515608e-02,2.698681055349953506e-01,1.000000000000000000e+00
9.855605464908169244e-01,-1.126685539502542133e-02,-1.688911308252685484e-01,0.000000000000000000e+00,1.616180606266210545e-02,-9.869502808256567228e-01,1.601520718072620697e-01,0.000000000000000000e+00,-1.684948032783210869e-01,-1.605722406273154268e-01,-9.725358897275324654e-01,0.000000000000000000e+00,4.647919919811810963e-01,6.125609726197912830e-02,2.738557886141498865e-01,1.000000000000000000e+00
9.818647719094493187e-01,-4.361009151878907780e-03,-1.894816565886797977e-01,0.000000000000000000e+00,2.498602713883203361e-02,-9.880220063234574912e-01,1.522135354349131442e-01,0.000000000000000000e+00,-1.878794683872771487e-01,-1.541904707095327898e-01,-9.700137133571291592e-01,0.000000000000000000e+00,4.575236188936803172e-01,5.424710334561588798e-02,2.761273357466159095e-01,1.000000000000000000e+00
9.731031276630178750e-01,2.897288090235481447e-03,-2.303099119781490678e-01,0.000000000000000000e+00,3.558380396297892989e-02,-9.897974707680887718e-01,1.378967246087702547e-01,0.000000000000000000e+00,-2.275650231627741604e-01,-1.423857781372946107e-01,-9.632966575345122129e-01,0.000000000000000000e+00,4.427198161986052871e-01,4.005559031624781469e-02,2.821259445064615567e-01,1.000000000000000000e+00
9.639885430706304215e-01,5.217691161005465032e-03,-2.658563736845893088e-01,0.000000000000000000e+00,4.053312688071380315e-02,-9.909973488685213105e-01,1.275228099676379567e-01,0.000000000000000000e+00,-2.628026466281503382e-01,-1.337090922299421780e-01,-9.555399769660525289e-01,0.000000000000000000e+00,4.291085506453719001e-01,2.584189956553659476e-02,2.898679195453452984e-01,1.000000000000000000e+00
9.601332795563940481e-01,6.006553374539634095e-03,-2.794436503233714841e-01,0.000000000000000000e+00,4.233022531479752049e-02,-9.913526191049492065e-01,1.241325240207579172e-01,0.000000000000000000e+00,-2.762869053883593162e-01,-1.310152025172782453e-01,-9.521032310733329451e-01,0.000000000000000000e+00,4.231942027301782705e-01,1.852687426776472232e-02,2.942902323082514648e-01,1.000000000000000000e+00
9.565941169344148731e-01,5.047296966393486663e-03,-2.913468159101938459e-01,0.000000000000000000e+00,4.263208211363866962e-02,-9.915057199827929102e-01,1.227992659475941745e-01,0.000000000000000000e+00,-2.882577799667536134e-01,-1.298922775776162608e-01,-9.487019808740458915e-01,0.000000000000000000e+00,4.176285896719937885e-01,1.140166424230316250e-02,2.987656997857663921e-01,1.000000000000000000e+00
9.533355118663343619e-01,5.433222150112750060e-03,-3.018321202470499731e-01,0.000000000000000000e+00,4.375750816203902160e-02,-9.917563119693231233e-01,1.203554944722685510e-01,0.000000000000000000e+00,-2.986957430902914545e-01,-1.279490518096565443e-01,-9.457324638610796752e-01,0.000000000000000000e+00,4.121797329966674361e-01,4.439355843291694151e-03,3.034503371163780883e-01,1.000000000000000000e+00
9.463504815067557141e-01,9.100514290762870898e-03,-3.229840455700305757e-01,0.000000000000000000e+00,4.798911089989526396e-02,-9.924660578511604880e-01,1.126450893275992848e-01,0.000000000000000000e+00,-3.195317261863890868e-01,-1.221038025828760920e-01,-9.396755489822796736e-01,0.000000000000000000e+00,4.009660879155065305e-01,-8.135141244470539545e-03,3.121367360606639996e-01,1.000000000000000000e+00
9.359487494927488660e-01,3.321145167038063589e-02,-3.505391343375430790e-01,0.000000000000000000e+00,7.111430515418831755e-02,-9.928462969908489200e-01,9.581092346493885747e-02,0.000000000000000000e+00,-3.448561011718418445e-01,-1.146046674675047783e-01,-9.316329962379065188e-01,0.000000000000000000e+00,3.885782911558937625e-01,-1.823452575162617939e-02,3.194996457862495087e-01,1.000000000000000000e+00
9.280146008850728157e-01,5.078092651132591617e-02,-3.690405735796252196e-01,0.000000000000000000e+00,8.730511714831999670e-02,-9.927129131462436584e-01,8.294356812691898451e-02,0.000000000000000000e+00,-3.621463640694746466e-01,-1.091940751044543773e-01,-9.257033352826067318e-01,0.000000000000000000e+00,3.808751295925302260e-01,-2.317686667718947893e-02,3.233586555522385830e-01,1.000000000000000000e+00
9.202685609119629628e-01,6.626919778722531462e-02,-3.856097977526904974e-01,0.000000000000000000e+00,1.008261044190063571e-01,-9.924237672466429405e-01,7.007074833963705673e-02,0.000000000000000000e+00,-3.780520745660629900e-01,-1.033654305745932422e-01,-9.199957699242019560e-01,0.000000000000000000e+00,3.741860782321808632e-01,-2.731042996781922472e-02,3.265706615222644937e-01,1.000000000000000000e+00
9.126091609158718532e-01,8.014979573671500435e-02,-4.008756372704622151e-01,0.000000000000000000e+00,1.122070494188725509e-01,-9.920332340163445783e-01,5.709980358102146464e-02,0.000000000000000000e+00,-3.931129859293087114e-01,-9.709274561278910531e-02,-9.143495934505102563e-01,0.000000000000000000e+00,3.679823064068759031e-01,-3.105260812392849831e-02,3.297418765037877786e-01,1.000000000000000000e+00
8.875577915800230144e-01,1.377623335239921976e-01,-4.395946462012755296e-01,0.000000000000000000e+00,1.569797799285952145e-01,-9.875638911418895827e-01,7.460328911512568995e-03,0.000000000000000000e+00,-4.331083856865045600e-01,-7.563039999119026968e-02,-8.981632194903119704e-01,0.000000000000000000e+00,3.527170631654417132e-01,-4.076880670170299897e-02,3.388631560276056942e-01,1.000000000000000000e+00
8.777474111751996100e-01,1.638137907622811695e-01,-4.502280211543198685e-01,0.000000000000000000e+00,1.767504361313373129e-01,-9.841534052612771477e-01,-1.349463379358596671e-02,0.000000000000000000e+00,-4.453126209276302427e-01,-6.773442331804128969e-02,-8.928094519774849580e-01,0.000000000000000000e+00,3.488101149477740304e-01,-4.358653284584698695e-02,3.415647725153596048e-01,1.000000000000000000e+00
8.670159787998059642e-01,1.910580177412936620e-01,-4.601748290202218872e-01,0.000000000000000000e+00,1.969716915806170587e-01,-9.797504751264753953e-01,-3.566379265479477367e-02,0.000000000000000000e+00,-4.576791726458944165e-01,-5.972148622229830894e-02,-8.871094177211565901e-01,0.000000000000000000e+00,3.454041222740631967e-01,-4.616302719153086292e-02,3.442195635058449277e-01,1.000000000000000000e+00
8.551144098655691916e-01,2.215371310487670997e-01,-4.687018161989016107e-01,0.000000000000000000e+00,2.191802014985604341e-01,-9.738031989882396378e-01,-6.039963420857467902e-02,0.000000000000000000e+00,-4.698131350237531589e-01,-5.108254445212977862e-02,-8.812866683500032439e-01,0.000000000000000000e+00,3.425797363344693647e-01,-4.870523847312967919e-02,3.466797438403355636e-01,1.000000000000000000e+00
8.115512123053466587e-01,3.289035399365149992e-01,-4.828952662059959877e-01,0.000000000000000000e+00,2.930173063382540688e-01,-9.441570333638318324e-01,-1.506290192396218253e-01,0.000000000000000000e+00,-5.054811116893488387e-01,-1.925387767170353218e-02,-8.626228225127731131e-01,0.000000000000000000e+00,3.383633879095158670e-01,-5.596464815111872049e-02,3.545164342109750066e-01,1.000000000000000000e+00
7.964077739022802360e-01,3.619611820252263690e-01,-4.844579520207337731e-01,0.000000000000000000e+00,3.142656733168466276e-01,-9.321390094864120401e-01,-1.798185209304314081e-01,0.000000000000000000e+00,-5.166794276004925690e-01,-9.039810569256973710e-03,-8.561312112750587566e-01,0.000000000000000000e+00,3.384594908876559227e-01,-5.880912257963267359e-02,3.570306806670413557e-01,1.000000000000000000e+00
7.816870916555893611e-01,3.907148066236643125e-01,-4.860946178731740952e-01,0.000000000000000000e+00,3.311291060797235120e-01,-9.205005947731647042e-01,-2.073955569203485283e-01,0.000000000000000000e+00,-5.284930749144142181e-01,1.158375727171875131e-03,-8.489368221093851474e-01,0.000000000000000000e+00,3.389419662365017460e-01,-6.178237240628368931e-02,3.596476500619629757e-01,1.000000000000000000e+00
7.489177483890726572e-01,4.455522925826578273e-01,-4.904957773756954964e-01,0.000000000000000000e+00,3.582658749134021159e-01,-8.949387449299919250e-01,-2.659153109485686284e-01,0.000000000000000000e+00,-5.574535845329653405e-01,2.342124804655172643e-02,-8.298776694376647223e-01,0.000000000000000000e+00,3.401115634478188432e-01,-6.816012690932171658e-02,3.643065425818865499e-01,1.000000000000000000e+00
7.309204861453644231e-01,4.706273580298506731e-01,-4.942123831998496697e-01,0.000000000000000000e+00,3.675041774298503650e-01,-8.816363609400182932e-01,-2.960384325408760287e-01,0.000000000000000000e+00,-5.750504639412125085e-01,3.475610882977895472e-02,-8.173793347155337008e-01,0.000000000000000000e+00,3.405414854138527070e-01,-7.147482384250562759e-02,3.663732284391250649e-01,1.000000000000000000e+00
6.910631935572106865e-01,5.217312919097326640e-01,-5.002088248461021847e-01,0.000000000000000000e+00,3.807791441656573905e-01,-8.510277014178424526e-01,-3.615796477805976461e-01,0.000000000000000000e+00,-6.143508113593997289e-01,5.940644164963310853e-02,-7.867934641775919946e-01,0.000000000000000000e+00,3.414208012193263864e-01,-7.805422892044537597e-02,3.694654335391808209e-01,1.000000000000000000e+00
6.501872209979494555e-01,5.703301868008835429e-01,-5.019569728331715330e-01,0.000000000000000000e+00,3.894148793001800390e-01,-8.174531840021721507e-01,-4.243902574818906870e-01,0.000000000000000000e+00,-6.523814608654054936e-01,8.046515734466512526e-02,-7.536071841301791308e-01,0.000000000000000000e+00,3.442901433884143492e-01,-8.481891801258806263e-02,3.708220481807212865e-01,1.000000000000000000e+00
6.246768837031015931e-01,6.015094024138808448e-01,-4.979417402426573047e-01,0.000000000000000000e+00,3.962539223515317843e-01,-7.936481643523394247e-01,-4.616125725566805893e-01,0.000000000000000000e+00,-6.728678055536315705e-01,9.104908860627641820e-02,-7.341382565385125014e-01,0.000000000000000000e+00,3.460206451342107692e-01,-8.812850499922247893e-02,3.710323439246396293e-01,1.000000000000000000e+00
5.968935105074858471e-01,6.334248232501989984e-01,-4.924143349921001334e-01,0.000000000000000000e+00,4.038506820192814262e-01,-7.675274053705211097e-01,-4.977821366209971843e-01,0.000000000000000000e+00,-6.932624062595951209e-01,9.826295383935118588e-02,-7.139549201244582699e-01,0.000000000000000000e+00,3.478657947703355791e-01,-9.194097368814728444e-02,3.710469772096899321e-01,1.000000000000000000e+00
5.674446018705010530e-01,6.661184199383330951e-01,-4.840182035090161428e-01,0.000000000000000000e+00,4.116357463832587826e-01,-7.385876557263643116e-01,-5.338773585846652292e-01,0.000000000000000000e+00,-7.131291427457150389e-01,1.037086274376817913e-01,-6.933190797618030699e-01,0.000000000000000000e+00,3.501288404977279112e-01,-9.631898749159817363e-02,3.709018691605977525e-01,1.000000000000000000e+00
4.962301663186013956e-01,7.418246527730061324e-01,-4.510349803228463905e-01,0.000000000000000000e+00,4.341614792766136377e-01,-6.619258700676556861e-01,-6.110144837470942170e-01,0.000000000000000000e+00,-7.518318041181130118e-01,1.073838721027278176e-01,-6.505517983440889385e-01,0.000000000000000000e+00,3.561448333723676307e-01,-1.072434759191175646e-01,3.704032787284721184e-01,1.000000000000000000e+00
4.144286902996042188e-01,8.095479041028459388e-01,-4.157665192394073284e-01,0.000000000000000000e+00,4.448766599907845731e-01,-5.787521377322476512e-01,-6.834555343012490569e-01,0.000000000000000000e+00,-7.939310427811699933e-01,9.828065375039703178e-02,-6.000120102187945781e-01,0.000000000000000000e+00,3.624966152076835590e-01,-1.215511682090308354e-01,3.716789009695452561e-01,1.000000000000000000e+00
3.664181252386340959e-01,8.434386412454512039e-01,-3.928482695034306582e-01,0.000000000000000000e+00,4.420938270802924897e-01,-5.293312513058849866e-01,-7.241147846506482688e-01,0.000000000000000000e+00,-8.187090188267088786e-01,9.165475156061245188e-02,-5.668464951008959085e-01,0.000000000000000000e+00,3.646876029300121225e-01,-1.294403763211313396e-01,3.737754200801067239e-01,1.000000000000000000e+00
3.180565973785974832e-01,8.720961080630788009e-01,-3.718455674959530999e-01,0.000000000000000000e+00,4.303151382638840117e-01,-4.822796278737923603e-01,-7.630307917902521275e-01,0.000000000000000000e+00,-8.447859905191691388e-01,8.267779234577528336e-02,-5.286785534475321180e-01,0.000000000000000000e+00,3.662274888259266503e-01,-1.380622688446854485e-01,3.770313860269015604e-01,1.000000000000000000e+00
2.723744318194342706e-01,8.959004307748801299e-01,-3.509349425885555651e-01,0.000000000000000000e+00,4.098600553110661182e-01,-4.380112023100738994e-01,-8.000885379834543620e-01,0.000000000000000000e+00,-8.705298623706924088e-01,7.409087243744071072e-02,-4.865062192226554116e-01,0.000000000000000000e+00,3.674830681114716335e-01,-1.466795482331810230e-01,3.812018647596309706e-01,1.000000000000000000e+00
1.673237157860780477e-01,9.448907446644690955e-01,-2.813627581684777779e-01,0.000000000000000000e+00,3.217716078111125255e-01,-3.220977631179949285e-01,-8.903352235547258298e-01,0.000000000000000000e+00,-9.319137696442798546e-01,5.844077599239849707e-02,-3.579405001516233198e-01,0.000000000000000000e+00,3.732190264985545403e-01,-1.683330096696252220e-01,3.962527996584241929e-01,1.000000000000000000e+00
1.465284580480113175e-01,9.547440127411410682e-01,-2.587934079883495997e-01,0.000000000000000000e+00,2.935946510074607385e-01,-2.918036901025592433e-01,-9.102931034801620136e-01,0.000000000000000000e+00,-9.446319489046883788e-01,5.740458973955332028e-02,-3.230715001131541642e-01,0.000000000000000000e+00,3.764770651471053275e-01,-1.735093313156317874e-01,4.006682855610035343e-01,1.000000000000000000e+00
1.305869149776708316e-01,9.624929146902734267e-01,-2.377713054782783775e-01,0.000000000000000000e+00,2.819688603197343935e-01,-2.659770279295101680e-01,-9.218082931526396795e-01,0.000000000000000000e+00,-9.504939559742177080e-01,5.333302400717015307e-02,-3.061320437437617392e-01,0.000000000000000000e+00,3.819178451040204925e-01,-1.785227097499093862e-01,4.025514137261236858e-01,1.000000000000000000e+00
1.161926951339954522e-01,9.690731209671670232e-01,-2.176632507284158857e-01,0.000000000000000000e+00,2.918202033439861731e-01,-2.427841532086759679e-01,-9.251365146680943230e-01,0.000000000000000000e+00,-9.493883962714286806e-01,4.397641760039026210e-02,-3.110108482355573578e-01,0.000000000000000000e+00,3.895324496051567609e-01,-1.839536428827332204e-01,4.009138095827367021e-01,1.000000000000000000e+00
6.896189233515613581e-02,9.869169504316710473e-01,-1.456706465195145295e-01,0.000000000000000000e+00,3.402373444172945849e-01,-1.605311804985857516e-01,-9.265252486860819925e-01,0.000000000000000000e+00,-9.378062094565816631e-01,1.433261646162393467e-02,-3.468632145530023969e-01,0.000000000000000000e+00,4.098069698046707399e-01,-1.979677488286523679e-01,3.966189257072988972e-01,1.000000000000000000e+00
5.352817850891779944e-02,9.904049627748953144e-01,-1.273322061286311646e-01,0.000000000000000000e+00,3.470693345761846627e-01,-1.380178903500611787e-01,-9.276177476964159174e-01,0.000000000000000000e+00,-9.363093701968975280e-01,5.460689470746243543e-03,-3.511337980770197209e-01,0.000000000000000000e+00,4.136601593550608968e-01,-2.021255518005088680e-01,3.976225359437483009e-01,1.000000000000000000e+00
2.405449069370325238e-02,9.942742358554198523e-01,-1.040234218471765282e-01,0.000000000000000000e+00,3.525623892291698258e-01,-1.058051376942731742e-01,-9.297772751792355850e-01,0.000000000000000000e+00,-9.354778131132920338e-01,-1.430970283534107289e-02,-3.530955870264268492e-01,0.000000000000000000e+00,4.181008835938203050e-01,-2.102472005981045056e-01,4.008413010250117536e-01,1.000000000000000000e+00
1.113161595627651206e-02,9.950751767794142610e-01,-9.839830580262845516e-02,0.000000000000000000e+00,3.533503614192122777e-01,-9.597004866695729719e-02,-9.305450116705705765e-01,0.000000000000000000e+00,-9.354235419877855451e-01,-2.441107720733232123e-02,-3.526852653636146084e-01,0.000000000000000000e+00,4.192818508854236348e-01,-2.137469896623330756e-01,4.024208619817187249e-01,1.000000000000000000e+00
-8.906864875522653088e-03,9.965905997156744300e-01,-8.190599012068495999e-02,0.000000000000000000e+00,3.495360981573606418e-01,-7.363915293237746629e-02,-9.340142066058407799e-01,0.000000000000000000e+00,-9.368793038666427542e-01,-3.694894991433929354e-02,-3.476951899100450549e-01,0.000000000000000000e+00,4.197107977769143905e-01,-2.178636945209850295e-01,4.037216667118382341e-01,1.000000000000000000e+00
-1.600031425732395193e-02,9.974000204704980277e-01,-7.012799733576716155e-02,0.000000000000000000e+00,3.463625370164046258e-01,-6.026529151747361118e-02,-9.361526769128430958e-01,0.000000000000000000e+00,-9.379630420144688951e-01,-3.926920415040338619e-02,-3.445043706839694408e-01,0.000000000000000000e+00,4.194096350769718207e-01,-2.184913577528440898e-01,4.034376514055382223e-01,1.000000000000000000e+00
-2.007328562683760240e-02,9.980368063999194295e-01,-5.916369812986169846e-02,0.000000000000000000e+00,3.425524933497727798e-01,-4.872830471531171964e-02,-9.382239010602072549e-01,0.000000000000000000e+00,-9.392830167214744064e-01,-3.910066146698273903e-02,-3.409084228520188886e-01,0.000000000000000000e+00,4.189673905577094848e-01,-2.183024278793540551e-01,4.026073790010183950e-01,1.000000000000000000e+00
-2.291674074543438577e-02,9.985086490362987677e-01,-4.935633388452211751e-02,0.000000000000000000e+00,3.353862531337024611e-01,-3.882958141497870608e-02,-9.412699250041308696e-01,0.000000000000000000e+00,-9.418007795627379997e-01,-3.812500875730007177e-02,-3.340026576575030326e-01,0.000000000000000000e+00,4.181110526008516293e-01,-2.180129906049695088e-01,4.006333245353451145e-01,1.000000000000000000e+00
-2.286191417439419754e-02,9.985647325596684887e-01,-4.823437228293298018e-02,0.000000000000000000e+00,3.325820528578281032e-01,-3.790229026847407451e-02,-9.423021497431094406e-01,0.000000000000000000e+00,-9.427960390730949491e-01,-3.758544106215058050e-02,-3.312445672433689259e-01,0.000000000000000000e+00,4.178397565493853216e-01,-2.181079207731684011e-01,3.996460073198810359e-01,1.000000000000000000e+00
-2.182738652181453326e-02,9.986210880926229549e-01,-4.754192376777561374e-02,0.000000000000000000e+00,3.281496450531400932e-01,-3.776236370110933743e-02,-9.438604564449194489e-01,0.000000000000000000e+00,-9.443724335347534193e-01,-3.620356944591767573e-02,-3.268791953291340646e-01,0.000000000000000000e+00,4.176694351407327366e-01,-2.186761198541241347e-01,3.977837301495505407e-01,1.000000000000000000e+00
-2.044965760460947662e-02,9.987115977723568516e-01,-4.623529906952540680e-02,0.000000000000000000e+00,3.222235733923228818e-01,-3.719356767799406743e-02,-9.459224884602719374e-01,0.000000000000000000e+00,-9.464416374783636288e-01,-3.424255356782456711e-02,-3.210540053829393226e-01,0.000000000000000000e+00,4.174380772467063960e-01,-2.192585374772504647e-01,3.953948508634794745e-01,1.000000000000000000e+00
-1.969855611693369438e-02,9.987718883227597599e-01,-4.524852355939533444e-02,0.000000000000000000e+00,3.181986822723523178e-01,-3.664112153861940474e-02,-9.473055334546184314e-01,0.000000000000000000e+00,-9.478183415584180427e-01,-3.305920827420948116e-02,-3.170922265741193957e-01,0.000000000000000000e+00,4.171287552200328430e-01,-2.194409468129001339e-01,3.940857893685801305e-01,1.000000000000000000e+00
