9.996715267898055313e-01,1.978192665599171410e-02,1.569269908983277409e-02,0.000000000000000000e+00,2.276550834160979281e-02,-9.749455509313182944e-01,-2.212321207473836870e-01,0.000000000000000000e+00,1.092333988130398184e-02,2.215209691596193020e-01,-9.750944266420664697e-01,0.000000000000000000e+00,6.229436348240345867e-01,2.953122042207996789e-01,2.860729144527718662e-02,1.000000000000000000e+00
9.996712581287481303e-01,1.978658034142082717e-02,1.570394252685270581e-02,0.000000000000000000e+00,2.277256429846728075e-02,-9.749448543149766833e-01,-2.212344644516971437e-01,0.000000000000000000e+00,1.093321495211589667e-02,2.215236194769304723e-01,-9.750937138678780203e-01,0.000000000000000000e+00,6.229456207628865094e-01,2.953173544317471144e-01,2.861450313303014539e-02,1.000000000000000000e+00
9.996707031206198968e-01,1.974087271984478406e-02,1.579652391485574653e-02,0.000000000000000000e+00,2.274854103490918725e-02,-9.749445899540941651e-01,-2.212381009257552156e-01,0.000000000000000000e+00,1.103351476906351374e-02,2.215288608990504948e-01,-9.750913933271126988e-01,0.000000000000000000e+00,6.229927790070554083e-01,2.952979374988566885e-01,2.865819037517969639e-02,1.000000000000000000e+00
9.996707741376446021e-01,1.973997941531569975e-02,1.579314563135853638e-02,0.000000000000000000e+00,2.274686975522609983e-02,-9.749456630211583708e-01,-2.212335439615361610e-01,0.000000000000000000e+00,1.103052560677568981e-02,2.215242178115955085e-01,-9.750924819871183979e-01,0.000000000000000000e+00,6.229933693382968540e-01,2.952941474406312050e-01,2.865416870427825446e-02,1.000000000000000000e+00
9.996711431650028290e-01,1.974205669593914400e-02,1.576716911176400185e-02,0.000000000000000000e+00,2.274314582664443973e-02,-9.749456369772141473e-01,-2.212340415899192725e-01,0.000000000000000000e+00,1.100472961600269806e-02,2.215241473158835184e-01,-9.750927894729041201e-01,0.000000000000000000e+00,6.229825337119659912e-01,2.952976027395479153e-01,2.864169708248160209e-02,1.000000000000000000e+00
9.996710834748326890e-01,1.970934496907636446e-02,1.581181477100257124e-02,0.000000000000000000e+00,2.272100312469058081e-02,-9.749487934160272484e-01,-2.212224064936663681e-01,0.000000000000000000e+00,1.105577386614031189e-02,2.215131678961574646e-01,-9.750947063300208217e-01,0.000000000000000000e+00,6.230081110614986706e-01,2.952737592000410083e-01,2.866249468071628212e-02,1.000000000000000000e+00
9.996703547629292030e-01,1.968326138470460895e-02,1.589018346744446031e-02,0.000000000000000000e+00,2.271296726010379671e-02,-9.749481903364655144e-01,-2.212258894865163916e-01,0.000000000000000000e+00,1.113787304644260623e-02,2.215181415532468945e-01,-9.750926421355032847e-01,0.000000000000000000e+00,6.230437117403516689e-01,2.952644098264193273e-01,2.870207063946529982e-02,1.000000000000000000e+00
9.996712653610928534e-01,1.965255971048314801e-02,1.587088558920920003e-02,0.000000000000000000e+00,2.267865331837893433e-02,-9.749508968873951131e-01,-2.212174817760504675e-01,0.000000000000000000e+00,1.112605858109527029e-02,2.215089549729854779e-01,-9.750948639425939257e-01,0.000000000000000000e+00,6.230463909890665564e-01,2.952422531849930865e-01,2.868829243457605635e-02,1.000000000000000000e+00
9.996708998624017628e-01,1.964444509828579960e-02,1.590391921146621160e-02,0.000000000000000000e+00,2.267813519106074219e-02,-9.749493775849618071e-01,-2.212242306623757315e-01,0.000000000000000000e+00,1.115990374545212938e-02,2.215163618439685012e-01,-9.750927945502440020e-01,0.000000000000000000e+00,6.230595387770341276e-01,2.952436672168142207e-01,2.870575184028589799e-02,1.000000000000000000e+00
9.996687172480446248e-01,1.966337588042468831e-02,1.601731269104383903e-02,0.000000000000000000e+00,2.272223331013169603e-02,-9.749382903768972763e-01,-2.212685629988606906e-01,0.000000000000000000e+00,1.126522141709146441e-02,2.215634754398377315e-01,-9.750808792799929847e-01,0.000000000000000000e+00,6.230894558945415662e-01,2.952813975298781979e-01,2.877619157755005944e-02,1.000000000000000000e+00
9.996694328444190036e-01,1.968197481367742890e-02,1.594966473503848375e-02,0.000000000000000000e+00,2.272538740471100396e-02,-9.749380920914255677e-01,-2.212691127510685307e-01,0.000000000000000000e+00,1.119513814316569662e-02,2.215626965284122896e-01,-9.750818634294323717e-01,0.000000000000000000e+00,6.230621206153547087e-01,2.952861463479226622e-01,2.873815237524922003e-02,1.000000000000000000e+00
9.996678314322355874e-01,1.980722744657582857e-02,1.589488728048534666e-02,0.000000000000000000e+00,2.283573386394528032e-02,-9.749289135038935461e-01,-2.212981919813644949e-01,0.000000000000000000e+00,1.111329552991625370e-02,2.215919214247744906e-01,-9.750761585751860361e-01,0.000000000000000000e+00,6.230031254826668974e-01,2.953661484327491649e-01,2.872524118769367515e-02,1.000000000000000000e+00
9.996679179082932354e-01,1.984284195054979855e-02,1.584494965066146274e-02,0.000000000000000000e+00,2.285951484484408797e-02,-9.749260420650317505e-01,-2.213083866139708145e-01,0.000000000000000000e+00,1.105647958322058047e-02,2.216013684368256520e-01,-9.750746575345664580e-01,0.000000000000000000e+00,6.229750731206682435e-01,2.953901170781391139e-01,2.870011411190953945e-02,1.000000000000000000e+00
9.996682322282870459e-01,1.985117381119426080e-02,1.581465374573498908e-02,0.000000000000000000e+00,2.286092990350186219e-02,-9.749259241142680388e-01,-2.213087600505134755e-01,0.000000000000000000e+00,1.102508952304301869e-02,2.216011411357231009e-01,-9.750750646223881324e-01,0.000000000000000000e+00,6.229616092654014503e-01,2.953956471079511870e-01,2.868677399031406561e-02,1.000000000000000000e+00
9.996683225235979409e-01,1.985538089982570586e-02,1.580366075904463680e-02,0.000000000000000000e+00,2.286248437767758601e-02,-9.749281383865350259e-01,-2.212988447585163276e-01,0.000000000000000000e+00,1.101367275546560193e-02,2.215910221772109945e-01,-9.750774932808644602e-01,0.000000000000000000e+00,6.229560875472189840e-01,2.953937169912057570e-01,2.868084883990066128e-02,1.000000000000000000e+00
9.996730269083644593e-01,1.977158751998001410e-02,1.560994875124262909e-02,0.000000000000000000e+00,2.273650287456301447e-02,-9.749582226132473828e-01,-2.211792542194238875e-01,0.000000000000000000e+00,1.084619172999310918e-02,2.214661141084945106e-01,-9.751077481112739864e-01,0.000000000000000000e+00,6.229153544856379510e-01,2.952997759848194348e-01,2.856353431370652410e-02,1.000000000000000000e+00
9.996751297985575491e-01,1.961759003168056167e-02,1.566945834400179996e-02,0.000000000000000000e+00,2.259858116097567329e-02,-9.749798894679185812e-01,-2.210978655795759751e-01,0.000000000000000000e+00,1.094021011338325126e-02,2.213844073334473861e-01,-9.751252514381388847e-01,0.000000000000000000e+00,6.229858468634227320e-01,2.951905265671961875e-01,2.858036801128719176e-02,1.000000000000000000e+00
9.996821088085684481e-01,1.929500501966932569e-02,1.562469233466053965e-02,0.000000000000000000e+00,2.227130650995787567e-02,-9.750427445752948286e-01,-2.208537571757025197e-01,0.000000000000000000e+00,1.097357981923041161e-02,2.211357895730138023e-01,-9.751812873080936139e-01,0.000000000000000000e+00,6.230669616827376744e-01,2.949250812756617490e-01,2.852924233023921771e-02,1.000000000000000000e+00
9.997330541119049396e-01,1.741454488044043292e-02,1.453619771116484126e-02,0.000000000000000000e+00,2.016296756673162036e-02,-9.757979081012232436e-01,-2.176985167275784783e-01,0.000000000000000000e+00,1.039347083486356904e-02,2.179376918625995641e-01,-9.759073410061056553e-01,0.000000000000000000e+00,6.233293160943279565e-01,2.933216664582545263e-01,2.821053748951100892e-02,1.000000000000000000e+00
9.998913090888190691e-01,7.199447433988545933e-03,1.209482808894672343e-02,0.000000000000000000e+00,9.591449764545997847e-03,-9.773994726149315415e-01,-2.111374479448784869e-01,0.000000000000000000e+00,1.030160397547817859e-02,2.112345730794066012e-01,-9.773811089291082332e-01,0.000000000000000000e+00,6.241753259673821219e-01,2.897085219691442060e-01,2.753489619282946041e-02,1.000000000000000000e+00
9.999367972407131600e-01,-1.840875038204039171e-03,1.018624583873221738e-02,0.000000000000000000e+00,2.810104666992867413e-04,-9.788594900250607855e-01,-2.044865930133415444e-01,0.000000000000000000e+00,1.034753689384709623e-02,2.044804682207786994e-01,-9.788159513393933642e-01,0.000000000000000000e+00,6.246961075940802299e-01,2.869324113059603665e-01,2.713984959219426993e-02,1.000000000000000000e+00
9.997966728508458356e-01,-1.740280105921764367e-02,9.192517222189125481e-03,0.000000000000000000e+00,-1.545500349065053250e-02,-9.833908971921107023e-01,-1.807878123326009112e-01,0.000000000000000000e+00,1.218628671431973634e-02,1.806124602259003842e-01,-9.834788424909118865e-01,0.000000000000000000e+00,6.258658029181292104e-01,2.792112040238305948e-01,2.607916071159102969e-02,1.000000000000000000e+00
9.996652453350596268e-01,-2.254909959531411004e-02,1.190303649679546119e-02,0.000000000000000000e+00,-2.028621480368321753e-02,-9.861638335581506265e-01,-1.644691757504712082e-01,0.000000000000000000e+00,1.544727333489861673e-02,1.641758122645926299e-01,-9.863101360189797662e-01,0.000000000000000000e+00,6.268167962220380085e-01,2.745009824502635531e-01,2.569082929254651315e-02,1.000000000000000000e+00
9.994972408463536073e-01,-2.691811120626559639e-02,1.616872693880420236e-02,0.000000000000000000e+00,-2.426410288944244251e-02,-9.889122219591001128e-01,-1.464398083585675692e-01,0.000000000000000000e+00,1.993171847706784461e-02,1.459766752537724754e-01,-9.890872241012951260e-01,0.000000000000000000e+00,6.279276174818162470e-01,2.695492890480673531e-01,2.557783473411120306e-02,1.000000000000000000e+00
9.988994128168553477e-01,-3.722540099788637646e-02,2.819538075460241780e-02,0.000000000000000000e+00,-3.387954830789629418e-02,-9.932277077212939842e-01,-1.110479343453312645e-01,0.000000000000000000e+00,3.213885605378542093e-02,1.099725869608221135e-01,-9.934148801224483849e-01,0.000000000000000000e+00,6.305591995944376249e-01,2.598103095384592942e-01,2.632654383830700801e-02,1.000000000000000000e+00
9.979549237363308789e-01,-4.762112633295845221e-02,4.241397668696650358e-02,0.000000000000000000e+00,-4.412059114986825042e-02,-9.958116926388480561e-01,-7.995744581680333529e-02,0.000000000000000000e+00,4.604488405139683938e-02,7.792409729815766295e-02,-9.958954281012444287e-01,0.000000000000000000e+00,6.336602492563483402e-01,2.502506718334605584e-01,2.798892391064809748e-02,1.000000000000000000e+00
9.975888926915051913e-01,-5.046380983720522018e-02,4.743998288848032263e-02,0.000000000000000000e+00,-4.735047555821033510e-02,-9.967772324769530456e-01,-6.460517147416199035e-02,0.000000000000000000e+00,5.054829115134872736e-02,6.220429334821635931e-02,-9.967825721543928097e-01,0.000000000000000000e+00,6.348637548209673520e-01,2.453598967878262427e-01,2.881171765267689575e-02,1.000000000000000000e+00
9.974323187523421730e-01,-5.155201560774264058e-02,4.951672541993241278e-02,0.000000000000000000e+00,-4.915962019738721184e-02,-9.976091155903119567e-01,-4.837490190555638475e-02,0.000000000000000000e+00,5.189315945529086177e-02,4.581734928796624834e-02,-9.976010577911251787e-01,0.000000000000000000e+00,6.355507110631464229e-01,2.402488509897642011e-01,2.962901008053257790e-02,1.000000000000000000e+00
9.973836529780402138e-01,-5.311557857249570719e-02,4.883985039184647603e-02,0.000000000000000000e+00,-5.152693619579368917e-02,-9.981089152054833935e-01,-3.323123733501791299e-02,0.000000000000000000e+00,5.051355903367572842e-02,3.062831472119666859e-02,-9.982536184212360553e-01,0.000000000000000000e+00,6.359591548237528702e-01,2.350207790472697289e-01,3.063329507901487586e-02,1.000000000000000000e+00
9.974115264782446033e-01,-5.915809024127179072e-02,4.063636436188063777e-02,0.000000000000000000e+00,-5.907764058167084414e-02,-9.982386861654308774e-01,-3.178793359942066674e-03,0.000000000000000000e+00,4.075362694919496681e-02,7.698794317465034636e-04,-9.991689292487763163e-01,0.000000000000000000e+00,6.362226667109839306e-01,2.235910617881678164e-01,3.314536358328337012e-02,1.000000000000000000e+00
9.973215289548637008e-01,-6.543446337047592598e-02,3.238588871343221071e-02,0.000000000000000000e+00,-6.635974820050016820e-02,-9.973826975060539057e-01,2.837050291274162764e-02,0.000000000000000000e+00,3.044530257890648919e-02,-3.044421890798099453e-02,-9.990726865878987173e-01,0.000000000000000000e+00,6.367156345309717969e-01,2.120997183866748792e-01,3.822773003659659524e-02,1.000000000000000000e+00
9.972636985622750361e-01,-6.838517728055545919e-02,2.773679792996193091e-02,0.000000000000000000e+00,-6.959326398501906874e-02,-9.965403735660476325e-01,4.521955729507084326e-02,0.000000000000000000e+00,2.454896417211117551e-02,-4.702702267178344303e-02,-9.985919123929974939e-01,0.000000000000000000e+00,6.367331054655086531e-01,2.065090615927455131e-01,4.167644359020264422e-02,1.000000000000000000e+00
9.971948292865684405e-01,-7.112498393877318692e-02,2.290100445502975951e-02,0.000000000000000000e+00,-7.245129483369773526e-02,-9.953374439498215986e-01,6.352109452429550995e-02,0.000000000000000000e+00,1.827664229233870799e-02,-6.500336595223640823e-02,-9.977176588401137636e-01,0.000000000000000000e+00,6.365752658973983236e-01,2.009329672385681276e-01,4.605242449286926776e-02,1.000000000000000000e+00
9.968662173935003423e-01,-7.891995254891570610e-02,3.183176159084809363e-03,0.000000000000000000e+00,-7.870036428870751111e-02,-9.890648359634037767e-01,1.246505107198451895e-01,0.000000000000000000e+00,-6.689173572900175731e-03,-1.245127974979661906e-01,-9.921954536360978461e-01,0.000000000000000000e+00,6.333229013301761023e-01,1.844415292420079899e-01,6.191559919913534882e-02,1.000000000000000000e+00
9.966885315947617840e-01,-8.118606899639381480e-02,-1.241003464273255546e-03,0.000000000000000000e+00,-8.018379503914924156e-02,-9.865593487727178923e-01,1.423093716642676865e-01,0.000000000000000000e+00,-1.277810805448353383e-02,-1.417413392688177398e-01,-9.898212529021741535e-01,0.000000000000000000e+00,6.322026155681278459e-01,1.798274556400305257e-01,6.774954941163792432e-02,1.000000000000000000e+00
9.964403349742483318e-01,-8.400637888605065606e-02,-5.507635070454744777e-03,0.000000000000000000e+00,-8.198046739091829904e-02,-9.831271554276960201e-01,1.634654279296442192e-01,0.000000000000000000e+00,-1.914721291655997401e-02,-1.624351546457087625e-01,-9.865334281071030942e-01,0.000000000000000000e+00,6.306679569032026533e-01,1.741333387155771240e-01,7.546264793984698571e-02,1.000000000000000000e+00
9.962397418439085106e-01,-8.619669809123765847e-02,-7.566565281501889430e-03,0.000000000000000000e+00,-8.340979850761709447e-02,-9.799218904179209932e-01,1.810432022857953183e-01,0.000000000000000000e+00,-2.302041241779393191e-02,-1.797347678735125021e-01,-9.834457147344581873e-01,0.000000000000000000e+00,6.293516184393592727e-01,1.692039454182832914e-01,8.275001841273035841e-02,1.000000000000000000e+00
9.959951602756779154e-01,-8.900343389414662465e-02,-7.264734247419329070e-03,0.000000000000000000e+00,-8.546758356109815380e-02,-9.736722850447253608e-01,2.112778275096997282e-01,0.000000000000000000e+00,-2.587842078877796576e-02,-2.098148339776064741e-01,-9.773986099746757583e-01,0.000000000000000000e+00,6.266132070236970497e-01,1.599274407203022108e-01,9.796143548744531970e-02,1.000000000000000000e+00
9.956696898864220158e-01,-9.276469936915784920e-02,-4.162462448397787236e-03,0.000000000000000000e+00,-8.914851028606594896e-02,-9.674766756911358234e-01,2.366900336064283461e-01,0.000000000000000000e+00,-2.598406541721968652e-02,-2.352985452598604921e-01,-9.715757422573840785e-01,0.000000000000000000e+00,6.229276479214630458e-01,1.508913881944743962e-01,1.124122832737105560e-01,1.000000000000000000e+00
9.952762786198451339e-01,-9.698167136076082939e-02,6.569154545189003760e-04,0.000000000000000000e+00,-9.378443402551947528e-02,-9.606949798149141406e-01,2.612477417972123850e-01,0.000000000000000000e+00,-2.470562291919776651e-02,-2.600802960495060545e-01,-9.652708800139863099e-01,0.000000000000000000e+00,6.178912920748921289e-01,1.412697020364361011e-01,1.265985307803131343e-01,1.000000000000000000e+00
9.950432739283062711e-01,-9.932037361638317019e-02,2.256833167936361188e-03,0.000000000000000000e+00,-9.614056039891774597e-02,-9.569652172683379421e-01,2.737796787308244828e-01,0.000000000000000000e+00,-2.503267109371605167e-02,-2.726448503230902154e-01,-9.617890366240476885e-01,0.000000000000000000e+00,6.147930194385139435e-01,1.361081970395451313e-01,1.330406646429201922e-01,1.000000000000000000e+00
9.947923450241887844e-01,-1.017505010868147014e-01,3.971487261151028861e-03,0.000000000000000000e+00,-9.862657037813359062e-02,-9.530808758205824294e-01,2.861649710599231122e-01,0.000000000000000000e+00,-2.533276837596500075e-02,-2.850719053099035061e-01,-9.581713101786083486e-01,0.000000000000000000e+00,6.115605949506608408e-01,1.308030438077855406e-01,1.392465363440935078e-01,1.000000000000000000e+00
9.945972492315069413e-01,-1.035647316514638483e-01,5.604023580267641740e-03,0.000000000000000000e+00,-1.005123551031689988e-01,-9.491392496857462557e-01,2.983499590729010720e-01,0.000000000000000000e+00,-2.558002720820482315e-02,-2.973070462922802748e-01,-9.544391978711830316e-01,0.000000000000000000e+00,6.082107967188343789e-01,1.254213299264440862e-01,1.452910298252297061e-01,1.000000000000000000e+00
9.942837504301511586e-01,-1.062510441001712630e-01,9.554379068507867778e-03,0.000000000000000000e+00,-1.036753402232326732e-01,-9.412933332988379087e-01,3.212460605485578657e-01,0.000000000000000000e+00,-2.513974004325340850e-02,-3.204064602109127913e-01,-9.469465104881428230e-01,0.000000000000000000e+00,6.014387698452744457e-01,1.144381827183103273e-01,1.570084912098841101e-01,1.000000000000000000e+00
9.933967364498088592e-01,-1.140514951646019043e-01,1.165878907930892328e-02,0.000000000000000000e+00,-1.110662420850669213e-01,-9.321773122305969661e-01,3.445148695380935155e-01,0.000000000000000000e+00,-2.842492457732458816e-02,-3.435414591855276978e-01,-9.387072437578457551e-01,0.000000000000000000e+00,5.936051638510184691e-01,1.023295736168418901e-01,1.675831835286053229e-01,1.000000000000000000e+00
9.929632733816879941e-01,-1.179159373200019262e-01,1.002578387343753229e-02,0.000000000000000000e+00,-1.137313997960259920e-01,-9.274361330747716847e-01,3.562416801399844735e-01,0.000000000000000000e+00,-3.270892714773999954e-02,-3.548819838386639836e-01,-9.343387520763430931e-01,0.000000000000000000e+00,5.888664029462682414e-01,9.612291573851945714e-02,1.722081448450431818e-01,1.000000000000000000e+00
9.922287698054828020e-01,-1.241870343935749382e-01,6.355765888980985379e-03,0.000000000000000000e+00,-1.178123256504838151e-01,-9.224830263120353813e-01,3.675949795525252362e-01,0.000000000000000000e+00,-3.978821026313995174e-02,-3.654941388035067296e-01,-9.299628663685121088e-01,0.000000000000000000e+00,5.834739281535697986e-01,8.962331541539672597e-02,1.763966283104776989e-01,1.000000000000000000e+00
9.897438987701160373e-01,-1.427746862095448377e-01,-1.775028536250818599e-03,0.000000000000000000e+00,-1.312065661017034479e-01,-9.143145883187816514e-01,3.831375960415064341e-01,0.000000000000000000e+00,-5.632636899242839806e-02,-3.789824992600548947e-01,-9.236880455060200168e-01,0.000000000000000000e+00,5.720729184011184021e-01,7.729716041690810890e-02,1.840744492629909912e-01,1.000000000000000000e+00
9.869916028002556629e-01,-1.603520587669332031e-01,-1.074896051703524459e-02,0.000000000000000000e+00,-1.435372231281208111e-01,-9.096247826024709271e-01,3.898211992096939915e-01,0.000000000000000000e+00,-7.228754447701513097e-02,-3.832147523408497292e-01,-9.208262401245007611e-01,0.000000000000000000e+00,5.607895300260702376e-01,6.597848797758959494e-02,1.906359777512172393e-01,1.000000000000000000e+00
9.853690640066702366e-01,-1.696212154102888225e-01,-1.603739014188811096e-02,0.000000000000000000e+00,-1.499885526712252670e-01,-9.082488856812981348e-01,3.905997217452664150e-01,0.000000000000000000e+00,-8.082149733123132618e-02,-3.824868213379510884e-01,-9.204193158946240017e-01,0.000000000000000000e+00,5.550944668544299798e-01,6.054310792721659396e-02,1.934287176518590112e-01,1.000000000000000000e+00
9.840723942096277765e-01,-1.762187000826078709e-01,-2.300520803937888131e-02,0.000000000000000000e+00,-1.533936133000331492e-01,-9.076192994734055830e-01,3.907407753528835959e-01,0.000000000000000000e+00,-8.973753003242748716e-02,-3.809956936786887405e-01,-9.202116371259243532e-01,0.000000000000000000e+00,5.493587689342517288e-01,5.496942482377149830e-02,1.960759321758999696e-01,1.000000000000000000e+00
9.826126524111765681e-01,-1.831564712351881896e-01,-3.011360601712364041e-02,0.000000000000000000e+00,-1.570946221951230737e-01,-9.070232417532199110e-01,3.906544067306292334e-01,0.000000000000000000e+00,-9.886652664679343450e-02,-3.791385768059802319e-01,-9.200431237101522886e-01,0.000000000000000000e+00,5.436552594040480191e-01,4.926393959676641371e-02,1.985431398566868955e-01,1.000000000000000000e+00
9.787093473598912352e-01,-2.004759674112369938e-01,-4.379665263593989638e-02,0.000000000000000000e+00,-1.679928844902393859e-01,-9.053368031802305760e-01,3.900312942178589815e-01,0.000000000000000000e+00,-1.178448913957349659e-01,-3.743769553230719138e-01,-9.197578360062794722e-01,0.000000000000000000e+00,5.324092338848398498e-01,3.730955219142968043e-02,2.028273136673678090e-01,1.000000000000000000e+00
9.750151603361931762e-01,-2.129776733003309053e-01,-6.298170124229167388e-02,0.000000000000000000e+00,-1.727831298421502182e-01,-9.055654331279044955e-01,3.873989975039038858e-01,0.000000000000000000e+00,-1.395440753477387719e-01,-3.668447831007732862e-01,-9.197566831217326433e-01,0.000000000000000000e+00,5.202990026670871737e-01,2.532145434927747865e-02,2.058392519943811061e-01,1.000000000000000000e+00
9.728892410137859326e-01,-2.189109188413072837e-01,-7.446664510290951222e-02,0.000000000000000000e+00,-1.745317223911184157e-01,-9.064584355850467956e-01,3.845159675970653002e-01,0.000000000000000000e+00,-1.516785826818151661e-01,-3.611016083676311661e-01,-9.201082740579751285e-01,0.000000000000000000e+00,5.139281148693781720e-01,1.976240439547592015e-02,2.067241622965864944e-01,1.000000000000000000e+00
9.706138257498083677e-01,-2.243623624150545559e-01,-8.689694181077221857e-02,0.000000000000000000e+00,-1.758402550370137540e-01,-9.079891325209610287e-01,3.802850073741523840e-01,0.000000000000000000e+00,-1.642262833238359587e-01,-3.538367179260638595e-01,-9.207764684835024749e-01,0.000000000000000000e+00,5.074456896690282548e-01,1.475907410894577651e-02,2.073277907542086518e-01,1.000000000000000000e+00
9.685801034120620212e-01,-2.276665083240049792e-01,-1.000064556068440136e-01,0.000000000000000000e+00,-1.752580395467105701e-01,-9.103176112232489459e-01,3.749496141780250258e-01,0.000000000000000000e+00,-1.764045035656044147e-01,-3.456484555270550318e-01,-9.216336562395788246e-01,0.000000000000000000e+00,5.010451016525176993e-01,1.045675033447785937e-02,2.078097947285102165e-01,1.000000000000000000e+00
9.643983790382558707e-01,-2.200092177960559225e-01,-1.466712565377430721e-01,0.000000000000000000e+00,-1.570585761899472577e-01,-9.228652213606196586e-01,3.516150362959597486e-01,0.000000000000000000e+00,-2.127204462605171431e-01,-3.160670776001625604e-01,-9.245818591125499752e-01,0.000000000000000000e+00,4.820855993389921990e-01,8.043814864760663076e-04,2.075744499257480002e-01,1.000000000000000000e+00
9.631854251141460654e-01,-2.138392098648027595e-01,-1.628722691967149638e-01,0.000000000000000000e+00,-1.483390408467688548e-01,-9.281472049703283211e-01,3.413488564030008887e-01,0.000000000000000000e+00,-2.241675270831223477e-01,-3.046277922025524831e-01,-9.257163863836678219e-01,0.000000000000000000e+00,4.761973232168174586e-01,-1.774212140488874712e-03,2.072620058251793962e-01,1.000000000000000000e+00
9.604045045412126225e-01,-2.005291274870012463e-01,-1.933701207204929495e-01,0.000000000000000000e+00,-1.318835444963423198e-01,-9.387122755374123217e-01,3.184442515538045138e-01,0.000000000000000000e+00,-2.453809783040306336e-01,-2.803383540992513412e-01,-9.280078570289582718e-01,0.000000000000000000e+00,4.653615842207013409e-01,-6.285955911596319452e-03,2.065169159509519792e-01,1.000000000000000000e+00
9.590366339007696528e-01,-1.911469322507354240e-01,-2.090271083582753986e-01,0.000000000000000000e+00,-1.213147252770257062e-01,-9.440389511344363660e-01,3.066821531702839110e-01,0.000000000000000000e+00,-2.559560128341617502e-01,-2.687665282164537484e-01,-9.285747534821914284e-01,0.000000000000000000e+00,4.602177461727352537e-01,-8.570806853870030495e-03,2.059214064717836690e-01,1.000000000000000000e+00
9.564940608032316272e-01,-1.628101356083200280e-01,-2.420593280428428584e-01,0.000000000000000000e+00,-9.143306883623562864e-02,-9.552674029108538800e-01,2.812204291305108739e-01,0.000000000000000000e+00,-2.770222553892518480e-01,-2.468581958217072325e-01,-9.286117063523934290e-01,0.000000000000000000e+00,4.506237078381218342e-01,-1.331841338583126741e-02,2.049148055992098816e-01,1.000000000000000000e+00
9.521485380404969279e-01,-1.291119093821498920e-01,-2.769910165767987542e-01,0.000000000000000000e+00,-5.687490639503895579e-02,-9.653926089263776822e-01,2.544859574791626389e-01,0.000000000000000000e+00,-3.002680291133530410e-01,-2.265589561875143154e-01,-9.265582281020479094e-01,0.000000000000000000e+00,4.417596797554594890e-01,-1.769994952477206562e-02,2.039467409366194361e-01,1.000000000000000000e+00
9.484334054396018621e-01,-1.108396995004951174e-01,-2.969332978331799544e-01,0.000000000000000000e+00,-3.798436832699284699e-02,-9.698461231605032262e-01,2.406998796313570554e-01,0.000000000000000000e+00,-3.146647683407886031e-01,-2.170131609500529357e-01,-9.240624283778149373e-01,0.000000000000000000e+00,4.371221634424942715e-01,-1.996581828276457887e-02,2.035990814631062906e-01,1.000000000000000000e+00
9.435927397753531842e-01,-9.114970792857515769e-02,-3.182848081341400626e-01,0.000000000000000000e+00,-1.785528139812312190e-02,-9.739571002231336427e-01,2.259856251011267692e-01,0.000000000000000000e+00,-3.306006375861635926e-01,-2.075593264852532982e-01,-9.206640779440730116e-01,0.000000000000000000e+00,4.324986837085396107e-01,-2.208228748527839291e-02,2.033811276709647786e-01,1.000000000000000000e+00
9.309189687914034561e-01,-4.881153422592949404e-02,-3.619227190603942490e-01,0.000000000000000000e+00,2.340153564220938051e-02,-9.810084454090942652e-01,1.924981689960363895e-01,0.000000000000000000e+00,-3.644523917859524564e-01,-1.876733576795366620e-01,-9.121146665517373409e-01,0.000000000000000000e+00,4.241228931417840853e-01,-2.537745047491203609e-02,2.036460907909965756e-01,1.000000000000000000e+00
9.229741597288663169e-01,-2.644071177471440590e-02,-3.839275141675153602e-01,0.000000000000000000e+00,4.372331656888072543e-02,-9.839627153751538957e-01,1.728768152210686526e-01,0.000000000000000000e+00,-3.823487067887167412e-01,-1.763508128063389913e-01,-9.070335480231915826e-01,0.000000000000000000e+00,4.199984887970273362e-01,-2.656677995770512224e-02,2.038819909383046691e-01,1.000000000000000000e+00
9.050243088166780581e-01,2.376870023135233337e-02,-4.246725753347100341e-01,0.000000000000000000e+00,8.554326702980573349e-02,-9.881982657701738892e-01,1.269932435049071495e-01,0.000000000000000000e+00,-4.166502599382548300e-01,-1.512627642164519337e-01,-8.963939630848608564e-01,0.000000000000000000e+00,4.122052858214929061e-01,-2.795946873292411844e-02,2.043263687770471571e-01,1.000000000000000000e+00
8.945530626878865910e-01,5.105532083997508380e-02,-4.440145483549582939e-01,0.000000000000000000e+00,1.066430789566416848e-01,-9.891326288402143563e-01,1.011169776818041377e-01,0.000000000000000000e+00,-4.340350742398906281e-01,-1.378082338486564806e-01,-8.902934600529684994e-01,0.000000000000000000e+00,4.082889069964193429e-01,-2.828718536526472760e-02,2.047679217649926720e-01,1.000000000000000000e+00
8.830959274829015548e-01,7.905043310525994293e-02,-4.624644405683454029e-01,0.000000000000000000e+00,1.276172867687588308e-01,-9.890014042239705372e-01,7.463777503384574907e-02,0.000000000000000000e+00,-4.514865251979810479e-01,-1.249331776519501253e-01,-8.834883240238315949e-01,0.000000000000000000e+00,4.044063152745577261e-01,-2.876565722441092737e-02,2.055299869711995631e-01,1.000000000000000000e+00
8.545574216405398271e-01,1.424844215232898004e-01,-4.994102017815156835e-01,0.000000000000000000e+00,1.743942492661998134e-01,-9.845101526472144204e-01,1.752575415338916004e-02,0.000000000000000000e+00,-4.891866854067729031e-01,-1.020729957186655990e-01,-8.661855981057131615e-01,0.000000000000000000e+00,3.962468550889708951e-01,-3.030572585314342260e-02,2.083289389270358560e-01,1.000000000000000000e+00
8.166731045332938921e-01,2.138377917666044181e-01,-5.360029720491691352e-01,0.000000000000000000e+00,2.266713491554911142e-01,-9.730196508599610050e-01,-4.282061902398565101e-02,0.000000000000000000e+00,-5.307083091168572908e-01,-8.652773487641009231e-02,-8.431261125902127507e-01,0.000000000000000000e+00,3.876229758040911078e-01,-3.303436879702897205e-02,2.135586209330680163e-01,1.000000000000000000e+00
7.950235495968608346e-01,2.486331208787760927e-01,-5.532629335945938864e-01,0.000000000000000000e+00,2.511117170263548748e-01,-9.651980309194170271e-01,-7.291374069792408430e-02,0.000000000000000000e+00,-5.521476955450028701e-01,-8.096422309011365448e-02,-8.298058308325854115e-01,0.000000000000000000e+00,3.834311967567398671e-01,-3.504665903242916436e-02,2.172889846275648795e-01,1.000000000000000000e+00
7.715567729275336628e-01,2.817016721196338724e-01,-5.703727386331335358e-01,0.000000000000000000e+00,2.733911649801581412e-01,-9.564118213787976552e-01,-1.025399714203743956e-01,0.000000000000000000e+00,-5.744079703625473154e-01,-7.682093708374103380e-02,-8.149564572475973545e-01,0.000000000000000000e+00,3.791813542756514721e-01,-3.766601938100290481e-02,2.217377407427603697e-01,1.000000000000000000e+00
7.222657280344755293e-01,3.441928207852055777e-01,-5.998702085684539664e-01,0.000000000000000000e+00,3.105823299939143300e-01,-9.363982605495049238e-01,-1.633329753498082848e-01,0.000000000000000000e+00,-6.179473547733295158e-01,-6.834059248623811089e-02,-7.832436595002060242e-01,0.000000000000000000e+00,3.714608682329799683e-01,-4.364233474373213628e-02,2.330212351555505379e-01,1.000000000000000000e+00
6.750385994433089065e-01,4.063063581967873428e-01,-6.158074207507476805e-01,0.000000000000000000e+00,3.414543035927365966e-01,-9.119617377861567453e-01,-2.274104093335670151e-01,0.000000000000000000e+00,-6.540036923995252716e-01,-5.676038259757881094e-02,-7.543589525518761274e-01,0.000000000000000000e+00,3.664080522645062898e-01,-5.052058343794131601e-02,2.469878389970375787e-01,1.000000000000000000e+00
6.535255032228904915e-01,4.376293531896627842e-01,-6.175481461111137493e-01,0.000000000000000000e+00,3.559181927869773943e-01,-8.977432938795422146e-01,-2.595379841926232500e-01,0.000000000000000000e+00,-6.679940079239893302e-01,-5.018289457410411714e-02,-7.424726812952848753e-01,0.000000000000000000e+00,3.650995699429735453e-01,-5.411835789987756024e-02,2.545050700110548791e-01,1.000000000000000000e+00
6.335324211256988525e-01,4.676474084323767877e-01,-6.163792011986616304e-01,0.000000000000000000e+00,3.689159121898833993e-01,-8.828445941611418046e-01,-2.906324469063343297e-01,0.000000000000000000e+00,-6.800936502439445253e-01,-4.326785055902114541e-02,-7.318473338107268633e-01,0.000000000000000000e+00,3.642387345440145086e-01,-5.773198355904919643e-02,2.619865907312691755e-01,1.000000000000000000e+00
6.157667240035608058e-01,4.949490829351564369e-01,-6.130558651646506041e-01,0.000000000000000000e+00,3.795882854036833343e-01,-8.681697590482048144e-01,-3.196478530503246707e-01,0.000000000000000000e+00,-6.904592679530308086e-01,-3.588100422747059898e-02,-7.224808321563920277e-01,0.000000000000000000e+00,3.636441360870683037e-01,-6.151864167769811181e-02,2.691725471368963118e-01,1.000000000000000000e+00
5.846199464018502212e-01,5.437799720057047148e-01,-6.020827245618172174e-01,0.000000000000000000e+00,3.971658571786328973e-01,-8.389378850324240577e-01,-3.720527568102314775e-01,0.000000000000000000e+00,-7.074384656240312319e-01,-2.161765485482731661e-02,-7.064442613215100586e-01,0.000000000000000000e+00,3.625117671125906438e-01,-6.889264206726361528e-02,2.819789279683312389e-01,1.000000000000000000e+00
5.623392491993555176e-01,5.832433638520734265e-01,-5.861591031739004087e-01,0.000000000000000000e+00,4.112191479801940441e-01,-8.122421439220042227e-01,-4.136934358587741611e-01,0.000000000000000000e+00,-7.174008899653694371e-01,-8.403952670612079012e-03,-6.966098884285280013e-01,0.000000000000000000e+00,3.620936540919266200e-01,-7.640662316490852424e-02,2.917459075430611226e-01,1.000000000000000000e+00
5.504887676276176700e-01,6.059831188916509070e-01,-5.742188809464404686e-01,0.000000000000000000e+00,4.212280235174447607e-01,-7.954627368544557875e-01,-4.356451920781568288e-01,0.000000000000000000e+00,-7.207772320120867660e-01,-2.059339026124382480e-03,-6.931637187099235486e-01,0.000000000000000000e+00,3.620212231240627077e-01,-8.002145565130269755e-02,2.954072112796424232e-01,1.000000000000000000e+00
5.373982987972313330e-01,6.316719718522015858e-01,-5.587256351085042594e-01,0.000000000000000000e+00,4.342713574329881698e-01,-7.752136457139912062e-01,-4.587297009278346605e-01,0.000000000000000000e+00,-7.229123495814689937e-01,3.882095637573296145e-03,-6.909288416009716771e-01,0.000000000000000000e+00,3.621755934646183617e-01,-8.368481084299601858e-02,2.982771213015897316e-01,1.000000000000000000e+00
5.232603514546814161e-01,6.582263347786866392e-01,-5.412184805608063476e-01,0.000000000000000000e+00,4.488872492953232540e-01,-7.527534522530363592e-01,-4.815010118809952555e-01,0.000000000000000000e+00,-7.243546719800061373e-01,9.004487060178523877e-03,-6.893687173012140734e-01,0.000000000000000000e+00,3.625018838188825976e-01,-8.725064254989335633e-02,3.006028806542207499e-01,1.000000000000000000e+00
4.714286391002968646e-01,7.368286841551587862e-01,-4.845815466393942339e-01,0.000000000000000000e+00,4.915711742118497041e-01,-6.757471086841837504e-01,-5.492762262197020684e-01,0.000000000000000000e+00,-7.321911550150969061e-01,2.073862321674130316e-02,-6.807833884759030285e-01,0.000000000000000000e+00,3.632866345088474058e-01,-9.855698552780077504e-02,3.063623411175360189e-01,1.000000000000000000e+00
4.513837189939814420e-01,7.584317384661322103e-01,-4.701220939454041070e-01,0.000000000000000000e+00,5.012582647171540673e-01,-6.513847754689211511e-01,-5.695777148390368527e-01,0.000000000000000000e+00,-7.382304042874484606e-01,2.144593506457624643e-02,-6.742076401634710114e-01,0.000000000000000000e+00,3.629076815514576393e-01,-1.033667723603875349e-01,3.087574185774866753e-01,1.000000000000000000e+00
4.322274734460780921e-01,7.760335022281550366e-01,-4.592735149332394240e-01,0.000000000000000000e+00,5.057329032180774009e-01,-6.302810908158672509e-01,-5.890337206508501344e-01,0.000000000000000000e+00,-7.465956874226469253e-01,2.232725864201806978e-02,-6.649032809690728074e-01,0.000000000000000000e+00,3.620323965101319708e-01,-1.081270971374166945e-01,3.114080832829238532e-01,1.000000000000000000e+00
4.116241148486335377e-01,7.936038014822665021e-01,-4.480394416222555631e-01,0.000000000000000000e+00,5.079401322767892468e-01,-6.079611105523236025e-01,-6.102137797361113503e-01,0.000000000000000000e+00,-7.566731001172993798e-01,2.360194812012740562e-02,-6.533672532380315756e-01,0.000000000000000000e+00,3.609781149072894268e-01,-1.125665991696717105e-01,3.147411681672419026e-01,1.000000000000000000e+00
3.494993217547870401e-01,8.342997549795488910e-01,-4.263506653392450940e-01,0.000000000000000000e+00,5.008150445275174611e-01,-5.509383829705546409e-01,-6.675566914097255111e-01,0.000000000000000000e+00,-7.918505757958801405e-01,1.978816441784243124e-02,-6.103942120963352647e-01,0.000000000000000000e+00,3.578896388980539744e-01,-1.256878245876813516e-01,3.265143869983713198e-01,1.000000000000000000e+00
3.270892661865111295e-01,8.468238789978123071e-01,-4.193836868618955327e-01,0.000000000000000000e+00,4.981776527149728295e-01,-5.316405458145647689e-01,-6.849511685387503768e-01,0.000000000000000000e+00,-8.030098380827949134e-01,1.511288535299756298e-02,-5.957741188055675208e-01,0.000000000000000000e+00,3.574443379478918770e-01,-1.302095607900671248e-01,3.306523207369924666e-01,1.000000000000000000e+00
3.043310788704415848e-01,8.590931571378949139e-01,-4.114878961690194292e-01,0.000000000000000000e+00,4.961266972327562086e-01,-5.117157043527665872e-01,-7.014171976169941702e-01,0.000000000000000000e+00,-8.131631893035836667e-01,9.313100917522677130e-03,-5.819612476041030602e-01,0.000000000000000000e+00,3.573310187440338903e-01,-1.346590706740845300e-01,3.348778424373132223e-01,1.000000000000000000e+00
2.816137511619075107e-01,8.716778882328192202e-01,-4.010637121751360890e-01,0.000000000000000000e+00,4.949610378523002230e-01,-4.900466977480948394e-01,-7.175294780951995133e-01,0.000000000000000000e+00,-8.220103541953954762e-01,3.555325123559072500e-03,-5.694614449274212342e-01,0.000000000000000000e+00,3.574145897165431629e-01,-1.387890679134296257e-01,3.388253883304472303e-01,1.000000000000000000e+00
2.049866897983912417e-01,9.132740861324670778e-01,-3.519824534058670351e-01,0.000000000000000000e+00,4.952640744230148440e-01,-4.069672696863434469e-01,-7.675101855292641995e-01,0.000000000000000000e+00,-8.442087549612455888e-01,-1.699521889163405075e-02,-5.357450331842648072e-01,0.000000000000000000e+00,3.595324901691904773e-01,-1.515327590559249760e-01,3.505725092813357646e-01,1.000000000000000000e+00
1.818692464187433855e-01,9.249955505035932779e-01,-3.335978951624860578e-01,0.000000000000000000e+00,4.959095799620977241e-01,-3.792336525802397218e-01,-7.811762106936399608e-01,0.000000000000000000e+00,-8.491124153716423928e-01,-2.336291311564078418e-02,-5.276952532972856158e-01,0.000000000000000000e+00,3.606040885336238011e-01,-1.555374359686286512e-01,3.539224295695968525e-01,1.000000000000000000e+00
1.439981425045517016e-01,9.423643032039390466e-01,-3.019847709792692347e-01,0.000000000000000000e+00,4.982432912669033098e-01,-3.327060775662796233e-01,-8.006503828508376719e-01,0.000000000000000000e+00,-8.549929700465789262e-01,-3.517039541821185417e-02,-5.174457116036971227e-01,0.000000000000000000e+00,3.632161091149082033e-01,-1.633661203900493852e-01,3.597856468330034585e-01,1.000000000000000000e+00
1.242377715208412420e-01,9.506089681469734876e-01,-2.844087071580080894e-01,0.000000000000000000e+00,5.022499105960194221e-01,-3.074453649878056694e-01,-8.082098253269469623e-01,0.000000000000000000e+00,-8.557481226813452579e-01,-4.243487712585229665e-02,-5.156495241253181705e-01,0.000000000000000000e+00,3.652304276986100273e-01,-1.682352611188234204e-01,3.624865731899386545e-01,1.000000000000000000e+00
1.067227120883962599e-01,9.575800209747534764e-01,-2.676406416366851060e-01,0.000000000000000000e+00,5.079741007211594495e-01,-2.839085052834081080e-01,-8.132275330591547391e-01,0.000000000000000000e+00,-8.547323489305501676e-01,-4.916561296920391594e-02,-5.167352844474881746e-01,0.000000000000000000e+00,3.673560241371751078e-01,-1.727625869086733268e-01,3.644125678048769079e-01,1.000000000000000000e+00
7.671589146343178733e-02,9.692770482760462158e-01,-2.336609136835995360e-01,0.000000000000000000e+00,5.197453578843730382e-01,-2.388685995005164209e-01,-8.202361257781293213e-01,0.000000000000000000e+00,-8.508666879136184136e-01,-5.852015630084186903e-02,-5.221123161786496158e-01,0.000000000000000000e+00,3.714915497632590990e-01,-1.806802455503560834e-01,3.671370954036160539e-01,1.000000000000000000e+00
