9.996682681406974247e-01,1.995650523896959697e-02,1.567923698507359825e-02,0.000000000000000000e+00,2.293091680597773158e-02,-9.749796995841385483e-01,-2.210644823450131913e-01,0.000000000000000000e+00,1.087547265189649053e-02,2.213549492608510583e-01,-9.751326630424824726e-01,0.000000000000000000e+00,6.228705965583813953e-01,2.954046423821564127e-01,2.865501314068219160e-02,1.000000000000000000e+00
9.996681767621794501e-01,1.995539179392245496e-02,1.568647852577689447e-02,0.000000000000000000e+00,2.293139730233122522e-02,-9.749804356963246432e-01,-2.210611859381376998e-01,0.000000000000000000e+00,1.088285662049204641e-02,2.213518072792255986e-01,-9.751332938865322486e-01,0.000000000000000000e+00,6.228733387445516412e-01,2.954022356612936440e-01,2.865822875544821527e-02,1.000000000000000000e+00
9.996682582058595834e-01,1.996060785025167983e-02,1.567464740017178795e-02,0.000000000000000000e+00,2.293387968666801488e-02,-9.749800835666181387e-01,-2.210624814665666515e-01,0.000000000000000000e+00,1.087013681295711555e-02,2.213528880089749573e-01,-9.751331904390055927e-01,0.000000000000000000e+00,6.228675012118425336e-01,2.954061570586636876e-01,2.865239128739293512e-02,1.000000000000000000e+00
9.996682731333625949e-01,1.995635264233318676e-02,1.567911288892643445e-02,0.000000000000000000e+00,2.293071409350026790e-02,-9.749802412768736604e-01,-2.210621142847851162e-01,0.000000000000000000e+00,1.087544114486870168e-02,2.213525770202101062e-01,-9.751332018890630504e-01,0.000000000000000000e+00,6.228707267229182110e-01,2.954026133029730716e-01,2.865433344470475971e-02,1.000000000000000000e+00
9.996681619128308105e-01,1.995101525196982251e-02,1.569299045580281604e-02,0.000000000000000000e+00,2.292854977386617546e-02,-9.749809239262567928e-01,-2.210593279786636223e-01,0.000000000000000000e+00,1.089021798011461858e-02,2.213500512612874283e-01,-9.751336103114131015e-01,0.000000000000000000e+00,6.228768241297060193e-01,2.954005759194981984e-01,2.866035302611051605e-02,1.000000000000000000e+00
9.996680692669090984e-01,1.995698575121148885e-02,1.569130042744517131e-02,0.000000000000000000e+00,2.293398439059227481e-02,-9.749810861962160402e-01,-2.210580485321158029e-01,0.000000000000000000e+00,1.088727842368262567e-02,2.213487982613622784e-01,-9.751339275590691358e-01,0.000000000000000000e+00,6.228749097482070285e-01,2.954009223735710732e-01,2.866020881761043720e-02,1.000000000000000000e+00
9.996679760096681688e-01,1.996653658661227612e-02,1.568509033053800197e-02,0.000000000000000000e+00,2.294194262004108781e-02,-9.749805312814502356e-01,-2.210596702073180930e-01,0.000000000000000000e+00,1.087907116647856935e-02,2.213503812166249252e-01,-9.751336598363372632e-01,0.000000000000000000e+00,6.228707339318111380e-01,2.954046428905221511e-01,2.865604422563935647e-02,1.000000000000000000e+00
9.996682202894395797e-01,1.995748838098867703e-02,1.568103638397218627e-02,0.000000000000000000e+00,2.293225228737050606e-02,-9.749801104050094258e-01,-2.210625319245033138e-01,0.000000000000000000e+00,1.087705508957126366e-02,2.213530510762905801e-01,-9.751330762782051131e-01,0.000000000000000000e+00,6.228715205028366730e-01,2.954033607169526121e-01,2.865449275407790791e-02,1.000000000000000000e+00
9.996683329563048614e-01,1.995051471232957979e-02,1.568272770547147338e-02,0.000000000000000000e+00,2.292576890333899650e-02,-9.749814086300088167e-01,-2.210574786050963081e-01,0.000000000000000000e+00,1.088036695103976846e-02,2.213479613499974852e-01,-9.751341946733335098e-01,0.000000000000000000e+00,6.228737863232043370e-01,2.953992778871627478e-01,2.865417013212642403e-02,1.000000000000000000e+00
9.996681849253200580e-01,1.994679370495558782e-02,1.569689046328359705e-02,0.000000000000000000e+00,2.292522336758304191e-02,-9.749824739926337136e-01,-2.210528363128551055e-01,0.000000000000000000e+00,1.089510753863776917e-02,2.213436039197863026e-01,-9.751350191822270030e-01,0.000000000000000000e+00,6.228791060726474038e-01,2.953957619331586959e-01,2.866150820496302098e-02,1.000000000000000000e+00
9.996681162608468396e-01,1.992266816416233058e-02,1.573186339627925118e-02,0.000000000000000000e+00,2.290946793694288025e-02,-9.749821982183526359e-01,-2.210556860552638780e-01,0.000000000000000000e+00,1.093447819968388322e-02,2.213469915031749946e-01,-9.751338095558959029e-01,0.000000000000000000e+00,6.228980894338158603e-01,2.953853592023915065e-01,2.867479788700561319e-02,1.000000000000000000e+00
9.996677365228827661e-01,1.989362953277883442e-02,1.579262360841974730e-02,0.000000000000000000e+00,2.289458620523256160e-02,-9.749827825579138185e-01,-2.210546505715892951e-01,0.000000000000000000e+00,1.100016857198999991e-02,2.213470293835911318e-01,-9.751330621379050712e-01,0.000000000000000000e+00,6.229299962135711466e-01,2.953731550515648063e-01,2.870125004782685466e-02,1.000000000000000000e+00
9.996686134882681873e-01,1.976628993453555250e-02,1.589666285343760768e-02,0.000000000000000000e+00,2.279318103515385815e-02,-9.749899824862371389e-01,-2.210333727087252231e-01,0.000000000000000000e+00,1.113029159949743829e-02,2.213267219698835109e-01,-9.751361949753358793e-01,0.000000000000000000e+00,6.230124451299267063e-01,2.953151287839143602e-01,2.874044356876725645e-02,1.000000000000000000e+00
9.996734155884928752e-01,1.980504757865983109e-02,1.554249520674285713e-02,0.000000000000000000e+00,2.274822308883243938e-02,-9.750803445099934796e-01,-2.206390423242940158e-01,0.000000000000000000e+00,1.078562250644873530e-02,2.209248026878727345e-01,-9.752312043328353885e-01,0.000000000000000000e+00,6.229532855428717708e-01,2.951865809483458225e-01,2.869369558869270392e-02,1.000000000000000000e+00
9.996946440593603711e-01,2.002106568913560730e-02,1.380298768049869132e-02,0.000000000000000000e+00,2.255838316469977248e-02,-9.754780973627650287e-01,-2.188934622498418525e-01,0.000000000000000000e+00,9.082206634489499789e-03,2.191422140823880704e-01,-9.756506565004285925e-01,0.000000000000000000e+00,6.225950751768996039e-01,2.946088475227382486e-01,2.841523531408361031e-02,1.000000000000000000e+00
9.997728135804654359e-01,1.836382273200477463e-02,9.891316458182065896e-03,0.000000000000000000e+00,2.001735468374623780e-02,-9.780144544497015868e-01,-2.075277795865557162e-01,0.000000000000000000e+00,5.862959993492259866e-03,2.076826286173562575e-01,-9.781786909714912381e-01,0.000000000000000000e+00,6.225079977023046940e-01,2.889400844894418618e-01,2.844256847327474025e-02,1.000000000000000000e+00
9.997900109944479752e-01,1.783018507746936959e-02,9.097544560659821464e-03,0.000000000000000000e+00,1.930214094440034500e-02,-9.791349483276271526e-01,-2.022447211168328929e-01,0.000000000000000000e+00,5.301765090262570805e-03,2.023817505121616178e-01,-9.792923559114310450e-01,0.000000000000000000e+00,6.225553495296829443e-01,2.862939030674771512e-01,2.933589162319229227e-02,1.000000000000000000e+00
9.998004169052954193e-01,1.917450675346363265e-02,3.494502534999293156e-03,0.000000000000000000e+00,1.948981341519355134e-02,-9.822578618023070085e-01,-1.864681930030136214e-01,0.000000000000000000e+00,-1.429357899081297228e-04,1.865026750608041461e-01,-9.824544425898454891e-01,0.000000000000000000e+00,6.210713455289343932e-01,2.800688116159509300e-01,3.237971772625167222e-02,1.000000000000000000e+00
9.997657279818064069e-01,2.116835466263151597e-02,-1.066215313182563565e-03,0.000000000000000000e+00,2.065134889268784718e-02,-9.842019819551204307e-01,-1.757860273336134260e-01,0.000000000000000000e+00,-4.770564043898829591e-03,1.757262100758752998e-01,-9.844275193284025560e-01,0.000000000000000000e+00,6.195511963541242562e-01,2.765499948661648277e-01,3.475572540957382051e-02,1.000000000000000000e+00
9.996837792623578522e-01,2.386049711205356916e-02,-6.615516495592590508e-03,0.000000000000000000e+00,2.245639767581432064e-02,-9.862442439281433604e-01,-1.637032327818809252e-01,0.000000000000000000e+00,-1.043075640179916795e-02,1.635060537538062242e-01,-9.864871867929881910e-01,0.000000000000000000e+00,6.174944087564768758e-01,2.728295682748633766e-01,3.763793126607124090e-02,1.000000000000000000e+00
9.993205884228314462e-01,3.130102447173691016e-02,-1.895664322800016607e-02,0.000000000000000000e+00,2.844836982988814891e-02,-9.903497677907820984e-01,-1.355683391945718408e-01,0.000000000000000000e+00,-2.301757828137323061e-02,1.349395449025311000e-01,-9.905864476720639411e-01,0.000000000000000000e+00,6.121377186484250332e-01,2.651264533799167489e-01,4.540332954779428137e-02,1.000000000000000000e+00
9.987238136238056896e-01,3.977072216213255185e-02,-3.081851165505283471e-02,0.000000000000000000e+00,3.641214710631322099e-02,-9.940277633858110029e-01,-1.027799010629924792e-01,0.000000000000000000e+00,-3.472275562102380975e-02,1.015285213121788210e-01,-9.942264780231137022e-01,0.000000000000000000e+00,6.059183646797126066e-01,2.567180187587425610e-01,5.549216291935394479e-02,1.000000000000000000e+00
9.984171623569521037e-01,4.401752244773315947e-02,-3.473290269849165640e-02,0.000000000000000000e+00,4.089752541080887704e-02,-9.954519009640028226e-01,-8.592818038125474289e-02,0.000000000000000000e+00,-3.835801813674850902e-02,8.437330469961674961e-02,-9.956956401926676525e-01,0.000000000000000000e+00,6.028931383415410128e-01,2.525255478674653387e-01,6.158055400810499846e-02,1.000000000000000000e+00
9.981418447731496002e-01,4.795226251773632847e-02,-3.733878859165667280e-02,0.000000000000000000e+00,4.531131266911357647e-02,-9.966035316355931206e-01,-6.862239122089772159e-02,0.000000000000000000e+00,-4.050334731080640349e-02,6.680429683113568717e-02,-9.969436617891292984e-01,0.000000000000000000e+00,6.000669004103192927e-01,2.482037379759336471e-01,6.828038041921612178e-02,1.000000000000000000e+00
9.978739082207624955e-01,5.153360013984333021e-02,-3.965725973963274420e-02,0.000000000000000000e+00,4.949934383798461346e-02,-9.974782392447503199e-01,-5.067271547894355160e-02,0.000000000000000000e+00,-4.216941296772647868e-02,4.860290805619809501e-02,-9.979276015515544662e-01,0.000000000000000000e+00,5.971814077919889163e-01,2.436660598130711841e-01,7.524679265386896576e-02,1.000000000000000000e+00
9.975886170837355849e-01,5.640488057905994335e-02,-4.020183345358648713e-02,0.000000000000000000e+00,5.581393956355666652e-02,-9.983085086389086316e-01,-1.567394751687047408e-02,0.000000000000000000e+00,-4.101870927475324835e-02,1.339258677367139924e-02,-9.990686183185530922e-01,0.000000000000000000e+00,5.921273132970031883e-01,2.343718654839417603e-01,9.052295773217498842e-02,1.000000000000000000e+00
9.975844345937167068e-01,5.908075506789231546e-02,-3.626992056994710056e-02,0.000000000000000000e+00,5.976309152549392351e-02,-9.980401909052674103e-01,1.802490305941086002e-02,0.000000000000000000e+00,-3.513459001670603266e-02,-2.014935324726188637e-02,-9.991794454191272878e-01,0.000000000000000000e+00,5.873835789159569387e-01,2.248218061637846377e-01,1.066321085986694228e-01,1.000000000000000000e+00
9.976543323011414222e-01,5.966098833839687116e-02,-3.327381271296989129e-02,0.000000000000000000e+00,6.081454415338975739e-02,-9.975323996345022426e-01,3.480588743381368699e-02,0.000000000000000000e+00,-3.111575167090244870e-02,-3.674848366250096227e-02,-9.988400066809807187e-01,0.000000000000000000e+00,5.849646860731818609e-01,2.197612100673775604e-01,1.147320960664837269e-01,1.000000000000000000e+00
9.977923749370884998e-01,5.981169577649031455e-02,-2.852515498562205667e-02,0.000000000000000000e+00,6.120950475558516873e-02,-9.968142820207664956e-01,5.094536866299407413e-02,0.000000000000000000e+00,-2.538764178560713389e-02,-5.257992332649897432e-02,-9.982939543579061326e-01,0.000000000000000000e+00,5.828101444885875893e-01,2.146642619986652567e-01,1.230127583749589526e-01,1.000000000000000000e+00
9.979575251629688726e-01,5.964947334148760355e-02,-2.243803025876764737e-02,0.000000000000000000e+00,6.102803327134640604e-02,-9.958875190374758546e-01,6.681598223195735209e-02,0.000000000000000000e+00,-1.836056963342241541e-02,-6.805017130338347764e-02,-9.975129390981934963e-01,0.000000000000000000e+00,5.807782949173426745e-01,2.093991206658117332e-01,1.313169891399246503e-01,1.000000000000000000e+00
9.982528178174144839e-01,5.863388010607878398e-02,-5.841808324999296122e-03,0.000000000000000000e+00,5.891564442101005633e-02,-9.915038773952102868e-01,1.158868191552816784e-01,0.000000000000000000e+00,1.002737560794522004e-03,-1.160307516232324254e-01,-9.932451153643453434e-01,0.000000000000000000e+00,5.734231204613917665e-01,1.921511053226844790e-01,1.552074014493353415e-01,1.000000000000000000e+00
9.982572796652040559e-01,5.878873595648294315e-02,-2.652361452337749070e-03,0.000000000000000000e+00,5.861461097049282254e-02,-9.892640578192225531e-01,1.337972278824638150e-01,0.000000000000000000e+00,5.241984973003218674e-03,-1.337220984321474404e-01,-9.910050060339986588e-01,0.000000000000000000e+00,5.701768385408447770e-01,1.858577392959537833e-01,1.626430878586928863e-01,1.000000000000000000e+00
9.982694553645602431e-01,5.864009172298378925e-02,-4.254762891640970083e-04,0.000000000000000000e+00,5.802199336836420807e-02,-9.866432014194994604e-01,1.521492302952952569e-01,0.000000000000000000e+00,8.502415229869006788e-03,-1.519135410498633765e-01,-9.883572152723681947e-01,0.000000000000000000e+00,5.666253461831434191e-01,1.794763349799801122e-01,1.697959334253131836e-01,1.000000000000000000e+00
9.982117996447893438e-01,5.961443975460496009e-02,2.617706319955463191e-04,0.000000000000000000e+00,5.847871286973466143e-02,-9.800290116876719804e-01,1.900108504606839166e-01,0.000000000000000000e+00,1.158415624217741351e-02,-1.896594165122530429e-01,-9.817816015043204780e-01,0.000000000000000000e+00,5.589154246830845274e-01,1.659513135468438372e-01,1.832500739359872455e-01,1.000000000000000000e+00
9.978619775170761708e-01,6.516637791024669502e-02,-2.358795662585873656e-03,0.000000000000000000e+00,6.401896606154569569e-02,-9.721303110695168614e-01,2.254883083122125043e-01,0.000000000000000000e+00,1.240143831871397262e-02,-2.251615519564775514e-01,-9.742425159313145011e-01,0.000000000000000000e+00,5.508051569386054336e-01,1.525908350788535428e-01,1.959127793341747525e-01,1.000000000000000000e+00
9.975677197020738074e-01,6.941386931221833756e-02,-4.594154625109196644e-03,0.000000000000000000e+00,6.848134456530279024e-02,-9.682588913315814949e-01,2.403451095925881187e-01,0.000000000000000000e+00,1.223518852847012110e-02,-2.400797590830110462e-01,-9.706760579309228198e-01,0.000000000000000000e+00,5.468876814226500960e-01,1.463268011443275007e-01,2.021889129686619824e-01,1.000000000000000000e+00
9.972700007257295773e-01,7.290771988673520887e-02,-1.085158673322482101e-02,0.000000000000000000e+00,7.319013292337106513e-02,-9.619670200526665438e-01,2.631414138345768428e-01,0.000000000000000000e+00,8.746340332002009235e-03,-2.632223348868299451e-01,-9.646955498744266277e-01,0.000000000000000000e+00,5.391955218178744458e-01,1.338745960320024686e-01,2.142157065971547758e-01,1.000000000000000000e+00
9.970698683801419993e-01,7.460459567277201443e-02,-1.632724024803769783e-02,0.000000000000000000e+00,7.623312364518014528e-02,-9.594589589024216103e-01,2.713075080833335928e-01,0.000000000000000000e+00,4.575558107084749457e-03,-2.717624501691079386e-01,-9.623534875221744223e-01,0.000000000000000000e+00,5.353024608998471212e-01,1.276724256850199635e-01,2.198953975324651755e-01,1.000000000000000000e+00
9.968914078054293970e-01,7.224644670388163936e-02,-3.112424912477227898e-02,0.000000000000000000e+00,7.808991440053759947e-02,-9.566216443672570513e-01,2.806380973749110774e-01,0.000000000000000000e+00,-9.499207921549053177e-03,-2.822016311817310830e-01,-9.593080862826256494e-01,0.000000000000000000e+00,5.270919991832792029e-01,1.153014046659643216e-01,2.304802080882154824e-01,1.000000000000000000e+00
9.968578624857580284e-01,6.772577509248915717e-02,-4.084566426996977945e-02,0.000000000000000000e+00,7.653591997676900682e-02,-9.562386956254393944e-01,2.823659980292879679e-01,0.000000000000000000e+00,-1.993513246024733454e-02,-2.846104053583496385e-01,-9.584359695125952427e-01,0.000000000000000000e+00,5.226389674208763436e-01,1.087156845962353041e-01,2.353432113064011233e-01,1.000000000000000000e+00
9.958923371633282562e-01,6.068559352039867849e-02,-6.705563674777297034e-02,0.000000000000000000e+00,7.735721192705703741e-02,-9.556938455404740962e-01,2.839821865190514938e-01,0.000000000000000000e+00,-4.685193385542619354e-02,-2.880084656034527235e-01,-9.564810609911477135e-01,0.000000000000000000e+00,5.125792369340217425e-01,9.498398495460001756e-02,2.444814562954425174e-01,1.000000000000000000e+00
9.947707993789220993e-01,5.980208100872339699e-02,-8.267717164522959961e-02,0.000000000000000000e+00,8.100084676565404151e-02,-9.555565402291786858e-01,2.834277829530780779e-01,0.000000000000000000e+00,-6.205433559522041675e-02,-2.886481604974321380e-01,-9.554221574127763628e-01,0.000000000000000000e+00,5.072755175229469726e-01,8.783877417711419278e-02,2.488769745372245157e-01,1.000000000000000000e+00
9.932475412230657996e-01,5.992736735719049468e-02,-9.924101670770349437e-02,0.000000000000000000e+00,8.583878384059773214e-02,-9.555233115594052862e-01,2.821128340868648277e-01,0.000000000000000000e+00,-7.792232572880068708e-02,-2.887321659744587765e-01,-9.542336440750305293e-01,0.000000000000000000e+00,5.019432134768003761e-01,8.040847009759996555e-02,2.531708757761311213e-01,1.000000000000000000e+00
9.892431855758508918e-01,5.850204891366547755e-02,-1.340006603187233469e-01,0.000000000000000000e+00,9.409952982351174611e-02,-9.561740598124183199e-01,2.772312982511901946e-01,0.000000000000000000e+00,-1.119115110671869556e-01,-2.868640947781247452e-01,-9.514120058196584573e-01,0.000000000000000000e+00,4.906809059913517235e-01,6.547996475599582311e-02,2.616559505061745727e-01,1.000000000000000000e+00
9.820339034045503235e-01,6.198414188910781469e-02,-1.781800370959159274e-01,0.000000000000000000e+00,1.086484909387674253e-01,-9.579396334874248353e-01,2.655709150338474989e-01,0.000000000000000000e+00,-1.542275035087207202e-01,-2.801640284930106417e-01,-9.474819229410316179e-01,0.000000000000000000e+00,4.773574378745631952e-01,5.106218856638530812e-02,2.694182502986975924e-01,1.000000000000000000e+00
9.768434623643816872e-01,6.594061836399708887e-02,-2.034930755257997603e-01,0.000000000000000000e+00,1.181336497957580361e-01,-9.593652380130544000e-01,2.562099291192616590e-01,0.000000000000000000e+00,-1.783329751410854536e-01,-2.743216555149533553e-01,-9.449576600530120718e-01,0.000000000000000000e+00,4.700514417587303151e-01,4.426470196573745880e-02,2.730946402103013870e-01,1.000000000000000000e+00
9.705883763107366891e-01,7.069000427754222604e-02,-2.300910123558443654e-01,0.000000000000000000e+00,1.279936643575124156e-01,-9.611211179897509727e-01,2.446314888555357336e-01,0.000000000000000000e+00,-2.038562549058383910e-01,-2.668918098643087156e-01,-9.419189928879868612e-01,0.000000000000000000e+00,4.624987311723578465e-01,3.775282223749797800e-02,2.767030397530235164e-01,1.000000000000000000e+00
9.634420662119732581e-01,7.615100912373008735e-02,-2.568290399543046165e-01,0.000000000000000000e+00,1.375879475853721556e-01,-9.632823433222851284e-01,2.305155756645967946e-01,0.000000000000000000e+00,-2.298493110462914990e-01,-2.574299393240296330e-01,-9.385622624797844704e-01,0.000000000000000000e+00,4.549420389619316940e-01,3.193031612328754015e-02,2.804099490666469574e-01,1.000000000000000000e+00
9.462960988794306694e-01,9.005292544246440434e-02,-3.104752981575716331e-01,0.000000000000000000e+00,1.569031711275878371e-01,-9.676423747507152395e-01,1.975610699963726569e-01,0.000000000000000000e+00,-2.826435442679928189e-01,-2.356703660505597431e-01,-9.298236958957447618e-01,0.000000000000000000e+00,4.400737677415107463e-01,2.174017758695337768e-02,2.881297132992870491e-01,1.000000000000000000e+00
9.256659130027254934e-01,1.125569537445424012e-01,-3.611845741027535084e-01,0.000000000000000000e+00,1.805548656203358471e-01,-9.703996022857082071e-01,1.603287225851000031e-01,0.000000000000000000e+00,-3.324536552121795108e-01,-2.136285786256872099e-01,-9.186062255016723688e-01,0.000000000000000000e+00,4.263589110340947341e-01,1.330387849689112188e-02,2.959018207209223594e-01,1.000000000000000000e+00
9.152290094714372604e-01,1.248509026597602461e-01,-3.830781372359732262e-01,0.000000000000000000e+00,1.917734877000419058e-01,-9.711517108522629282e-01,1.416616773347427194e-01,0.000000000000000000e+00,-3.543472223613537420e-01,-2.031210177755386759e-01,-9.127868853914491432e-01,0.000000000000000000e+00,4.203182952489117885e-01,9.507763780337736073e-03,2.995900062394198926e-01,1.000000000000000000e+00
9.044735216156140067e-01,1.411127929386690738e-01,-4.024867392430535595e-01,0.000000000000000000e+00,2.060302518184385923e-01,-9.708224898522171964e-01,1.226212682774932977e-01,0.000000000000000000e+00,-3.734469386949266778e-01,-1.938358665248335055e-01,-9.071742064388484961e-01,0.000000000000000000e+00,4.150900031472723462e-01,6.263395146051928090e-03,3.029285383606897808e-01,1.000000000000000000e+00
8.933453823447802256e-01,1.596921205180282799e-01,-4.200157156451678753e-01,0.000000000000000000e+00,2.218724917504043270e-01,-9.695819037124399076e-01,1.032679829329305604e-01,0.000000000000000000e+00,-3.907560772535642601e-01,-1.854474795403600607e-01,-9.016201641609031814e-01,0.000000000000000000e+00,4.104296042364561914e-01,3.140847601063229133e-03,3.060492849266647220e-01,1.000000000000000000e+00
8.534797288746464039e-01,2.262506935420564858e-01,-4.694291458495165603e-01,0.000000000000000000e+00,2.765920050762412097e-01,-9.601395772069181156e-01,4.011984434209072553e-02,0.000000000000000000e+00,-4.416488621265359238e-01,-1.640849817076887596e-01,-8.820557813201630459e-01,0.000000000000000000e+00,3.982901223587990702e-01,-5.640862781898473878e-03,3.138263319781957050e-01,1.000000000000000000e+00
8.387408883640355972e-01,2.470744649287484884e-01,-4.852305409469702679e-01,0.000000000000000000e+00,2.921664137735774380e-01,-9.561853429909813462e-01,1.814175882086157404e-02,0.000000000000000000e+00,-4.594968126090749894e-01,-1.569873244042505889e-01,-8.741954353452637827e-01,0.000000000000000000e+00,3.946371790664500723e-01,-9.054180620861206411e-03,3.163087691035088023e-01,1.000000000000000000e+00
8.232268746808191207e-01,2.694001177829665750e-01,-4.997017472883028555e-01,0.000000000000000000e+00,3.074971321026065407e-01,-9.515173554704579040e-01,-6.401787905474088866e-03,0.000000000000000000e+00,-4.772087152660286491e-01,-1.483895873074057570e-01,-8.661710988326060123e-01,0.000000000000000000e+00,3.911562424100491486e-01,-1.248041904909859279e-02,3.188785473553706340e-01,1.000000000000000000e+00
7.933101989643156493e-01,3.145074428078246109e-01,-5.212722355342639391e-01,0.000000000000000000e+00,3.345959161731333342e-01,-9.405486036128334337e-01,-5.826357372680449759e-02,0.000000000000000000e+00,-5.086159932495195601e-01,-1.281969421470129378e-01,-8.513960978504424570e-01,0.000000000000000000e+00,3.856476976150364222e-01,-2.016984217864958503e-02,3.246231149270938920e-01,1.000000000000000000e+00
7.644161328782771436e-01,3.653130875412547440e-01,-5.312203598956874995e-01,0.000000000000000000e+00,3.610563141202721704e-01,-9.252032230590245820e-01,-1.166965336943829590e-01,0.000000000000000000e+00,-5.341278437754657382e-01,-1.025977274468039685e-01,-8.391550231194011555e-01,0.000000000000000000e+00,3.818154655162348532e-01,-2.755874059250909905e-02,3.300677515841873300e-01,1.000000000000000000e+00
7.496247368340588357e-01,3.923209856600480827e-01,-5.330363449507031781e-01,0.000000000000000000e+00,3.735786605579550779e-01,-9.156189710433614293e-01,-1.485315829796098885e-01,0.000000000000000000e+00,-5.463407654814166348e-01,-8.778974519739275728e-02,-8.329494153976917392e-01,0.000000000000000000e+00,3.800261905264667450e-01,-3.102285022444382576e-02,3.324170909409744912e-01,1.000000000000000000e+00
7.179227751863170859e-01,4.454966991730170967e-01,-5.348834702960372223e-01,0.000000000000000000e+00,3.941683479784321431e-01,-8.934950533762587854e-01,-2.151247311336342560e-01,0.000000000000000000e+00,-5.737641392104083637e-01,-5.639227558694370063e-02,-8.170768775398463690e-01,0.000000000000000000e+00,3.755645157014581015e-01,-3.787637185083899544e-02,3.361235316049014932e-01,1.000000000000000000e+00
6.999012096498669067e-01,4.734034518373882450e-01,-5.347973592121667563e-01,0.000000000000000000e+00,4.040028435196492684e-01,-8.798808179224739678e-01,-2.501443494890990271e-01,0.000000000000000000e+00,-5.889884762054575784e-01,-4.098411010513590413e-02,-8.071015286914425824e-01,0.000000000000000000e+00,3.729530954682195865e-01,-4.153986065806235944e-02,3.376539453377466193e-01,1.000000000000000000e+00
6.805403784276115031e-01,5.014807907293012956e-01,-5.341933701950317692e-01,0.000000000000000000e+00,4.128558673861926764e-01,-8.647664849380483076e-01,-2.858490968918650510e-01,0.000000000000000000e+00,-6.053120082912517574e-01,-2.601351547262589423e-02,-7.955631148005586351e-01,0.000000000000000000e+00,3.702323669247857829e-01,-4.535669999234586552e-02,3.388931478698035682e-01,1.000000000000000000e+00
6.409924941162098433e-01,5.543723527904423909e-01,-5.308301647885869112e-01,0.000000000000000000e+00,4.267457026119311769e-01,-8.322571453783725870e-01,-3.538599951535915111e-01,0.000000000000000000e+00,-6.379696785926394220e-01,2.921148452537745814e-04,-7.700614286310680789e-01,0.000000000000000000e+00,3.652502325335735267e-01,-5.433835600822999046e-02,3.414804387751957382e-01,1.000000000000000000e+00
6.020573619856869341e-01,6.058522538499105936e-01,-5.200487729867530051e-01,0.000000000000000000e+00,4.352101229955382400e-01,-7.950726745299149245e-01,-4.224125210730202973e-01,0.000000000000000000e+00,-6.694090349693727626e-01,2.798661648079440317e-02,-7.423666837886315761e-01,0.000000000000000000e+00,3.615237576789768759e-01,-6.393574633010168373e-02,3.437462317304083581e-01,1.000000000000000000e+00
5.821673781008310788e-01,6.322939938574531071e-01,-5.111420508119084438e-01,0.000000000000000000e+00,4.385742901211839295e-01,-7.735705630600382410e-01,-4.574078299645552570e-01,0.000000000000000000e+00,-6.846338490033211377e-01,4.211496585093518069e-02,-7.276694458682955169e-01,0.000000000000000000e+00,3.602000288152342189e-01,-6.905671946230562686e-02,3.448690134724066714e-01,1.000000000000000000e+00
5.627163156202449334e-01,6.584717685687839772e-01,-4.997459604978143344e-01,0.000000000000000000e+00,4.411492150422276493e-01,-7.504726655816315040e-01,-4.920964287450533825e-01,0.000000000000000000e+00,-6.990907484938304606e-01,5.644923794191678695e-02,-7.128012408140943501e-01,0.000000000000000000e+00,3.592217629598677964e-01,-7.453754097261852674e-02,3.461665178723705161e-01,1.000000000000000000e+00
5.422504247593570303e-01,6.855655254820351985e-01,-4.857418388609800464e-01,0.000000000000000000e+00,4.427857452920584413e-01,-7.244921200444706111e-01,-5.282354575952215026e-01,0.000000000000000000e+00,-7.140699017535651061e-01,7.135771297146555059e-02,-6.964282103771616272e-01,0.000000000000000000e+00,3.583541162992710527e-01,-8.006057597582495744e-02,3.472267265979031570e-01,1.000000000000000000e+00
4.999213482042773049e-01,7.412729037048764180e-01,-4.478547473721439798e-01,0.000000000000000000e+00,4.474613561735960032e-01,-6.638209967645311016e-01,-5.992501697013016271e-01,0.000000000000000000e+00,-7.415175746575485283e-01,9.918216968490524421e-02,-6.635620420809057451e-01,0.000000000000000000e+00,3.576720553754778598e-01,-9.245027077029786822e-02,3.497611483377209840e-01,1.000000000000000000e+00
4.558616458587060327e-01,7.962211277491320072e-01,-3.977471841032951816e-01,0.000000000000000000e+00,4.557305352660320219e-01,-5.926689273085036236e-01,-6.641038839897956958e-01,0.000000000000000000e+00,-7.645206597872029608e-01,1.214762912598321976e-01,-6.330495015559972627e-01,0.000000000000000000e+00,3.591501828414717101e-01,-1.062680056985224469e-01,3.521560328090186931e-01,1.000000000000000000e+00
4.343655395789261520e-01,8.205255031685703138e-01,-3.715443763233147734e-01,0.000000000000000000e+00,4.592111237725847173e-01,-5.565886948221895336e-01,-6.923257293361699816e-01,0.000000000000000000e+00,-7.748832358099178030e-01,1.301076333797845652e-01,-6.185692965198507087e-01,0.000000000000000000e+00,3.605676038247476178e-01,-1.133735104025913182e-01,3.537227628828016335e-01,1.000000000000000000e+00
4.122532992261520035e-01,8.426006695242578282e-01,-3.464853184416813447e-01,0.000000000000000000e+00,4.620934344095342650e-01,-5.211433539075625010e-01,-7.175374620567116501e-01,0.000000000000000000e+00,-7.851811840410554133e-01,1.357012079488043865e-01,-6.042149372442902067e-01,0.000000000000000000e+00,3.623738243503680789e-01,-1.205352122266460380e-01,3.556738164729004725e-01,1.000000000000000000e+00
3.888846355254618747e-01,8.637234038681720349e-01,-3.205173454960210111e-01,0.000000000000000000e+00,4.629351601024483398e-01,-4.839944183345656903e-01,-7.425773949314066202e-01,0.000000000000000000e+00,-7.965254169677430385e-01,1.404008940768188551e-01,-5.880772475336832894e-01,0.000000000000000000e+00,3.640509692159967781e-01,-1.275101210494342385e-01,3.582073839992287456e-01,1.000000000000000000e+00
3.175914343039329957e-01,9.122686695894116626e-01,-2.586161291248938454e-01,0.000000000000000000e+00,4.427971051991568263e-01,-3.838581409466338967e-01,-8.102866148206134822e-01,0.000000000000000000e+00,-8.384871421089882260e-01,1.428283647524596078e-01,-5.258701082397057025e-01,0.000000000000000000e+00,3.676480218559800006e-01,-1.467180536033690363e-01,3.693352963491010055e-01,1.000000000000000000e+00
2.947103839123289548e-01,9.236682556633578622e-01,-2.448744372025505878e-01,0.000000000000000000e+00,4.291105682694300594e-01,-3.568884127473660461e-01,-8.297442545431457095e-01,0.000000000000000000e+00,-8.538177160930215948e-01,1.394587239154052860e-01,-5.015441874945647527e-01,0.000000000000000000e+00,3.686000560893260558e-01,-1.527777102717523816e-01,3.737509723012096274e-01,1.000000000000000000e+00
2.467459709165907011e-01,9.439603790899988578e-01,-2.191711099709603705e-01,0.000000000000000000e+00,3.994621167491643754e-01,-3.051316074174053039e-01,-8.644683142477551652e-01,0.000000000000000000e+00,-8.829168695992143379e-01,1.257559391979480856e-01,-4.523751155109723698e-01,0.000000000000000000e+00,3.708729404461257873e-01,-1.649077342970541871e-01,3.821261296040340816e-01,1.000000000000000000e+00
2.224833249843913563e-01,9.531049787067852330e-01,-2.051165926234063130e-01,0.000000000000000000e+00,3.864459604059092279e-01,-2.793706777301230293e-01,-8.789722925165358580e-01,0.000000000000000000e+00,-8.950736625793732637e-01,1.162924385665005250e-01,-4.304871743606342727e-01,0.000000000000000000e+00,3.726898308754159062e-01,-1.708286321455164680e-01,3.855664117426031434e-01,1.000000000000000000e+00
1.716440374384206602e-01,9.717380832115553035e-01,-1.620005214478613675e-01,0.000000000000000000e+00,3.679107470352178111e-01,-2.157723253953717779e-01,-9.044693099882771259e-01,0.000000000000000000e+00,-9.138800978635621686e-01,9.564687273824279412e-02,-3.945565136508081827e-01,0.000000000000000000e+00,3.777685647409491088e-01,-1.817206169499639978e-01,3.901768524960870232e-01,1.000000000000000000e+00
1.256970618773589621e-01,9.858913699432456657e-01,-1.104499986783068488e-01,0.000000000000000000e+00,3.597554143401388016e-01,-1.490535146393401622e-01,-9.210536567040072953e-01,0.000000000000000000e+00,-9.245396121465514483e-01,7.604021745052794157e-02,-3.734225366819481917e-01,0.000000000000000000e+00,3.845709777064292290e-01,-1.907101328590578848e-01,3.907402152872834211e-01,1.000000000000000000e+00
1.039923804461663770e-01,9.911373262193010625e-01,-8.254170028053976760e-02,0.000000000000000000e+00,3.575620338866492554e-01,-1.147006266873739494e-01,-9.268084511168286355e-01,0.000000000000000000e+00,-9.280799033214700566e-01,6.686852624283325108e-02,-3.663281223833661504e-01,0.000000000000000000e+00,3.879692218195029407e-01,-1.948078740788741769e-01,3.900999353130837344e-01,1.000000000000000000e+00
8.383274674856100450e-02,9.947934354876871721e-01,-5.778268066128847830e-02,0.000000000000000000e+00,3.551098414126140912e-01,-8.400474560222093157e-02,-9.310321960863773283e-01,0.000000000000000000e+00,-9.310566620094736789e-01,5.753289542975945081e-02,-3.603102247664435875e-01,0.000000000000000000e+00,3.911469272892132976e-01,-1.988513897556798693e-01,3.890284429307830916e-01,1.000000000000000000e+00
6.618448814557713333e-02,9.970361592859029454e-01,-3.897765393827433422e-02,0.000000000000000000e+00,3.536762707553745555e-01,-5.996865807136778082e-02,-9.334332340638504810e-01,0.000000000000000000e+00,-9.330220878087205350e-01,4.799425356500951895e-02,-3.566038912936789762e-01,0.000000000000000000e+00,3.940895625162910698e-01,-2.028335285485522443e-01,3.877192980772607434e-01,1.000000000000000000e+00
4.183073997151785794e-02,9.988021252381535930e-01,-2.500501378506293781e-02,0.000000000000000000e+00,3.489449804357547813e-01,-3.805590560108572384e-02,-9.363599177553362241e-01,0.000000000000000000e+00,-9.362078891889910048e-01,3.044384033161635222e-02,-3.501256357454519685e-01,0.000000000000000000e+00,3.990132748248484962e-01,-2.098041743645892299e-01,3.845773155251110409e-01,1.000000000000000000e+00
2.886749149359134001e-02,9.991274333463985302e-01,-2.986279911049441807e-02,0.000000000000000000e+00,3.415050681113183662e-01,-3.793576371403081099e-02,-9.391037819042820090e-01,0.000000000000000000e+00,-9.394353063915790170e-01,1.691159879217967246e-02,-3.423087830179828428e-01,0.000000000000000000e+00,4.018484953938171733e-01,-2.153586405872277010e-01,3.819596620028601341e-01,1.000000000000000000e+00
2.482878910693773686e-02,9.992617706152286949e-01,-2.898606423110487371e-02,0.000000000000000000e+00,3.384508034378984065e-01,-3.568517548120532512e-02,-9.402969577768105491e-01,0.000000000000000000e+00,-9.406552862499201195e-01,1.353633875148295591e-02,-3.390934974063730123e-01,0.000000000000000000e+00,4.026722407927711966e-01,-2.168043694480849548e-01,3.806770871749378671e-01,1.000000000000000000e+00
2.123939892812402169e-02,9.995218395979132975e-01,-2.203921507639137328e-02,0.000000000000000000e+00,3.355047299918355597e-01,-2.789171765619798821e-02,-9.416153010335488460e-01,0.000000000000000000e+00,-9.417979019749191938e-01,1.260532480360428836e-02,-3.359431761804906325e-01,0.000000000000000000e+00,4.031048436998875273e-01,-2.174007217881512577e-01,3.791694273965581785e-01,1.000000000000000000e+00
1.790415427257556133e-02,9.997576232519477246e-01,-1.203673172454760264e-02,0.000000000000000000e+00,3.326270928216644718e-01,-1.730890846521909027e-02,-9.428893708754801928e-01,0.000000000000000000e+00,-9.428873326065989602e-01,1.287814162164857383e-02,-3.328627817560646518e-01,0.000000000000000000e+00,4.032523617582446929e-01,-2.173951089065859765e-01,3.776304955329686242e-01,1.000000000000000000e+00
9.824363165898249151e-03,9.998895347605128991e-01,1.025412434085086130e-02,0.000000000000000000e+00,3.287628052559480873e-01,6.454620575563431439e-03,-9.443802743888042306e-01,0.000000000000000000e+00,-9.443603215401475959e-01,1.264935300529078897e-02,-3.286694037617991504e-01,0.000000000000000000e+00,4.034521643129145851e-01,-2.170523246978215415e-01,3.755980237465014193e-01,1.000000000000000000e+00
6.086932930794658990e-03,9.997819848417915933e-01,1.948535179337308396e-02,0.000000000000000000e+00,3.278020960732999645e-01,1.641400817963009975e-02,-9.445936232299255719e-01,0.000000000000000000e+00,-9.447257091228427051e-01,1.213725087174038174e-02,-3.276370273086031681e-01,0.000000000000000000e+00,4.036476252278926036e-01,-2.167535232422187486e-01,3.750238559075348421e-01,1.000000000000000000e+00
5.318453308919304096e-03,9.997838763017641295e-01,1.961279283089926301e-02,0.000000000000000000e+00,3.281929876317276618e-01,1.678147790633350081e-02,-9.444514237216482533e-01,0.000000000000000000e+00,-9.445946234103251848e-01,1.146002251552660778e-02,-3.280391216124219911e-01,0.000000000000000000e+00,4.038148387144520624e-01,-2.164555568841076694e-01,3.751455330483117190e-01,1.000000000000000000e+00
4.359616674001491957e-03,9.997876651839646689e-01,1.965617433938771780e-02,0.000000000000000000e+00,3.289341497121269775e-01,1.712872062166940698e-02,-9.441873113870112855e-01,0.000000000000000000e+00,-9.443416941706264112e-01,1.058208547696038240e-02,-3.287959612250574981e-01,0.000000000000000000e+00,4.039945351770744542e-01,-2.160693846911747040e-01,3.754428439470077206e-01,1.000000000000000000e+00
1.001558598326432068e-03,9.998059236233451941e-01,1.917964726609439410e-02,0.000000000000000000e+00,3.316978460196035039e-01,1.776163389192557743e-02,-9.432082538912882619e-01,0.000000000000000000e+00,-9.433840243896789435e-01,7.306666698252412342e-03,-3.316220667387715926e-01,0.000000000000000000e+00,4.046614396946192072e-01,-2.146921629006835197e-01,3.766205167230522455e-01,1.000000000000000000e+00
1.170484650536489325e-03,9.998043027308354258e-01,1.925443086146799709e-02,0.000000000000000000e+00,3.314062084960275323e-01,1.777847908328353613e-02,-9.433104460107399891e-01,0.000000000000000000e+00,-9.434863222641834968e-01,7.485312441754174949e-03,-3.313269228391416132e-01,0.000000000000000000e+00,4.046126742191181735e-01,-2.147553711473766391e-01,3.765043204337133464e-01,1.000000000000000000e+00
1.419839164818848237e-03,9.998045120047230894e-01,1.922677125655167588e-02,0.000000000000000000e+00,3.313384240269406922e-01,1.767031812446984845e-02,-9.433362897301954542e-01,0.000000000000000000e+00,-9.435097874618030289e-01,7.710102340388171570e-03,-3.312549400170269331e-01,0.000000000000000000e+00,4.045639020445107037e-01,-2.148560325571141350e-01,3.764767305720111978e-01,1.000000000000000000e+00
1.149006272021454566e-03,9.998054704173440221e-01,1.919499959231009759e-02,0.000000000000000000e+00,3.316057557372796838e-01,1.772794727059864850e-02,-9.432412679419230894e-01,0.000000000000000000e+00,-9.434162312382595728e-01,7.449105897451234991e-03,-3.315272620125334635e-01,0.000000000000000000e+00,4.046264700148246019e-01,-2.147519860099787459e-01,3.765851075021088845e-01,1.000000000000000000e+00
1.216140948056704642e-03,9.998050249256575928e-01,1.921405828574707791e-02,0.000000000000000000e+00,3.315092388882360797e-01,1.772443968436050038e-02,-9.432752597576309350e-01,0.000000000000000000e+00,-9.434500673482635325e-01,7.516938231296723880e-03,-3.314294284763861231e-01,0.000000000000000000e+00,4.046121705947622882e-01,-2.147772263495720257e-01,3.765426550232758296e-01,1.000000000000000000e+00
1.237733093113677985e-03,9.998053101930901576e-01,1.919782872351951178e-02,0.000000000000000000e+00,3.315476316482540708e-01,1.770166489254146672e-02,-9.432621936183352984e-01,0.000000000000000000e+00,-9.434365476917789817e-01,7.532646505383475133e-03,-3.314675545450001537e-01,0.000000000000000000e+00,4.046130212669263870e-01,-2.147878507252254099e-01,3.765551883059977678e-01,1.000000000000000000e+00
1.538631044723107319e-03,9.998077444033430794e-01,1.904872034589218804e-02,0.000000000000000000e+00,3.317796210454133088e-01,1.745934012734617902e-02,-9.431851363345842287e-01,0.000000000000000000e+00,-9.433545442991868590e-01,7.771340771837521692e-03,-3.316953572371518777e-01,0.000000000000000000e+00,4.045432472590775319e-01,-2.149119080237627544e-01,3.766784044263931652e-01,1.000000000000000000e+00
1.227335965902448924e-03,9.998064353279921823e-01,1.913981254788983330e-02,0.000000000000000000e+00,3.317112644677618905e-01,1.764907436571240551e-02,-9.432056478310761882e-01,0.000000000000000000e+00,-9.433790394840666504e-01,7.506666163347089707e-03,-3.316317804813521120e-01,0.000000000000000000e+00,4.046165843361557712e-01,-2.147892265292553338e-01,3.766270798541292986e-01,1.000000000000000000e+00
