9.996737362943352023e-01,1.960678980958796558e-02,1.577154583087753831e-02,0.000000000000000000e+00,2.260886613354611344e-02,-9.750154048392847272e-01,-2.209401421187410508e-01,0.000000000000000000e+00,1.104578588181850951e-02,2.212288934793943673e-01,-9.751593548257310173e-01,0.000000000000000000e+00,6.230098407669356630e-01,2.951720505657315363e-01,2.862419687942262606e-02,1.000000000000000000e+00
9.996738135040157402e-01,1.959594888392027223e-02,1.578012303138699723e-02,0.000000000000000000e+00,2.260016491421246165e-02,-9.750161174688022347e-01,-2.209378874777288559e-01,0.000000000000000000e+00,1.105659961551272441e-02,2.212267132050227958e-01,-9.751597269009034674e-01,0.000000000000000000e+00,6.230152012560120633e-01,2.951691076816490011e-01,2.862829481693739825e-02,1.000000000000000000e+00
9.996741323494859888e-01,1.959729815414160484e-02,1.575823332638231350e-02,0.000000000000000000e+00,2.259667398540555691e-02,-9.750154668862331953e-01,-2.209411155910682989e-01,0.000000000000000000e+00,1.103488476300443048e-02,2.212294610425598884e-01,-9.751593494835014697e-01,0.000000000000000000e+00,6.230083212702268725e-01,2.951688727366357234e-01,2.861743081862688429e-02,1.000000000000000000e+00
9.996741933408518355e-01,1.959934451288350421e-02,1.575181780592695840e-02,0.000000000000000000e+00,2.259719586312953360e-02,-9.750165457838018135e-01,-2.209363009741840689e-01,0.000000000000000000e+00,1.102828863748611665e-02,2.212245246258677245e-01,-9.751605439894432958e-01,0.000000000000000000e+00,6.230058799893974930e-01,2.951667006565685814e-01,2.861329875805585302e-02,1.000000000000000000e+00
9.996743997763040124e-01,1.960693572681986366e-02,1.572925314499096922e-02,0.000000000000000000e+00,2.259961033036917213e-02,-9.750164248388419885e-01,-2.209365877545106938e-01,0.000000000000000000e+00,1.100460256370888040e-02,2.212243849989190547e-01,-9.751608432480586286e-01,0.000000000000000000e+00,6.229953766193473408e-01,2.951678914974264489e-01,2.859942290381738139e-02,1.000000000000000000e+00
9.996743993288059738e-01,1.961285366287641302e-02,1.572190188869144328e-02,0.000000000000000000e+00,2.260375984142968392e-02,-9.750162460080946669e-01,-2.209369524604742618e-01,0.000000000000000000e+00,1.099611735162414616e-02,2.212246485950186692e-01,-9.751608791667147891e-01,0.000000000000000000e+00,6.229908479407475497e-01,2.951729904407748295e-01,2.859953460637828376e-02,1.000000000000000000e+00
9.996743071523922497e-01,1.961433023787460470e-02,1.572592032004974452e-02,0.000000000000000000e+00,2.260607576137935518e-02,-9.750164608516165288e-01,-2.209357673810814215e-01,0.000000000000000000e+00,1.099973585031958218e-02,2.212235707673000096e-01,-9.751610828720498336e-01,0.000000000000000000e+00,6.229921645639665551e-01,2.951719071704494435e-01,2.860111218819300777e-02,1.000000000000000000e+00
9.996743187579791856e-01,1.961173710564328293e-02,1.572841647076389168e-02,0.000000000000000000e+00,2.260412420885688292e-02,-9.750159977423686897e-01,-2.209380108003431709e-01,0.000000000000000000e+00,1.100269132959232066e-02,2.212258417970773272e-01,-9.751605343248260782e-01,0.000000000000000000e+00,6.229928930971628809e-01,2.951711972734477607e-01,2.860188885522373450e-02,1.000000000000000000e+00
9.996750152355852181e-01,1.957905619254407190e-02,1.572486481817292336e-02,0.000000000000000000e+00,2.257127811969666595e-02,-9.750204813985501318e-01,-2.209215814686091295e-01,0.000000000000000000e+00,1.100684112302204379e-02,2.212089745759480697e-01,-9.751643138546189915e-01,0.000000000000000000e+00,6.230008916063407565e-01,2.951495565902807483e-01,2.859541402278177255e-02,1.000000000000000000e+00
9.996735538251318998e-01,1.963473525634092456e-02,1.574832864950818923e-02,0.000000000000000000e+00,2.263096890857739865e-02,-9.750152155750241301e-01,-2.209387144541600234e-01,0.000000000000000000e+00,1.101699899833292508e-02,2.212272491020576826e-01,-9.751600535234239420e-01,0.000000000000000000e+00,6.229925198882958481e-01,2.951852267986515566e-01,2.861702667724800100e-02,1.000000000000000000e+00
9.996737384392647696e-01,1.963648744258273196e-02,1.573441886406857712e-02,0.000000000000000000e+00,2.262967364168627996e-02,-9.750137688067961328e-01,-2.209452316961065810e-01,0.000000000000000000e+00,1.100289860883491184e-02,2.212334699536648575e-01,-9.751588014238831148e-01,0.000000000000000000e+00,6.229863407137730125e-01,2.951911209003253989e-01,2.861092049757604436e-02,1.000000000000000000e+00
9.996734766022573604e-01,1.965242718505369815e-02,1.573115332391530896e-02,0.000000000000000000e+00,2.264459995663148720e-02,-9.750113653777348066e-01,-2.209543083496172677e-01,0.000000000000000000e+00,1.099597653187482822e-02,2.212426468785227973e-01,-9.751567974958159635e-01,0.000000000000000000e+00,6.229812382560527828e-01,2.952031856266410514e-01,2.860971521757308886e-02,1.000000000000000000e+00
9.996728676142310199e-01,1.964165403785367303e-02,1.578322159147562201e-02,0.000000000000000000e+00,2.264564402920401023e-02,-9.750107481889140892e-01,-2.209569248152337684e-01,0.000000000000000000e+00,1.104906394696684307e-02,2.212463235443859200e-01,-9.751553632647408376e-01,0.000000000000000000e+00,6.230036520442580050e-01,2.951998665472757577e-01,2.863574284247271881e-02,1.000000000000000000e+00
9.996733058225154567e-01,1.965381739301778896e-02,1.574026648356520452e-02,0.000000000000000000e+00,2.264795624299035387e-02,-9.750116128120970282e-01,-2.209528724881785755e-01,0.000000000000000000e+00,1.100458707428974246e-02,2.212414329209758113e-01,-9.751569757851284992e-01,0.000000000000000000e+00,6.229821649680625795e-01,2.952075438786297967e-01,2.861568020149623040e-02,1.000000000000000000e+00
9.996844085438646443e-01,1.924562334736027586e-02,1.553821731999392025e-02,0.000000000000000000e+00,2.220159121613252129e-02,-9.750934362178085291e-01,-2.206368665786084815e-01,0.000000000000000000e+00,1.090512964607657370e-02,2.209164619442401944e-01,-9.752317647561741243e-01,0.000000000000000000e+00,6.230443566775042408e-01,2.948600091294418801e-01,2.844706198654576787e-02,1.000000000000000000e+00
9.997030576815183478e-01,1.863430349896499916e-02,1.507667392164172872e-02,0.000000000000000000e+00,2.149389644333924917e-02,-9.753053766082036002e-01,-2.197684728891323436e-01,0.000000000000000000e+00,1.060933297636183423e-02,2.200315070855884680e-01,-9.754350711059355250e-01,0.000000000000000000e+00,6.231438412171589336e-01,2.942208612922034283e-01,2.820235951194884072e-02,1.000000000000000000e+00
9.997630606722913704e-01,1.641171509184551069e-02,1.360974004617744766e-02,0.000000000000000000e+00,1.897157325753504736e-02,-9.760598138639271504e-01,-2.166288671189921244e-01,0.000000000000000000e+00,9.728856399015654854e-03,2.168399122414092217e-01,-9.761586970428043353e-01,0.000000000000000000e+00,6.234088786813769545e-01,2.923838715796727161e-01,2.761769180509174998e-02,1.000000000000000000e+00
9.998502851813880765e-01,1.105867891116358269e-02,1.256422479282304043e-02,0.000000000000000000e+00,1.347651076136645830e-02,-9.770663795608292013e-01,-2.124627508312946222e-01,0.000000000000000000e+00,9.926715408318792858e-03,2.126043572124137471e-01,-9.770879426210817842e-01,0.000000000000000000e+00,6.240803639441552253e-01,2.897374686171603209e-01,2.701517863766524780e-02,1.000000000000000000e+00
9.998857894362408461e-01,-1.126176333462354170e-02,9.073459718819891495e-03,0.000000000000000000e+00,-9.220629198714155525e-03,-9.797541314858130290e-01,-1.999439139730648518e-01,0.000000000000000000e+00,1.114169519790521312e-02,1.998412628218887155e-01,-9.797649372690725444e-01,0.000000000000000000e+00,6.257831691893819270e-01,2.824952884907092066e-01,2.627794344373102220e-02,1.000000000000000000e+00
9.992365334184167835e-01,-3.852454092244279177e-02,4.791339047558341308e-03,0.000000000000000000e+00,-3.705579215753196376e-02,-9.832966185047662400e-01,-1.781442539232694633e-01,0.000000000000000000e+00,1.157445592808241039e-02,1.778341237327481505e-01,-9.839924066811563952e-01,0.000000000000000000e+00,6.272475347390138456e-01,2.730160439880910950e-01,2.632919318500562614e-02,1.000000000000000000e+00
9.989214776362390635e-01,-4.590393973279955492e-02,5.427405941007383723e-03,0.000000000000000000e+00,-4.440698160064425470e-02,-9.856174204849139642e-01,-1.629940714351058584e-01,0.000000000000000000e+00,1.283166292473494202e-02,1.625803941445311818e-01,-9.866118607975452592e-01,0.000000000000000000e+00,6.279624479126822978e-01,2.681013554777642582e-01,2.726253771263249456e-02,1.000000000000000000e+00
9.988638683817991915e-01,-4.564022010433901877e-02,1.298805802972370464e-02,0.000000000000000000e+00,-4.363879333741247507e-02,-9.910162318374095003e-01,-1.263456799896407745e-01,0.000000000000000000e+00,1.863817981417916630e-02,1.256377704039735588e-01,-9.919010882649201832e-01,0.000000000000000000e+00,6.292903812403544128e-01,2.584395085243429979e-01,3.115804858825741916e-02,1.000000000000000000e+00
9.988347013568048549e-01,-4.212561172451145114e-02,2.313912495118700813e-02,0.000000000000000000e+00,-3.987378282161178206e-02,-9.950973553977962016e-01,-9.039956650900261848e-02,0.000000000000000000e+00,2.683433572808438181e-02,8.937330028679825455e-02,-9.956366463835479852e-01,0.000000000000000000e+00,6.306378497541010875e-01,2.497996391284287854e-01,3.819307582577788351e-02,1.000000000000000000e+00
9.986195824471082449e-01,-4.522801605381262385e-02,2.634583493092640394e-02,0.000000000000000000e+00,-4.312075669312312454e-02,-9.961881571773435473e-01,-7.570008416791036698e-02,0.000000000000000000e+00,2.966974460568305022e-02,7.446096770940346943e-02,-9.967824589863190088e-01,0.000000000000000000e+00,6.310497967027987043e-01,2.462533452760942432e-01,4.275543137879992545e-02,1.000000000000000000e+00
9.984164531422723421e-01,-4.903349154537275933e-02,2.722222810283539060e-02,0.000000000000000000e+00,-4.724362460569360433e-02,-9.968914114380318381e-01,-6.289913064910584994e-02,0.000000000000000000e+00,3.022235126073239547e-02,6.151463455032796235e-02,-9.976485148690458216e-01,0.000000000000000000e+00,6.308401219597561393e-01,2.430640556087925452e-01,4.771812981385843699e-02,1.000000000000000000e+00
9.985383105583328645e-01,-4.705200788099828113e-02,2.623161838097300483e-02,0.000000000000000000e+00,-4.604517141865421825e-02,-9.982162209672414965e-01,-3.774871240339440492e-02,0.000000000000000000e+00,2.796151802948052337e-02,3.648639862033439818e-02,-9.989428893711618240e-01,0.000000000000000000e+00,6.292503731181982030e-01,2.372493688402459444e-01,5.861150402387074743e-02,1.000000000000000000e+00
9.986432633316250085e-01,-4.487967121055864289e-02,2.604216994804849430e-02,0.000000000000000000e+00,-4.425690857103323911e-02,-9.987218219674588449e-01,-2.401656242976016667e-02,0.000000000000000000e+00,2.708726035765625720e-02,2.283187192876715704e-02,-9.993722959690971575e-01,0.000000000000000000e+00,6.283008796771956117e-01,2.341811327277108778e-01,6.467923145005367858e-02,1.000000000000000000e+00
9.988332158169077601e-01,-4.197164586242635442e-02,2.348052013183786826e-02,0.000000000000000000e+00,-4.213343661802360779e-02,-9.990816121600594180e-01,6.438374299446951790e-03,0.000000000000000000e+00,2.318917320508981708e-02,-7.420319977036141101e-03,-9.997035566094094605e-01,0.000000000000000000e+00,6.257276386472799823e-01,2.273033074083933291e-01,7.738896505176716401e-02,1.000000000000000000e+00
9.988991659418421376e-01,-4.423625289886522899e-02,1.497855504941413875e-02,0.000000000000000000e+00,-4.484795381587444035e-02,-9.980445983976250490e-01,4.331728926261236429e-02,0.000000000000000000e+00,1.303332232799756830e-02,-4.394220768403523519e-02,-9.989490552039917981e-01,0.000000000000000000e+00,6.213599149460166116e-01,2.186264455653945393e-01,9.091383915365061630e-02,1.000000000000000000e+00
9.987791843653928137e-01,-4.823541918907313375e-02,9.707322764997555753e-03,0.000000000000000000e+00,-4.875824876532623003e-02,-9.967592790312936879e-01,6.383039827200277794e-02,0.000000000000000000e+00,6.597105037622534238e-03,-6.422702175124493651e-02,-9.979135072149730723e-01,0.000000000000000000e+00,6.187599588838552656e-01,2.135390345964145731e-01,9.797071274244176231e-02,1.000000000000000000e+00
9.986098768871440878e-01,-5.233563418110743354e-02,4.476838115486005652e-03,0.000000000000000000e+00,-5.252675978957680597e-02,-9.949986376188775239e-01,8.484926366088108018e-02,0.000000000000000000e+00,1.380806810483554496e-05,-8.496810243793649631e-02,-9.963836717737968307e-01,0.000000000000000000e+00,6.159163353029437626e-01,2.082326781488310630e-01,1.052765569183743005e-01,1.000000000000000000e+00
9.983537630030747678e-01,-5.714968791002897341e-02,-2.103323701946322073e-03,0.000000000000000000e+00,-5.641704290762178386e-02,-9.902421258151680172e-01,1.273514681180578645e-01,0.000000000000000000e+00,-9.361076621456814253e-03,-1.270255997525089053e-01,-9.918552652741238207e-01,0.000000000000000000e+00,6.104814284888345766e-01,1.972382490881529893e-01,1.214580513693936104e-01,1.000000000000000000e+00
9.980127635034258260e-01,-6.274884844613552726e-02,-3.721935537753543952e-03,0.000000000000000000e+00,-6.124682558473745764e-02,-9.840325039435385834e-01,1.670616785490043055e-01,0.000000000000000000e+00,-1.414570584383259381e-02,-1.665049364834858547e-01,-9.859391487981445934e-01,0.000000000000000000e+00,6.054776500732004241e-01,1.860954397363516200e-01,1.388069492182719133e-01,1.000000000000000000e+00
9.977237026719812940e-01,-6.718718024309994208e-02,-3.747377576547414931e-03,0.000000000000000000e+00,-6.534122788424705230e-02,-9.806125711503943521e-01,1.846896210987503395e-01,0.000000000000000000e+00,-1.608381008538556020e-02,-1.840278974628233033e-01,-9.827894199718217871e-01,0.000000000000000000e+00,6.027740234459241231e-01,1.807338880099142175e-01,1.476179321139227951e-01,1.000000000000000000e+00
9.973023551610511461e-01,-7.319801952926298372e-02,-3.287739104935023804e-03,0.000000000000000000e+00,-7.106376179959089656e-02,-9.772066020841767564e-01,1.999948636920370615e-01,0.000000000000000000e+00,-1.785237201103685722e-02,-1.992255451806729527e-01,-9.797910363751255458e-01,0.000000000000000000e+00,6.000542927055981801e-01,1.755859123136550293e-01,1.564352670205473306e-01,1.000000000000000000e+00
9.959666296623650439e-01,-8.948865244442391620e-02,-4.795892396503738213e-03,0.000000000000000000e+00,-8.606910707748219314e-02,-9.700741282240311625e-01,2.270000913182173008e-01,0.000000000000000000e+00,-2.496678410038396037e-02,-2.256760826709618972e-01,-9.738824186738223032e-01,0.000000000000000000e+00,5.933759143514404366e-01,1.653925987422366906e-01,1.732612423569753202e-01,1.000000000000000000e+00
9.942078180245851327e-01,-1.066253106907841669e-01,-1.275165087727855341e-02,0.000000000000000000e+00,-9.992402622508089749e-02,-9.620743560881830359e-01,2.537890250615376098e-01,0.000000000000000000e+00,-3.932912716148724563e-02,-2.510496700324423847e-01,-9.671748977994194529e-01,0.000000000000000000e+00,5.843156195675182074e-01,1.552321881556964212e-01,1.886864771476668978e-01,1.000000000000000000e+00
9.932852311055735406e-01,-1.137271808343402607e-01,-2.076836315719064394e-02,0.000000000000000000e+00,-1.041767786895909237e-01,-9.583963670110331456e-01,2.657147895453336184e-01,0.000000000000000000e+00,-5.012428276736602406e-02,-2.617720348921825368e-01,-9.638272449072305958e-01,0.000000000000000000e+00,5.788158529494450422e-01,1.504429011327891863e-01,1.956742299069005597e-01,1.000000000000000000e+00
9.920933337602870772e-01,-1.214075760111871655e-01,-3.149229265544049167e-02,0.000000000000000000e+00,-1.080457415189459563e-01,-9.547615861823445238e-01,2.770147616850106576e-01,0.000000000000000000e+00,-6.370054845667319499e-02,-2.714271161218863027e-01,-9.603486662457937362e-01,0.000000000000000000e+00,5.725144709965926948e-01,1.459070997942135961e-01,2.020718521915816079e-01,1.000000000000000000e+00
9.904508058498114886e-01,-1.309369906825229024e-01,-4.293544647109435314e-02,0.000000000000000000e+00,-1.133075676995196901e-01,-9.512005805321056551e-01,2.869836190422933031e-01,0.000000000000000000e+00,-7.841850286047025165e-02,-2.793836247389300254e-01,-9.569719581246146634e-01,0.000000000000000000e+00,5.659955923674080402e-01,1.415427675334903768e-01,2.082952453203254228e-01,1.000000000000000000e+00
9.859700907722730445e-01,-1.511823680241114187e-01,-7.062307414964572039e-02,0.000000000000000000e+00,-1.228067441253266473e-01,-9.439809187664168766e-01,3.062666738374522080e-01,0.000000000000000000e+00,-1.129711304638410657e-01,-2.933024373883982294e-01,-9.493214439291608464e-01,0.000000000000000000e+00,5.518711733128714991e-01,1.328087606452660330e-01,2.201618296138188324e-01,1.000000000000000000e+00
9.800664035544095487e-01,-1.720099422804068912e-01,-9.931349999785640814e-02,0.000000000000000000e+00,-1.319460856778751912e-01,-9.375706269270431825e-01,3.217643499505911109e-01,0.000000000000000000e+00,-1.484629460899709041e-01,-3.022522209602817034e-01,-9.415956396260888317e-01,0.000000000000000000e+00,5.379612338974748553e-01,1.243864260597160737e-01,2.321072497178061633e-01,1.000000000000000000e+00
9.775340795379375836e-01,-1.779046385519809925e-01,-1.129504750977803479e-01,0.000000000000000000e+00,-1.326712739477531044e-01,-9.359901057871210517e-01,3.260392642595404400e-01,0.000000000000000000e+00,-1.637275768605365445e-01,-3.037350564979989787e-01,-9.385831321889044343e-01,0.000000000000000000e+00,5.318630061600710945e-01,1.206331626083670810e-01,2.381513609166997503e-01,1.000000000000000000e+00
9.751642341163114791e-01,-1.816327210808225956e-01,-1.266689308170397543e-01,0.000000000000000000e+00,-1.314769106710950430e-01,-9.351902659326527534e-01,3.288065318183436281e-01,0.000000000000000000e+00,-1.781850067930449977e-01,-3.039921828627691336e-01,-9.358626267313441272e-01,0.000000000000000000e+00,5.261630759673383562e-01,1.168782058236388782e-01,2.439526822130440586e-01,1.000000000000000000e+00
9.729147289260786646e-01,-1.823771416611844887e-01,-1.419727274493211289e-01,0.000000000000000000e+00,-1.272374280488337006e-01,-9.354495602523796860e-01,3.297355061687405886e-01,0.000000000000000000e+00,-1.929482594314576305e-01,-3.027461147085891979e-01,-9.333358233836438478e-01,0.000000000000000000e+00,5.206502246090324304e-01,1.129811002836743350e-01,2.495595369141117570e-01,1.000000000000000000e+00
9.671306169118424334e-01,-1.828827563556950087e-01,-1.766154414559241992e-01,0.000000000000000000e+00,-1.174554082846241687e-01,-9.374851157000485546e-01,3.275769097582540978e-01,0.000000000000000000e+00,-2.254868570635278346e-01,-2.960709203176786763e-01,-9.281689972380327003e-01,0.000000000000000000e+00,5.095279028565669055e-01,1.047950105125222409e-01,2.596882569387245487e-01,1.000000000000000000e+00
9.582584097405780765e-01,-1.867524511619975403e-01,-2.164372635376184961e-01,0.000000000000000000e+00,-1.103888189447053969e-01,-9.401199565532112334e-01,3.224430536444994333e-01,0.000000000000000000e+00,-2.636990984465451549e-01,-2.850970029204946687e-01,-9.215109789927794504e-01,0.000000000000000000e+00,4.980898833168921902e-01,9.563990493558695294e-02,2.681538560072888044e-01,1.000000000000000000e+00
9.526338789197246193e-01,-1.894050734478667508e-01,-2.378973681816936026e-01,0.000000000000000000e+00,-1.074282871963662955e-01,-9.414998347540142198e-01,3.194025221713618912e-01,0.000000000000000000e+00,-2.844822681679937126e-01,-2.787221231051367210e-01,-9.172697624961584362e-01,0.000000000000000000e+00,4.923131723717000252e-01,9.047525111149201660e-02,2.717092423530373391e-01,1.000000000000000000e+00
9.400763457051682925e-01,-1.898924967263884434e-01,-2.831572899182426273e-01,0.000000000000000000e+00,-9.748923624181810021e-02,-9.455647465028818033e-01,3.104575750229586761e-01,0.000000000000000000e+00,-3.267034051636508729e-01,-2.642541224043633008e-01,-9.074329968911065691e-01,0.000000000000000000e+00,4.811560781864368530e-01,7.991217140268593033e-02,2.780671258786923672e-01,1.000000000000000000e+00
9.265299290657972309e-01,-1.850420827972441562e-01,-3.275400205174854862e-01,0.000000000000000000e+00,-8.512309387816208162e-02,-9.511962676345910861e-01,2.965812978389586463e-01,0.000000000000000000e+00,-3.664419212305312090e-01,-2.469149828121645907e-01,-8.970804365427582638e-01,0.000000000000000000e+00,4.712215522628816489e-01,7.013950003855635995e-02,2.837862507006219670e-01,1.000000000000000000e+00
9.188792345857451638e-01,-1.808861423491572862e-01,-3.506022000135821659e-01,0.000000000000000000e+00,-7.786224093320108508e-02,-9.543548485252777436e-01,2.883141367230590002e-01,0.000000000000000000e+00,-3.867583877606010079e-01,-2.376317754512152491e-01,-8.910382083798223940e-01,0.000000000000000000e+00,4.664472377304271777e-01,6.536043191204410352e-02,2.865345621663295539e-01,1.000000000000000000e+00
9.007079228418530814e-01,-1.698043778035313034e-01,-3.998405406032241038e-01,0.000000000000000000e+00,-6.197066499182479760e-02,-9.612405456109641699e-01,2.686205447377684741e-01,0.000000000000000000e+00,-4.299641620137565901e-01,-2.171744499726703803e-01,-8.763367375974124851e-01,0.000000000000000000e+00,4.564796403924729074e-01,5.649210903780516047e-02,2.915931608851890511e-01,1.000000000000000000e+00
8.903595011795223391e-01,-1.611668490756359984e-01,-4.257533937851721850e-01,0.000000000000000000e+00,-5.246591795490284510e-02,-9.653219722514758683e-01,2.556981897528386449e-01,0.000000000000000000e+00,-4.522078837413306962e-01,-2.053297232869373268e-01,-8.679560672160181456e-01,0.000000000000000000e+00,4.515046321189845613e-01,5.218000808256759854e-02,2.937416341700537781e-01,1.000000000000000000e+00
8.796008073017445028e-01,-1.478545833671680576e-01,-4.521307210007401434e-01,0.000000000000000000e+00,-3.993496121789016223e-02,-9.700565058260846030e-01,2.395335493792495329e-01,0.000000000000000000e+00,-4.740176068443479607e-01,-1.926417895526645607e-01,-8.591835946522164980e-01,0.000000000000000000e+00,4.466484280196270640e-01,4.807994836712328746e-02,2.955339287836556972e-01,1.000000000000000000e+00
8.578445332762064668e-01,-1.116966464809609899e-01,-5.016047874514786287e-01,0.000000000000000000e+00,-1.144272587600055242e-02,-9.799930371400766838e-01,1.986541167021297349e-01,0.000000000000000000e+00,-5.137680893716232156e-01,-1.646777925026465805e-01,-8.419759943133099389e-01,0.000000000000000000e+00,4.380060163591422695e-01,4.013897996433046789e-02,2.982354209294397762e-01,1.000000000000000000e+00
8.377549670063850762e-01,-7.095559342267428182e-02,-5.413988048743502146e-01,0.000000000000000000e+00,1.767916939074549304e-02,-9.874665586466114808e-01,1.567736885624621546e-01,0.000000000000000000e+00,-5.457476921439061712e-01,-1.409121304636044292e-01,-8.260164816804856924e-01,0.000000000000000000e+00,4.314405146715167283e-01,3.153720434434462844e-02,2.995432448592902364e-01,1.000000000000000000e+00
8.279639531098387240e-01,-5.150995519419397650e-02,-5.583933772600004897e-01,0.000000000000000000e+00,3.093814616277899138e-02,-9.900499919496184020e-01,1.372027385068513849e-01,0.000000000000000000e+00,-5.599154456813829617e-01,-1.308770974633128858e-01,-8.181478344694170790e-01,0.000000000000000000e+00,4.285631031379223410e-01,2.703040328468208145e-02,2.998551684728309463e-01,1.000000000000000000e+00
8.182600631641528954e-01,-3.122652711769363654e-02,-5.739826826098262114e-01,0.000000000000000000e+00,4.494813972023944948e-02,-9.919808238931615563e-01,1.180442995876655049e-01,0.000000000000000000e+00,-5.730769614252193556e-01,-1.223927462913514397e-01,-8.103103182971931329e-01,0.000000000000000000e+00,4.258648534031295729e-01,2.265464538841896122e-02,3.000269994647632998e-01,1.000000000000000000e+00
8.086095246266867820e-01,-9.889248058523203433e-03,-5.882461953613035144e-01,0.000000000000000000e+00,5.947508480240920603e-02,-9.933529698771089711e-01,9.845475318785761043e-02,0.000000000000000000e+00,-5.853210179012587888e-01,-1.145996499246609290e-01,-8.026619626219866355e-01,0.000000000000000000e+00,4.233461008847065887e-01,1.830322700565483948e-02,3.000477570995404020e-01,1.000000000000000000e+00
7.875492470366618480e-01,3.746599953192411570e-02,-6.150961138491030100e-01,0.000000000000000000e+00,9.216134459947408764e-02,-9.940756900006691987e-01,5.745046572934304346e-02,0.000000000000000000e+00,-6.093113858014587159e-01,-1.019351185042011859e-01,-7.863516177564846554e-01,0.000000000000000000e+00,4.180762821973992294e-01,1.035953077021650737e-02,3.003473778929397486e-01,1.000000000000000000e+00
7.634819114451388833e-01,9.539330838458359718e-02,-6.387301734791688279e-01,0.000000000000000000e+00,1.318306287895090745e-01,-9.912166157393492716e-01,9.542164136200395261e-03,0.000000000000000000e+00,-6.322218745507373061e-01,-9.149123160034117186e-02,-7.693665289573003996e-01,0.000000000000000000e+00,4.126795879648411103e-01,2.372599740301167999e-03,3.012891514027645212e-01,1.000000000000000000e+00
7.508791502627375491e-01,1.275071207585776745e-01,-6.479993694115564473e-01,0.000000000000000000e+00,1.527876216069971038e-01,-9.880964096121354068e-01,-1.738317854974751747e-02,0.000000000000000000e+00,-6.425146997919877201e-01,-8.595527102225050675e-02,-7.614371621707882731e-01,0.000000000000000000e+00,4.102528289033136044e-01,-1.928631675279640677e-03,3.019391055680905045e-01,1.000000000000000000e+00
7.382181788591622995e-01,1.581279601390566392e-01,-6.557516416489791444e-01,0.000000000000000000e+00,1.714778153092527679e-01,-9.841824585218841293e-01,-4.428311298671107343e-02,0.000000000000000000e+00,-6.523942217934530774e-01,-7.975779545687387839e-02,-7.536713298476825917e-01,0.000000000000000000e+00,4.078513946865546247e-01,-6.523738279187242181e-03,3.028886435288075663e-01,1.000000000000000000e+00
7.103451117793690983e-01,2.253049468704978464e-01,-6.668045065744875322e-01,0.000000000000000000e+00,2.096785897306130408e-01,-9.720966384562282903e-01,-1.050893020810881595e-01,0.000000000000000000e+00,-6.718884949061301182e-01,-6.516621118245115307e-02,-7.377799233734266826e-01,0.000000000000000000e+00,4.032663334696168778e-01,-1.596330569280555306e-02,3.058823803824539667e-01,1.000000000000000000e+00
6.824182491466327383e-01,2.877648150901318536e-01,-6.719207478036343106e-01,0.000000000000000000e+00,2.407066393615072963e-01,-9.564348049436910415e-01,-1.651469786608927848e-01,0.000000000000000000e+00,-6.901851673434451495e-01,-4.903741721369896805e-02,-7.219693667269480031e-01,0.000000000000000000e+00,3.990273708879578107e-01,-2.585788815822558789e-02,3.090335736353650997e-01,1.000000000000000000e+00
6.685080456143571714e-01,3.148137337255211277e-01,-6.737729980548918807e-01,0.000000000000000000e+00,2.521042146840565268e-01,-9.482623516400692232e-01,-1.929319162341704419e-01,0.000000000000000000e+00,-6.996646552243385164e-01,-4.088526145959076041e-02,-7.133006137843908023e-01,0.000000000000000000e+00,3.967096684486433045e-01,-3.065479696408594107e-02,3.107864614109437928e-01,1.000000000000000000e+00
6.526705675498639669e-01,3.447188486671250995e-01,-6.746634661288235524e-01,0.000000000000000000e+00,2.641431719238730991e-01,-9.381456043601341666e-01,-2.238123246091732188e-01,0.000000000000000000e+00,-7.100985636257125533e-01,-3.213264965017660624e-02,-7.033686961780134528e-01,0.000000000000000000e+00,3.940741811907234604e-01,-3.560631093923240925e-02,3.127704871569616518e-01,1.000000000000000000e+00
6.357264002998387342e-01,3.769552862288523820e-01,-6.736003288650781462e-01,0.000000000000000000e+00,2.769446395732370614e-01,-9.259278645740364189e-01,-2.567878562514655516e-01,0.000000000000000000e+00,-7.205167261154840075e-01,-2.330362946557670498e-02,-6.930458774435903635e-01,0.000000000000000000e+00,3.914475889364949501e-01,-4.035888833648917928e-02,3.148928373115985613e-01,1.000000000000000000e+00
6.003377104479891146e-01,4.451669742500430904e-01,-6.643807231944167668e-01,0.000000000000000000e+00,3.027537031282881985e-01,-8.954217862964273245e-01,-3.264058313955681689e-01,0.000000000000000000e+00,-7.402203218185752220e-01,-5.190094662677396595e-03,-6.723443597474418887e-01,0.000000000000000000e+00,3.866480498764956475e-01,-4.970897507368547685e-02,3.198853501607918370e-01,1.000000000000000000e+00
5.647227099640815817e-01,5.111766674355385787e-01,-6.478946074953307876e-01,0.000000000000000000e+00,3.281366214272778969e-01,-8.594193759133588184e-01,-3.920528547073627856e-01,0.000000000000000000e+00,-7.572360300992632132e-01,8.803372507226731383e-03,-6.530819974183997845e-01,0.000000000000000000e+00,3.829138421799541114e-01,-5.901479294040403584e-02,3.252945085156661031e-01,1.000000000000000000e+00
5.457911875132878121e-01,5.448441104678216629e-01,-6.365827690273838657e-01,0.000000000000000000e+00,3.407080481593229848e-01,-8.383859465927964161e-01,-4.254500879966689464e-01,0.000000000000000000e+00,-7.655207607855228913e-01,1.531833095349687500e-02,-6.432288189619254082e-01,0.000000000000000000e+00,3.813725784630510041e-01,-6.395792093938403033e-02,3.283489913345885580e-01,1.000000000000000000e+00
5.279785909781822273e-01,5.791523603753275795e-01,-6.211295338668001431e-01,0.000000000000000000e+00,3.535316342528118105e-01,-8.148854535085729989e-01,-4.593014567186476382e-01,0.000000000000000000e+00,-7.721698113367087002e-01,2.291283790505285051e-02,-6.350029797720390112e-01,0.000000000000000000e+00,3.804136948085627967e-01,-6.880101383692904804e-02,3.311157844943746209e-01,1.000000000000000000e+00
4.800954505921541937e-01,6.694894743119157443e-01,-5.668094468227212746e-01,0.000000000000000000e+00,3.826881983589239811e-01,-7.412678274090263031e-01,-5.514095553998960009e-01,0.000000000000000000e+00,-7.893356977346025483e-01,4.781885360423944464e-02,-6.120968171145840797e-01,0.000000000000000000e+00,3.786391871753210236e-01,-8.327904264736535334e-02,3.379922110765153365e-01,1.000000000000000000e+00
4.632002241581839042e-01,6.964461540917559201e-01,-5.480775982393538692e-01,0.000000000000000000e+00,3.894621996478983550e-01,-7.154691939583326388e-01,-5.800032538212545052e-01,0.000000000000000000e+00,-7.960890001036123875e-01,5.520319302697420522e-02,-6.026565451346703739e-01,0.000000000000000000e+00,3.779001200075122746e-01,-8.802934555737679245e-02,3.394737075486700673e-01,1.000000000000000000e+00
4.450196045207673867e-01,7.208487901617449678e-01,-5.313335301067839689e-01,0.000000000000000000e+00,3.948966750109617063e-01,-6.904876822550719551e-01,-6.060232038631143681e-01,0.000000000000000000e+00,-8.037458256202935081e-01,5.987151486475640605e-02,-5.919527426287947147e-01,0.000000000000000000e+00,3.768888300647283418e-01,-9.354008268605384924e-02,3.408248265390931286e-01,1.000000000000000000e+00
4.256361181457671283e-01,7.406720357828765477e-01,-5.198264876285738634e-01,0.000000000000000000e+00,3.988481047017328751e-01,-6.692109097057380440e-01,-6.269431350671782477e-01,0.000000000000000000e+00,-8.122484431448816489e-01,5.951897886849578240e-02,-5.802671434461608158e-01,0.000000000000000000e+00,3.757293637499011241e-01,-9.987456106112507781e-02,3.422632275950544534e-01,1.000000000000000000e+00
3.542315887383664097e-01,8.012430941720247723e-01,-4.821931485232253678e-01,0.000000000000000000e+00,4.176184487730182915e-01,-5.968962407000435455e-01,-6.850477764242303147e-01,0.000000000000000000e+00,-8.367251872353379527e-01,4.129360253900249411e-02,-5.460639151558541737e-01,0.000000000000000000e+00,3.737451238647899188e-01,-1.216972927992052977e-01,3.459453388987832057e-01,1.000000000000000000e+00
3.271051242105124102e-01,8.218307912271420879e-01,-4.664516429464074521e-01,0.000000000000000000e+00,4.264001078707607695e-01,-5.688629933231172942e-01,-7.032485973938907842e-01,0.000000000000000000e+00,-8.433146654931460429e-01,3.114178850848629138e-02,-5.365170677365969087e-01,0.000000000000000000e+00,3.738983790883722014e-01,-1.292142588422818539e-01,3.470095186879381677e-01,1.000000000000000000e+00
2.973219054673545414e-01,8.438621316135599404e-01,-4.466286312576576711e-01,0.000000000000000000e+00,4.373129182402693549e-01,-5.361934487936567129e-01,-7.219658883300180685e-01,0.000000000000000000e+00,-8.487353603882217268e-01,1.934017585408510237e-02,-5.284640438332662837e-01,0.000000000000000000e+00,3.744306596593769410e-01,-1.369674896121727548e-01,3.484297281720530326e-01,1.000000000000000000e+00
2.319967029227465172e-01,8.880466547491214779e-01,-3.969022747768999881e-01,0.000000000000000000e+00,4.570326352042731743e-01,-4.597078792229638555e-01,-7.614266760757537611e-01,0.000000000000000000e+00,-8.586580473504886735e-01,-4.748905624005289594e-03,-5.125268828223745743e-01,0.000000000000000000e+00,3.755924400987653011e-01,-1.515076920764947266e-01,3.514787667020000117e-01,1.000000000000000000e+00
1.970223126461860264e-01,9.092974439345116178e-01,-3.665257339872884379e-01,0.000000000000000000e+00,4.641588684908682372e-01,-4.158143791349455110e-01,-7.820714122170077109e-01,0.000000000000000000e+00,-8.635588328016037263e-01,-1.604096050905869097e-02,-5.039928867318252959e-01,0.000000000000000000e+00,3.760822032430332085e-01,-1.585645130500602518e-01,3.534666236579919185e-01,1.000000000000000000e+00
1.367245289830350541e-01,9.429436313886934151e-01,-3.035530564812017329e-01,0.000000000000000000e+00,4.698558231076442326e-01,-3.314986015631450345e-01,-8.181228083574773047e-01,0.000000000000000000e+00,-8.720878959526682239e-01,-3.076930799138880360e-02,-4.883809490741617410e-01,0.000000000000000000e+00,3.765563837422332139e-01,-1.701279156926428782e-01,3.573415347744831050e-01,1.000000000000000000e+00
9.164695235755430935e-02,9.640223244943604275e-01,-2.494845504260137792e-01,0.000000000000000000e+00,4.707483476247038001e-01,-2.627186636925382679e-01,-8.422325355015835013e-01,0.000000000000000000e+00,-8.774921087811308196e-01,-4.025716989111126354e-02,-4.778984822106072672e-01,0.000000000000000000e+00,3.772198029928162666e-01,-1.798996209072416530e-01,3.616418711122609264e-01,1.000000000000000000e+00
7.360428539211924526e-02,9.712361927864415767e-01,-2.264142528526461862e-01,0.000000000000000000e+00,4.714422973225291247e-01,-2.339469726187705934e-01,-8.502891985665679275e-01,0.000000000000000000e+00,-8.788174929558574267e-01,-4.415717683677358729e-02,-4.751104690580786882e-01,0.000000000000000000e+00,3.777620996450284929e-01,-1.843441211566189120e-01,3.637557356926335861e-01,1.000000000000000000e+00
5.865202499432282945e-02,9.765569422168720592e-01,-2.070681662479933183e-01,0.000000000000000000e+00,4.742751189439587400e-01,-2.097797278293700440e-01,-8.550066223391122877e-01,0.000000000000000000e+00,-8.784182685179944272e-01,-4.806033470340139585e-02,-4.754698200328235647e-01,0.000000000000000000e+00,3.786030618837893935e-01,-1.888532633580768672e-01,3.655636455185690137e-01,1.000000000000000000e+00
4.441525412495322955e-02,9.809391642606233308e-01,-1.891200362782703703e-01,0.000000000000000000e+00,4.780051263394599625e-01,-1.870974702829495406e-01,-8.581878481475521125e-01,0.000000000000000000e+00,-8.772308403199982063e-01,-5.228472211501771633e-02,-4.772131186637947886e-01,0.000000000000000000e+00,3.794405893441143429e-01,-1.934306529660008711e-01,3.673648072198941184e-01,1.000000000000000000e+00
1.429976676304745530e-02,9.903836123531589708e-01,-1.375375001737297598e-01,0.000000000000000000e+00,4.841097262458051165e-01,-1.272121201445852445e-01,-8.656994838532249270e-01,0.000000000000000000e+00,-8.748878633297726415e-01,-5.420498446556589606e-02,-4.812827092856682976e-01,0.000000000000000000e+00,3.801703135335244288e-01,-2.006919098619298347e-01,3.704451104813407114e-01,1.000000000000000000e+00
-1.044707299590884493e-02,9.968962592471070083e-01,-7.790669975137537451e-02,0.000000000000000000e+00,4.861831714446570585e-01,-6.301759461868287893e-02,-8.715706818575866821e-01,0.000000000000000000e+00,-8.737918684374565981e-01,-4.698319346843606026e-02,-4.840251544951829632e-01,0.000000000000000000e+00,3.793541968873946901e-01,-2.057138519662217446e-01,3.717933648428768389e-01,1.000000000000000000e+00
-1.555319227626008466e-02,9.980786064687034997e-01,-5.981588769479938283e-02,0.000000000000000000e+00,4.850582557000138184e-01,-4.478045732066501805e-02,-8.733235059934093547e-01,0.000000000000000000e+00,-8.743409244364749311e-01,-4.259797869957258204e-02,-4.834390965429682940e-01,0.000000000000000000e+00,3.784052027903698767e-01,-2.079489177615541917e-01,3.717255464638513640e-01,1.000000000000000000e+00
-1.590526077366924071e-02,9.985891887567129865e-01,-5.047179092463183886e-02,0.000000000000000000e+00,4.832915319755119454e-01,-3.651164086638691852e-02,-8.746867679936713991e-01,0.000000000000000000e+00,-8.753124104474669931e-01,-3.830544779630107310e-02,-4.820382524092560739e-01,0.000000000000000000e+00,3.773705988240217968e-01,-2.100027214885307469e-01,3.713099127034117930e-01,1.000000000000000000e+00
-1.129116654746239838e-02,9.990143039655833279e-01,-4.270453057190796986e-02,0.000000000000000000e+00,4.791329652780401127e-01,-3.207971351422840567e-02,-8.771449369778779870e-01,0.000000000000000000e+00,-8.776671856114274251e-01,-3.036572256766219627e-02,-4.783076773310878105e-01,0.000000000000000000e+00,3.754425435692234081e-01,-2.136581257431244552e-01,3.700300663938125845e-01,1.000000000000000000e+00
-8.976553812113765088e-03,9.993844710326853509e-01,-3.362807519895146674e-02,0.000000000000000000e+00,4.749228163083096255e-01,-2.533342000200741739e-02,-8.796517966115873222e-01,0.000000000000000000e+00,-8.799792019290059164e-01,-2.386744139092714448e-02,-4.744122146549770158e-01,0.000000000000000000e+00,3.739959437939257558e-01,-2.166755841463562093e-01,3.682535630676050942e-01,1.000000000000000000e+00
-1.023390040309698004e-02,9.995354972246807135e-01,-2.836906716052329386e-02,0.000000000000000000e+00,4.740451730599140601e-01,-2.013015885356047099e-02,-8.802594489719124393e-01,0.000000000000000000e+00,-8.804385910145053895e-01,-2.245713925084271215e-02,-4.736280865289356767e-01,0.000000000000000000e+00,3.738868743582938747e-01,-2.176639843305443467e-01,3.670845620238820106e-01,1.000000000000000000e+00
-1.205757506492903877e-02,9.996373926187442915e-01,-2.367372094032510130e-02,0.000000000000000000e+00,4.729704951577023420e-01,-1.515767445722393005e-02,-8.809369458233290429e-01,0.000000000000000000e+00,-8.809933119908278654e-01,-2.181935495730152885e-02,-4.726253272695815077e-01,0.000000000000000000e+00,3.740133362094158476e-01,-2.182518970238856992e-01,3.657303551609104586e-01,1.000000000000000000e+00
-1.505498402679481505e-02,9.997284678312610140e-01,-1.723615284570581552e-02,0.000000000000000000e+00,4.707024675918047851e-01,-8.122274748153777285e-03,-8.822437092760193611e-01,0.000000000000000000e+00,-8.821611328327381152e-01,-2.139567656022844239e-02,-4.704614338538178342e-01,0.000000000000000000e+00,3.741496117402076105e-01,-2.184112796148951208e-01,3.643576395996206974e-01,1.000000000000000000e+00
-2.408389449500647136e-02,9.996990191116663649e-01,1.607518066422819773e-03,0.000000000000000000e+00,4.653771307804836499e-01,1.263456835305581775e-02,-8.850114353669474854e-01,0.000000000000000000e+00,-8.847824089389625390e-01,-2.056681586575992080e-02,-4.655503140556452313e-01,0.000000000000000000e+00,3.743172689407961440e-01,-2.184446389593593385e-01,3.618781830690586121e-01,1.000000000000000000e+00
-2.929048996620233630e-02,9.994708852519490483e-01,1.344483664584078877e-02,0.000000000000000000e+00,4.609330480517975781e-01,2.544078357638116655e-02,-8.870593208156414278e-01,0.000000000000000000e+00,-8.869490883443497120e-01,-1.978561353442299248e-02,-4.614432188061640128e-01,0.000000000000000000e+00,3.744320773666809377e-01,-2.185707533778551148e-01,3.598199828797979949e-01,1.000000000000000000e+00
-2.919873168488826970e-02,9.994669939209906984e-01,1.392512232406940137e-02,0.000000000000000000e+00,4.594331276793181540e-01,2.579171097635756665e-02,-8.878269739858773990e-01,0.000000000000000000e+00,-8.877300010953388387e-01,-1.952613503196234598e-02,-4.599501877442635500e-01,0.000000000000000000e+00,3.745117613732795170e-01,-2.186551774014010296e-01,3.590526221901013115e-01,1.000000000000000000e+00
