9.995866231642159816e-01,2.235342537251466810e-02,1.754007031010068260e-02,0.000000000000000000e+00,2.571250498568396214e-02,-9.743270770514853574e-01,-2.236210207312320508e-01,0.000000000000000000e+00,1.209130243291707020e-02,2.239838925105754053e-01,-9.745178378568997157e-01,0.000000000000000000e+00,6.226054067027875227e-01,2.979337088047259718e-01,3.031616180260839066e-02,1.000000000000000000e+00
9.995864255508892793e-01,2.235333646356238782e-02,1.755144166591315197e-02,0.000000000000000000e+00,2.571499029464277900e-02,-9.743265602617117160e-01,-2.236229866179586245e-01,0.000000000000000000e+00,1.210234893284505356e-02,2.239861494440187339e-01,-9.745171819970901428e-01,0.000000000000000000e+00,6.226095136557721066e-01,2.979352563003080379e-01,3.032191719188926868e-02,1.000000000000000000e+00
9.995864900149398213e-01,2.234966774441725368e-02,1.755244235242312337e-02,0.000000000000000000e+00,2.571162523420197563e-02,-9.743268937183132694e-01,-2.236219206747120103e-01,0.000000000000000000e+00,1.210417404981674848e-02,2.239850650039294788e-01,-9.745174085801429076e-01,0.000000000000000000e+00,6.226099308713288760e-01,2.979338700725595035e-01,3.031985942042667026e-02,1.000000000000000000e+00
9.995863923005592344e-01,2.235152374104133755e-02,1.755564340075475155e-02,0.000000000000000000e+00,2.571417330356547473e-02,-9.743264231737424064e-01,-2.236236778563127359e-01,0.000000000000000000e+00,1.210683039050835207e-02,2.239869266806640280e-01,-9.745169476894931515e-01,0.000000000000000000e+00,6.226103493389121279e-01,2.979363999825155873e-01,3.032408302559091301e-02,1.000000000000000000e+00
9.995862757991689218e-01,2.235546678189692313e-02,1.755725605325921326e-02,0.000000000000000000e+00,2.571836865911515321e-02,-9.743264848906096898e-01,-2.236229264977788733e-01,0.000000000000000000e+00,1.210753777732575046e-02,2.239862646947284319e-01,-9.745170910543711207e-01,0.000000000000000000e+00,6.226097357974746949e-01,2.979378946418205776e-01,3.032374214033406110e-02,1.000000000000000000e+00
9.995859416087078397e-01,2.235861070828661090e-02,1.757227266566753834e-02,0.000000000000000000e+00,2.572485166083479657e-02,-9.743253123319242093e-01,-2.236272896082560357e-01,0.000000000000000000e+00,1.212134791476688830e-02,2.239910514819824505e-01,-9.745158191536581471e-01,0.000000000000000000e+00,6.226147918155987560e-01,2.979403619913442713e-01,3.033203386480212010e-02,1.000000000000000000e+00
9.995866483470886577e-01,2.234913455389899925e-02,1.754410248870172384e-02,0.000000000000000000e+00,2.570926479316344715e-02,-9.743264440538208504e-01,-2.236241512503515660e-01,0.000000000000000000e+00,1.209610963373083416e-02,2.239870742595105324e-01,-9.745170468988182400e-01,0.000000000000000000e+00,6.226077433825245588e-01,2.979368193451442659e-01,3.031779446413465987e-02,1.000000000000000000e+00
9.995866029952928944e-01,2.235375882749607648e-02,1.754079473174498943e-02,0.000000000000000000e+00,2.571309937051970834e-02,-9.743250809774514076e-01,-2.236296491976251521e-01,0.000000000000000000e+00,1.209170580538151962e-02,2.239925421190004373e-01,-9.745158447792338086e-01,0.000000000000000000e+00,6.226055966482533233e-01,2.979394905101510060e-01,3.031481767801834024e-02,1.000000000000000000e+00
9.995871697769176389e-01,2.236666892323166747e-02,1.749197072541977885e-02,0.000000000000000000e+00,2.571470240412639802e-02,-9.743258232104622385e-01,-2.236262310345789317e-01,0.000000000000000000e+00,1.204133673756332609e-02,2.239880246529664665e-01,-9.745175067804758839e-01,0.000000000000000000e+00,6.225867616436483454e-01,2.979422004800574286e-01,3.028931557341291159e-02,1.000000000000000000e+00
9.995874096090092698e-01,2.239802401773524632e-02,1.743806102925553325e-02,0.000000000000000000e+00,2.573308865777193880e-02,-9.743271807951886521e-01,-2.236182009878428800e-01,0.000000000000000000e+00,1.198200169530282133e-02,2.239789857268895679e-01,-9.745203156364302677e-01,0.000000000000000000e+00,6.225595053075101415e-01,2.979496317590483723e-01,3.026158921605935984e-02,1.000000000000000000e+00
9.995884355905783059e-01,2.240652826768456396e-02,1.736818429709485398e-02,0.000000000000000000e+00,2.572537084889900058e-02,-9.743340109658984449e-01,-2.235893272743563476e-01,0.000000000000000000e+00,1.191278144541599478e-02,2.239484205480034851e-01,-9.745281887007107846e-01,0.000000000000000000e+00,6.225339027320003771e-01,2.979404889203647322e-01,3.022484082603429587e-02,1.000000000000000000e+00
9.995897749786544217e-01,2.236089265811915666e-02,1.734990313700702017e-02,0.000000000000000000e+00,2.567637370257668666e-02,-9.743431848040520205e-01,-2.235549797266677963e-01,0.000000000000000000e+00,1.190610020302062914e-02,2.239130654973576495e-01,-9.745363943319571565e-01,0.000000000000000000e+00,6.225436332998658395e-01,2.979008094446459198e-01,3.020890110655824468e-02,1.000000000000000000e+00
9.995872377335784931e-01,2.247334144837264194e-02,1.735079207147095098e-02,0.000000000000000000e+00,2.578599882541843941e-02,-9.743437261777506686e-01,-2.235400018427134705e-01,0.000000000000000000e+00,1.188217337892913394e-02,2.238994512271459680e-01,-9.745398143205724617e-01,0.000000000000000000e+00,6.225183668568559092e-01,2.979339882590386623e-01,3.023783265282201094e-02,1.000000000000000000e+00
9.995830401217893346e-01,2.271352258640278038e-02,1.727971914720805718e-02,0.000000000000000000e+00,2.600014028842579164e-02,-9.744150945288324595e-01,-2.232038600933174965e-01,0.000000000000000000e+00,1.176809982104491670e-02,2.235643724679182986e-01,-9.746181217223636173e-01,0.000000000000000000e+00,6.225121894908051123e-01,2.978918264041629516e-01,3.037125590774558334e-02,1.000000000000000000e+00
9.995732558026964032e-01,2.305655554837245796e-02,1.739104457618710978e-02,0.000000000000000000e+00,2.635164546962825635e-02,-9.745526181868857662e-01,-2.225612995723593168e-01,0.000000000000000000e+00,1.181721857629648362e-02,2.229288975423285579e-01,-9.747630788995252926e-01,0.000000000000000000e+00,6.225611911773093476e-01,2.977769204061758157e-01,3.072371546914278925e-02,1.000000000000000000e+00
9.995423111166193975e-01,2.455147602603470480e-02,1.712133796753387630e-02,0.000000000000000000e+00,2.771208896447448569e-02,-9.752390036689319031e-01,-2.193665260454805699e-01,0.000000000000000000e+00,1.131184236383524916e-02,2.197448232348615527e-01,-9.754918015461817582e-01,0.000000000000000000e+00,6.224823897967635133e-01,2.971440331645074373e-01,3.201468097822537939e-02,1.000000000000000000e+00
9.995885536503795743e-01,2.707808632077438743e-02,8.381381363162174192e-03,0.000000000000000000e+00,2.822759192708408985e-02,-9.778655993158090753e-01,-2.072747443128073186e-01,0.000000000000000000e+00,2.583310827902784643e-03,2.074300417598821944e-01,-9.782464435308004802e-01,0.000000000000000000e+00,6.210530595218591854e-01,2.940649108853938265e-01,3.299517196315793210e-02,1.000000000000000000e+00
9.995828135918564117e-01,2.854676654964463656e-02,-1.667109962975152804e-04,0.000000000000000000e+00,2.795369904572025943e-02,-9.799674528920807592e-01,-1.971373350816048031e-01,0.000000000000000000e+00,-5.791116330139183151e-03,1.970542257803293562e-01,-9.803754867772682680e-01,0.000000000000000000e+00,6.197762222564014989e-01,2.912071547475970634e-01,3.338435585430393066e-02,1.000000000000000000e+00
9.994893789728916955e-01,2.987718809561386649e-02,-1.044422582534392484e-02,0.000000000000000000e+00,2.743210930144188500e-02,-9.823522701454819872e-01,-1.849655200855015724e-01,0.000000000000000000e+00,-1.578646252255860860e-02,1.845881195505476302e-01,-9.826891745215354801e-01,0.000000000000000000e+00,6.184014904038465099e-01,2.876656360324019168e-01,3.408678852977426593e-02,1.000000000000000000e+00
9.992673423407752997e-01,3.097710261596997583e-02,-2.204414992536193538e-02,0.000000000000000000e+00,2.677148236934374925e-02,-9.849743024553777593e-01,-1.705569058569561258e-01,0.000000000000000000e+00,-2.699679974260093401e-02,1.698450615062207791e-01,-9.851009226904653415e-01,0.000000000000000000e+00,6.169768644155833037e-01,2.833694081102434703e-01,3.520628059915445474e-02,1.000000000000000000e+00
9.976638593989383130e-01,3.201088888021436096e-02,-6.019031104357949746e-02,0.000000000000000000e+00,2.462350254651630987e-02,-9.924952173408757572e-01,-1.196982605514285980e-01,0.000000000000000000e+00,-6.357146750642331257e-02,1.179388029952462974e-01,-9.909839086822390675e-01,0.000000000000000000e+00,6.128255449927102472e-01,2.676743061163397441e-01,4.212688554269209545e-02,1.000000000000000000e+00
9.968903003507320060e-01,3.180220769787203694e-02,-7.196593328357978048e-02,0.000000000000000000e+00,2.436833180917660768e-02,-9.944851223617502400e-01,-1.019130644578050554e-01,0.000000000000000000e+00,-7.481155076458978481e-02,9.984437800946714681e-02,-9.921866417424192175e-01,0.000000000000000000e+00,6.115459581037365755e-01,2.622205396625928997e-01,4.564526659708457307e-02,1.000000000000000000e+00
9.960738360986568507e-01,3.135090311343170788e-02,-8.267273320077500598e-02,0.000000000000000000e+00,2.436837194980631324e-02,-9.961449785336571328e-01,-8.415527964366707747e-02,0.000000000000000000e+00,-8.499400845623866774e-02,8.181184744146023646e-02,-9.930170392016222092e-01,0.000000000000000000e+00,6.103506302882695245e-01,2.567825953841498809e-01,4.973078326271554439e-02,1.000000000000000000e+00
9.943597768546118543e-01,3.019127110383505036e-02,-1.015769079268987324e-01,0.000000000000000000e+00,2.531732852777113241e-02,-9.984714416975102314e-01,-4.893424048578404184e-02,0.000000000000000000e+00,-1.029010097850196620e-01,4.608747182782198942e-02,-9.936233326194302551e-01,0.000000000000000000e+00,6.075697690210859481e-01,2.460468382348720562e-01,5.903404377516945772e-02,1.000000000000000000e+00
9.927787027625980532e-01,2.862190294531508084e-02,-1.164129757115148905e-01,0.000000000000000000e+00,2.709747491007338110e-02,-9.995157082237797752e-01,-1.465683351280893006e-02,0.000000000000000000e+00,-1.167783526761826257e-01,1.139671389496252005e-02,-9.930926096083051435e-01,0.000000000000000000e+00,6.044872053023400138e-01,2.356207262041110362e-01,6.972861748017497585e-02,1.000000000000000000e+00
9.921077839397000053e-01,2.757214421632806292e-02,-1.222402094679979623e-01,0.000000000000000000e+00,2.800971526691550459e-02,-9.995962858690424779e-01,1.862264398474849664e-03,0.000000000000000000e+00,-1.221418643548817934e-01,-5.271581961135614683e-03,-9.924986525912974367e-01,0.000000000000000000e+00,6.028912482130625028e-01,2.305044147479780314e-01,7.542751824814802886e-02,1.000000000000000000e+00
9.909202122649881650e-01,2.506967082446131742e-02,-1.320204205063451874e-01,0.000000000000000000e+00,2.996990062053727158e-02,-9.989190126600904218e-01,3.526128335998895968e-02,0.000000000000000000e+00,-1.309962414200626091e-01,-3.889850619105534452e-02,-9.906194480979673145e-01,0.000000000000000000e+00,5.993359761932242069e-01,2.202190122846925391e-01,8.769140090837819479e-02,1.000000000000000000e+00
9.903947597140092540e-01,2.346889105096282638e-02,-1.361916957272953921e-01,0.000000000000000000e+00,3.081831587050794241e-02,-9.981561661808645569e-01,5.210802455699301700e-02,0.000000000000000000e+00,-1.347202571040382046e-01,-5.580578759250028748e-02,-9.893109553608524509e-01,0.000000000000000000e+00,5.974107952777962804e-01,2.150319977737206179e-01,9.412493129609639242e-02,1.000000000000000000e+00
9.899133301202968083e-01,2.176340509417647520e-02,-1.399239077143704935e-01,0.000000000000000000e+00,3.172703518876633655e-02,-9.970763431487251749e-01,6.937512574766785400e-02,0.000000000000000000e+00,-1.380076363324747590e-01,-7.311614021246251593e-02,-9.877286683874042517e-01,0.000000000000000000e+00,5.953982419453074382e-01,2.098898762283138431e-01,1.009228081248244729e-01,1.000000000000000000e+00
9.890739548934593950e-01,1.777516023417206534e-02,-1.462788512781982020e-01,0.000000000000000000e+00,3.338033650388508300e-02,-9.939097846936227887e-01,1.049277843393822407e-01,0.000000000000000000e+00,-1.435256367127581423e-01,-1.086662680762232186e-01,-9.836625609367187772e-01,0.000000000000000000e+00,5.911350387412575014e-01,1.997259201078065705e-01,1.154568364035366279e-01,1.000000000000000000e+00
9.881641248335476524e-01,1.318220690995416250e-02,-1.527698881132674436e-01,0.000000000000000000e+00,3.520636775956631492e-02,-9.891771912408525713e-01,1.423718472846518257e-01,0.000000000000000000e+00,-1.492425870632753393e-01,-1.460680369988235916e-01,-9.779523397251889127e-01,0.000000000000000000e+00,5.862282318605687159e-01,1.899022769233549846e-01,1.308476987871692587e-01,1.000000000000000000e+00
9.875709727616102107e-01,1.086242283263534093e-02,-1.567364936130076492e-01,0.000000000000000000e+00,3.658358797130903395e-02,-9.860749240401518456e-01,1.621685301516995470e-01,0.000000000000000000e+00,-1.527953246725922976e-01,-1.658901102743220723e-01,-9.742351153963659804e-01,0.000000000000000000e+00,5.834321562762168067e-01,1.848803382999817946e-01,1.389086312737616291e-01,1.000000000000000000e+00
9.868023362121078890e-01,9.129182054356562229e-03,-1.616123577655876609e-01,0.000000000000000000e+00,3.896551098577270833e-02,-9.824372425811930265e-01,1.824266982771105827e-01,0.000000000000000000e+00,-1.571116174756148898e-01,-1.863199873863897182e-01,-9.698457619408002994e-01,0.000000000000000000e+00,5.803018722006656471e-01,1.797799761570158805e-01,1.470314783101077105e-01,1.000000000000000000e+00
9.858848860479847431e-01,6.646576757217134007e-03,-1.672350483025939472e-01,0.000000000000000000e+00,4.106755715051192690e-02,-9.782612803399033385e-01,2.032217262957647375e-01,0.000000000000000000e+00,-1.622519675208021483e-01,-2.072251531016549297e-01,-9.647445438859059141e-01,0.000000000000000000e+00,5.768317865575652847e-01,1.746238207701536482e-01,1.551457132210664891e-01,1.000000000000000000e+00
9.845059868733894159e-01,-3.333732460331714103e-04,-1.752957431711938130e-01,0.000000000000000000e+00,4.293718921974900432e-02,-9.690682993000862000e-01,2.429892507391101797e-01,0.000000000000000000e+00,-1.699578260395386287e-01,-2.467558294068521174e-01,-9.540575968051669964e-01,0.000000000000000000e+00,5.703057961739038673e-01,1.651212702686327138e-01,1.717541879194013632e-01,1.000000000000000000e+00
9.838178066985658887e-01,-6.575151638022205813e-03,-1.789973114462012627e-01,0.000000000000000000e+00,4.433689112123450488e-02,-9.592788055143104398e-01,2.789250083408616465e-01,0.000000000000000000e+00,-1.735456426312651790e-01,-2.823530104182733202e-01,-9.434822136274957360e-01,0.000000000000000000e+00,5.646608695635969566e-01,1.568436954002173367e-01,1.890055355240704005e-01,1.000000000000000000e+00
9.835520206223984374e-01,-1.067084038415366462e-02,-1.802562143070272627e-01,0.000000000000000000e+00,4.396928512313832277e-02,-9.540435762791545926e-01,2.963921446790540037e-01,0.000000000000000000e+00,-1.751384085680874614e-01,-2.994485949911555034e-01,-9.379003554760284578e-01,0.000000000000000000e+00,5.618002624796685218e-01,1.528137587258875385e-01,1.976776983994915360e-01,1.000000000000000000e+00
9.833162520215942282e-01,-1.564559632239631223e-02,-1.811770148973894101e-01,0.000000000000000000e+00,4.264844025683508372e-02,-9.486559560718700324e-01,3.133907057559844334e-01,0.000000000000000000e+00,-1.767812423459028115e-01,-3.158951732591185890e-01,-9.321795062466405879e-01,0.000000000000000000e+00,5.589232202063281196e-01,1.487232187101411029e-01,2.061837608327659332e-01,1.000000000000000000e+00
9.830865113951351431e-01,-2.918287239451203274e-02,-1.807484936948477172e-01,0.000000000000000000e+00,3.578788668473422557e-02,-9.375342016494512265e-01,3.460196451148038199e-01,0.000000000000000000e+00,-1.795591989559159607e-01,-3.466425263436879733e-01,-9.206505596589701357e-01,0.000000000000000000e+00,5.533713238684797586e-01,1.401152259058531802e-01,2.227760024604214795e-01,1.000000000000000000e+00
9.833712564213535900e-01,-4.510103734435752521e-02,-1.758624899629251670e-01,0.000000000000000000e+00,2.452634169510639270e-02,-9.267634012311382063e-01,3.748183608132815148e-01,0.000000000000000000e+00,-1.798910796961373515e-01,-3.729060455198662249e-01,-9.102638522211532468e-01,0.000000000000000000e+00,5.487502287678343027e-01,1.308572149704919640e-01,2.390303335006187524e-01,1.000000000000000000e+00
9.835078906395566811e-01,-5.408197507504131085e-02,-1.725343905513338494e-01,0.000000000000000000e+00,1.739092256025395050e-02,-9.214924115884211009e-01,3.879820074419265130e-01,0.000000000000000000e+00,-1.799754299718591133e-01,-3.845913025447111333e-01,-9.053719537369194770e-01,0.000000000000000000e+00,5.466424569981463977e-01,1.258224728579603047e-01,2.468120840361560653e-01,1.000000000000000000e+00
9.835980964657572434e-01,-6.380386765889961564e-02,-1.686552637835898871e-01,0.000000000000000000e+00,9.231585982620152397e-03,-9.162544765782518752e-01,4.004663017930065183e-01,0.000000000000000000e+00,-1.800859065734004560e-01,-3.954624615891639272e-01,-9.006544885401255307e-01,0.000000000000000000e+00,5.445883009717569223e-01,1.204726462966914935e-01,2.544462631165056998e-01,1.000000000000000000e+00
9.836466514867315825e-01,-7.315943889611449535e-02,-1.645226684094151237e-01,0.000000000000000000e+00,1.023406773861200523e-03,-9.114374614258280438e-01,4.114139684665870100e-01,0.000000000000000000e+00,-1.800544049343659747e-01,-4.048621409211261568e-01,-8.964747950235376628e-01,0.000000000000000000e+00,5.425689049705288980e-01,1.148659128750330605e-01,2.618406306946653994e-01,1.000000000000000000e+00
9.833773902164983927e-01,-7.677515825794180293e-02,-1.644847421090041284e-01,0.000000000000000000e+00,6.911696984626446508e-04,-9.045511798951832994e-01,4.263419192806264246e-01,0.000000000000000000e+00,-1.815208307127058329e-01,-4.193767650939697611e-01,-8.894792391712617041e-01,0.000000000000000000e+00,5.382762440104217339e-01,1.030516567527753474e-01,2.749372862220328395e-01,1.000000000000000000e+00
9.821384847826311049e-01,-5.896171896764779846e-02,-1.786288311176716936e-01,0.000000000000000000e+00,2.475692572013076659e-02,-9.008213231640019858e-01,4.334613999690776209e-01,0.000000000000000000e+00,-1.864738794509832043e-01,-4.301497049956074514e-01,-8.832885845377443923e-01,0.000000000000000000e+00,5.328905541692785519e-01,8.962943251210414575e-02,2.861791919973409870e-01,1.000000000000000000e+00
9.808307077020377296e-01,-4.884886519035898378e-02,-1.885885948289086900e-01,0.000000000000000000e+00,3.847411513179065795e-02,-9.004049190284441062e-01,4.333260564002761051e-01,0.000000000000000000e+00,-1.909772614732605234e-01,-4.322836046737527638e-01,-8.812823445017156088e-01,0.000000000000000000e+00,5.297245719242716921e-01,8.259843941393756050e-02,2.908214663332590044e-01,1.000000000000000000e+00
9.789660815433152141e-01,-4.210969410806315177e-02,-1.995818923426193603e-01,0.000000000000000000e+00,4.931009960842835244e-02,-9.005708435715392701e-01,4.318812529928350852e-01,0.000000000000000000e+00,-1.979278313272224143e-01,-4.326468307180398321e-01,-8.795688110976529472e-01,0.000000000000000000e+00,5.260278112486985735e-01,7.498912311423948374e-02,2.952056533420598927e-01,1.000000000000000000e+00
9.644828921002227551e-01,-3.214530746138353351e-02,-2.621453355591340517e-01,0.000000000000000000e+00,8.269072294305342130e-02,-9.058986479711723661e-01,4.153199138548082092e-01,0.000000000000000000e+00,-2.508325206839679411e-01,-4.222540686743344041e-01,-8.710824002672175048e-01,0.000000000000000000e+00,5.067339650279625296e-01,5.101933537492168297e-02,3.051689992733772616e-01,1.000000000000000000e+00
9.573936288318430909e-01,-2.597472703953266487e-02,-2.875821620487353791e-01,0.000000000000000000e+00,9.614728259400362465e-02,-9.104275317858594452e-01,4.023159906308784728e-01,0.000000000000000000e+00,-2.722780082153384296e-01,-4.128329579243923408e-01,-8.691568529866662285e-01,0.000000000000000000e+00,4.991732432581831302e-01,4.377568703996940341e-02,3.079730068286745670e-01,1.000000000000000000e+00
9.500822801918998861e-01,-1.779622771307157875e-02,-3.114605946917733958e-01,0.000000000000000000e+00,1.095903716160092356e-01,-9.156955818160221749e-01,3.866164750665574412e-01,0.000000000000000000e+00,-2.920890289158869502e-01,-4.014582738228110737e-01,-8.680525638267437838e-01,0.000000000000000000e+00,4.918007264963564773e-01,3.702965426551687450e-02,3.107664015052529760e-01,1.000000000000000000e+00
9.431911023940133809e-01,-6.791505691409757337e-03,-3.321523245687409975e-01,0.000000000000000000e+00,1.235087803757008995e-01,-9.209553513172852313e-01,3.695504958072320933e-01,0.000000000000000000e+00,-3.084132029694613419e-01,-3.895879688127681373e-01,-8.678147906036515202e-01,0.000000000000000000e+00,4.850375169109107376e-01,3.074211754158637233e-02,3.135298545799171110e-01,1.000000000000000000e+00
9.364463183125700807e-01,5.235635320173794363e-03,-3.507443911780130930e-01,0.000000000000000000e+00,1.376322296230823583e-01,-9.251858055633150890e-01,3.536514406224686158e-01,0.000000000000000000e+00,-3.226583542984624020e-01,-3.794566278384106095e-01,-8.671241283639326003e-01,0.000000000000000000e+00,4.784497673377421934e-01,2.451015306232635568e-02,3.161476965528131067e-01,1.000000000000000000e+00
9.161022613012800297e-01,4.530661599356326091e-02,-3.983524874870258969e-01,0.000000000000000000e+00,1.791057710612295184e-01,-9.351747490973731924e-01,3.055324177962722709e-01,0.000000000000000000e+00,-3.586934535718108719e-01,-3.512529309769160668e-01,-8.648470297369661441e-01,0.000000000000000000e+00,4.587325712614222506e-01,6.388813373680177210e-03,3.207922812963802661e-01,1.000000000000000000e+00
9.085740701857965007e-01,6.360977074806704878e-02,-4.128289027582762727e-01,0.000000000000000000e+00,1.957297171559493898e-01,-9.379396598787936856e-01,2.862513216558370543e-01,0.000000000000000000e+00,-3.690073242288424149e-01,-3.408899759719702383e-01,-8.646546240825290219e-01,0.000000000000000000e+00,4.521197471390392408e-01,1.281087226112276236e-03,3.211102601009236390e-01,1.000000000000000000e+00
8.907649254636844649e-01,1.064901455836448907e-01,-4.417900444311287367e-01,0.000000000000000000e+00,2.322387415636368302e-01,-9.422874004425658701e-01,2.411231402942041746e-01,0.000000000000000000e+00,-3.906234749072511336e-01,-3.173909108043261873e-01,-8.641043401060917173e-01,0.000000000000000000e+00,4.384469901926605351e-01,-7.243932080055034452e-03,3.204938055952341602e-01,1.000000000000000000e+00
8.815975287270494398e-01,1.274091720814091999e-01,-4.544595109722071591e-01,0.000000000000000000e+00,2.484726277327838073e-01,-9.439226154578838068e-01,2.173757028646989831e-01,0.000000000000000000e+00,-4.012866778960442748e-01,-3.045644951505577791e-01,-8.638341683661526771e-01,0.000000000000000000e+00,4.316492845348829932e-01,-1.077292624487483606e-02,3.199678909408235628e-01,1.000000000000000000e+00
8.617907540904330421e-01,1.680197447758615958e-01,-4.786092439881466376e-01,0.000000000000000000e+00,2.795245285517068967e-01,-9.446534771090726590e-01,1.716874865122467453e-01,0.000000000000000000e+00,-4.232811483187156054e-01,-2.817471362610044494e-01,-8.610758507162493691e-01,0.000000000000000000e+00,4.184201620462378313e-01,-1.785223838263671689e-02,3.194329461573010565e-01,1.000000000000000000e+00
8.330093398240848712e-01,2.131432776264240159e-01,-5.105351406805562764e-01,0.000000000000000000e+00,3.171111904049516705e-01,-9.401146418040176034e-01,1.249227764935859908e-01,0.000000000000000000e+00,-4.533438391509505005e-01,-2.659633663996526787e-01,-8.507307748267022296e-01,0.000000000000000000e+00,4.040646272563362396e-01,-2.585004158022321738e-02,3.205577375293685027e-01,1.000000000000000000e+00
8.136179910551381012e-01,2.397155937564698636e-01,-5.296630491572846822e-01,0.000000000000000000e+00,3.395854656389105108e-01,-9.354154456957751718e-01,9.828734599014740669e-02,0.000000000000000000e+00,-4.719030732897590563e-01,-2.598392288807903627e-01,-8.424909878178615807e-01,0.000000000000000000e+00,3.963358054952093035e-01,-3.032273195094311105e-02,3.221104709799598731e-01,1.000000000000000000e+00
7.918937431991802667e-01,2.671492691966511623e-01,-5.491050121341946033e-01,0.000000000000000000e+00,3.609551719415527438e-01,-9.300867818340113891e-01,6.804916610440035762e-02,0.000000000000000000e+00,-4.925455116579822157e-01,-2.520948565440409017e-01,-8.329748509106478238e-01,0.000000000000000000e+00,3.884735983817554361e-01,-3.455843082898248791e-02,3.239644358997373352e-01,1.000000000000000000e+00
7.695218273140670417e-01,2.942847065019883468e-01,-5.667569282394931962e-01,0.000000000000000000e+00,3.796556566983771974e-01,-9.244370518617033294e-01,3.547486974429465978e-02,0.000000000000000000e+00,-5.135012787238650844e-01,-2.424758287795640010e-01,-8.231171904453331578e-01,0.000000000000000000e+00,3.808908268502010364e-01,-3.884677306629200078e-02,3.263527867166584051e-01,1.000000000000000000e+00
7.290780000368809466e-01,3.438652492377806125e-01,-5.917623738715307447e-01,0.000000000000000000e+00,4.094970564769592758e-01,-9.119471867686045341e-01,-2.540149961601174261e-02,0.000000000000000000e+00,-5.484012835082157089e-01,-2.238095847242754788e-01,-8.057079508308757632e-01,0.000000000000000000e+00,3.686637222254260937e-01,-4.756802872251861963e-02,3.314352083206280053e-01,1.000000000000000000e+00
6.981082063200029220e-01,3.880852173087401824e-01,-6.016772750206746956e-01,0.000000000000000000e+00,4.330114023597094741e-01,-8.980943919041720624e-01,-7.686569818821321898e-02,0.000000000000000000e+00,-5.702044058189695841e-01,-2.068765289492122683e-01,-7.950276959669780874e-01,0.000000000000000000e+00,3.610033886106259193e-01,-5.673428181637531903e-02,3.354643282083941691e-01,1.000000000000000000e+00
6.827870102126641916e-01,4.123733875211975097e-01,-6.031010154612175267e-01,0.000000000000000000e+00,4.450007572940813949e-01,-8.894192847069354313e-01,-1.043475390237158934e-01,0.000000000000000000e+00,-5.794509781511797408e-01,-1.971370599113089206e-01,-7.908056294243015483e-01,0.000000000000000000e+00,3.577809090128997727e-01,-6.139576103653217320e-02,3.367107712983276602e-01,1.000000000000000000e+00
6.663515181410416544e-01,4.391016030310072038e-01,-6.026161161037241198e-01,0.000000000000000000e+00,4.581128237111647961e-01,-8.787624651601889658e-01,-1.337531961419214932e-01,0.000000000000000000e+00,-5.882989931476397816e-01,-1.869431244911906043e-01,-7.867379251484858393e-01,0.000000000000000000e+00,3.548045516537781108e-01,-6.588909495475062106e-02,3.372772334269363848e-01,1.000000000000000000e+00
6.483310267714049724e-01,4.686482265381447521e-01,-6.000137218342558310e-01,0.000000000000000000e+00,4.723992045017589847e-01,-8.656589155180461903e-01,-1.656936343720959159e-01,0.000000000000000000e+00,-5.970707510982875554e-01,-1.760250698107543865e-01,-7.826376511394310675e-01,0.000000000000000000e+00,3.518743547286419804e-01,-7.039370392156114875e-02,3.373673984239428658e-01,1.000000000000000000e+00
5.832123484848251715e-01,5.676646746655571452e-01,-5.810343540728639677e-01,0.000000000000000000e+00,5.172640351946885540e-01,-8.110438373438008108e-01,-2.731786205067272544e-01,0.000000000000000000e+00,-6.263302436894273573e-01,-1.412297488632029974e-01,-7.666580618998143359e-01,0.000000000000000000e+00,3.428789470061979761e-01,-8.292798939902226718e-02,3.367262841239914151e-01,1.000000000000000000e+00
5.612841428224144558e-01,6.011050061501882480e-01,-5.688704856981928737e-01,0.000000000000000000e+00,5.315883845183448919e-01,-7.886698431443217583e-01,-3.088598628198483964e-01,0.000000000000000000e+00,-6.343204190985938240e-01,-1.290492837359902278e-01,-7.622229911789674128e-01,0.000000000000000000e+00,3.405231268235598963e-01,-8.716017255018108922e-02,3.361494992785277192e-01,1.000000000000000000e+00
5.387148469864617706e-01,6.342571280311594117e-01,-5.545132605080121957e-01,0.000000000000000000e+00,5.458603978962885961e-01,-7.641239059589673976e-01,-3.437031120774509674e-01,0.000000000000000000e+00,-6.417253424884564739e-01,-1.175311224264083271e-01,-7.578753328016828439e-01,0.000000000000000000e+00,3.384271243064025381e-01,-9.115710304218740956e-02,3.354994610773691655e-01,1.000000000000000000e+00
4.943663161388970329e-01,6.948265337341248404e-01,-5.223014267522970711e-01,0.000000000000000000e+00,5.709902162077985510e-01,-7.126275059139559609e-01,-4.075695740742116824e-01,0.000000000000000000e+00,-6.554091361481156897e-01,-9.674219826866896355e-02,-7.490526091855806978e-01,0.000000000000000000e+00,3.353119745872778501e-01,-9.810910778069682758e-02,3.338202349429517657e-01,1.000000000000000000e+00
4.503724081141926572e-01,7.428237903792542784e-01,-4.953365092108890644e-01,0.000000000000000000e+00,5.913909612380841008e-01,-6.638266696599423033e-01,-4.577899414745731366e-01,0.000000000000000000e+00,-6.688877229554959225e-01,-8.676324642754096317e-02,-7.382827054379410558e-01,0.000000000000000000e+00,3.334851553408155755e-01,-1.049494046624816768e-01,3.331499161499987260e-01,1.000000000000000000e+00
4.270248264767959601e-01,7.623898853962166600e-01,-4.862018172726363940e-01,0.000000000000000000e+00,5.967326579058673808e-01,-6.415839520446667832e-01,-4.819345540304760256e-01,0.000000000000000000e+00,-6.793743928951514466e-01,-8.433610712312925028e-02,-7.289292526121176063e-01,0.000000000000000000e+00,3.320098654831544205e-01,-1.084978833587101066e-01,3.335202866059637228e-01,1.000000000000000000e+00
3.733263541098258420e-01,8.036830299444516212e-01,-4.633592209156723318e-01,0.000000000000000000e+00,6.023981005746942285e-01,-5.898574116131626299e-01,-5.377411173513040321e-01,0.000000000000000000e+00,-7.055028643313658865e-01,-7.837529273491852799e-02,-7.043600087376867824e-01,0.000000000000000000e+00,3.284385737427791829e-01,-1.145510485106392001e-01,3.354335130198171089e-01,1.000000000000000000e+00
3.427383276621088770e-01,8.258325886624483525e-01,-4.477853516537456668e-01,0.000000000000000000e+00,6.010829658224359218e-01,-5.590958256979818852e-01,-5.710445453608714583e-01,0.000000000000000000e+00,-7.219560159457495407e-01,-7.343870864903435935e-02,-6.880307166919965578e-01,0.000000000000000000e+00,3.259747190576765541e-01,-1.168348447109978372e-01,3.369010477870419407e-01,1.000000000000000000e+00
3.138901359171173966e-01,8.446120554916133338e-01,-4.336867593014264721e-01,0.000000000000000000e+00,5.952424733882016872e-01,-5.309182876127871431e-01,-6.031524820923893637e-01,0.000000000000000000e+00,-7.396963307301053225e-01,-6.882648982277593530e-02,-6.694118706768605875e-01,0.000000000000000000e+00,3.232417038348461280e-01,-1.192163094292185282e-01,3.386644018746464146e-01,1.000000000000000000e+00
2.625367558715186456e-01,8.693765789821417123e-01,-4.186162474569934955e-01,0.000000000000000000e+00,5.751091039795321880e-01,-4.893402257966655289e-01,-6.555733435995825253e-01,0.000000000000000000e+00,-7.748007970995375304e-01,-6.863923763981007176e-02,-6.284682807191998011e-01,0.000000000000000000e+00,3.183000241422606624e-01,-1.256706799239290240e-01,3.429198553541145111e-01,1.000000000000000000e+00
2.079883034596393121e-01,8.862855648792524743e-01,-4.137867929403424294e-01,0.000000000000000000e+00,5.578552016541949987e-01,-4.549744563531388231e-01,-6.941012641932959859e-01,0.000000000000000000e+00,-8.034498210818792341e-01,-8.646983526110367524e-02,-5.890597190382432791e-01,0.000000000000000000e+00,3.161225242396191182e-01,-1.351574355048009157e-01,3.479948486950678599e-01,1.000000000000000000e+00
1.749715983262323804e-01,8.960824615552456240e-01,-4.079239007136793993e-01,0.000000000000000000e+00,5.537655288939605791e-01,-4.321378572150063047e-01,-7.117452903051929569e-01,0.000000000000000000e+00,-8.140775056128661813e-01,-1.013609350934271403e-01,-5.718424395689076789e-01,0.000000000000000000e+00,3.164697226237470074e-01,-1.406392763283350611e-01,3.505432792945839537e-01,1.000000000000000000e+00
1.385900965281192665e-01,9.077002788580571524e-01,-3.960476433543571040e-01,0.000000000000000000e+00,5.536348713855157033e-01,-4.025920065939377346e-01,-7.289642325339553697e-01,0.000000000000000000e+00,-8.211424621303973215e-01,-1.182408392411579412e-01,-5.583405419830943517e-01,0.000000000000000000e+00,3.180831693280426475e-01,-1.464199928000479156e-01,3.527210267940595889e-01,1.000000000000000000e+00
9.857004383413582593e-02,9.207208029378333158e-01,-3.775419134311529534e-01,0.000000000000000000e+00,5.564025665818248534e-01,-3.655370682004451255e-01,-7.461766430100780223e-01,0.000000000000000000e+00,-8.250418066555169627e-01,-1.365172535959651157e-01,-5.483329798044391801e-01,0.000000000000000000e+00,3.206233128193753945e-01,-1.525194406078583531e-01,3.545849478661861620e-01,1.000000000000000000e+00
1.731611056981034388e-02,9.422425503763751653e-01,-3.344545940425495134e-01,0.000000000000000000e+00,5.638830800229984730e-01,-2.854349802629629340e-01,-7.749474117688677222e-01,0.000000000000000000e+00,-8.256693628158729981e-01,-1.751775842599121447e-01,-5.362675799263758591e-01,0.000000000000000000e+00,3.275788408649110139e-01,-1.654839500226362448e-01,3.571646197946304890e-01,1.000000000000000000e+00
-4.854948921774309561e-02,9.507873964238888753e-01,-3.059853277518177483e-01,0.000000000000000000e+00,5.655796061275514264e-01,-2.263310641275818880e-01,-7.930162075548573553e-01,0.000000000000000000e+00,-8.232596504399060100e-01,-2.115636662250295341e-01,-5.267678455363313805e-01,0.000000000000000000e+00,3.349077430591252402e-01,-1.775032692848536042e-01,3.601426130399711378e-01,1.000000000000000000e+00
-7.034747578696205761e-02,9.509543416317266518e-01,-3.011939901182962287e-01,0.000000000000000000e+00,5.657964057615062492e-01,-2.106327870023458892e-01,-7.971756413540204145e-01,0.000000000000000000e+00,-8.215347838459898799e-01,-2.264981319649173319e-01,-5.232391376297511609e-01,0.000000000000000000e+00,3.385130270791973928e-01,-1.826550884645640749e-01,3.615852199936067102e-01,1.000000000000000000e+00
-8.890502404540119585e-02,9.510909526342443687e-01,-2.958084573131407047e-01,0.000000000000000000e+00,5.638987673946607160e-01,-1.967435156721173695e-01,-8.020541852474594169e-01,0.000000000000000000e+00,-8.210406825459947155e-01,-2.381172555839819460e-01,-5.188375181090507660e-01,0.000000000000000000e+00,3.415221894816967141e-01,-1.869837932415711057e-01,3.627862841124039339e-01,1.000000000000000000e+00
-1.189972718678331126e-01,9.542413270598374408e-01,-2.743061900874668169e-01,0.000000000000000000e+00,5.525170931268600372e-01,-1.659000844127284380e-01,-8.168125676651299960e-01,0.000000000000000000e+00,-8.249596116472737162e-01,-2.487621153949247099e-01,-5.075027577215924790e-01,0.000000000000000000e+00,3.455322146211958212e-01,-1.929456667738155273e-01,3.648102699337165689e-01,1.000000000000000000e+00
-1.332347544791311900e-01,9.597609692728981123e-01,-2.471601281769391645e-01,0.000000000000000000e+00,5.364022025015452444e-01,-1.398672241587955722e-01,-8.322803515996356483e-01,0.000000000000000000e+00,-8.333758430763326119e-01,-2.434705929912365230e-01,-4.961922757614306567e-01,0.000000000000000000e+00,3.477273653478862303e-01,-1.958650841822575650e-01,3.654152633328527355e-01,1.000000000000000000e+00
-1.352805480647852610e-01,9.626185492243132247e-01,-2.346176653744938279e-01,0.000000000000000000e+00,5.263604918923133758e-01,-1.307922563082328515e-01,-8.401302072690230993e-01,0.000000000000000000e+00,-8.394272566808299585e-01,-2.371513105358900864e-01,-4.890001397263663008e-01,0.000000000000000000e+00,3.483348778007314683e-01,-1.964470343524983287e-01,3.652833396998201310e-01,1.000000000000000000e+00
-1.356163013584211485e-01,9.651152662860745801e-01,-2.239229521255684807e-01,0.000000000000000000e+00,5.160737453641205397e-01,-1.241148029457741914e-01,-8.474928624695244883e-01,0.000000000000000000e+00,-8.457367357688493348e-01,-2.304990418330346569e-01,-4.812479251748567610e-01,0.000000000000000000e+00,3.488649511760543165e-01,-1.970384348431379606e-01,3.652096807104133758e-01,1.000000000000000000e+00
-1.341337755140070698e-01,9.672752777547949377e-01,-2.153309411393318495e-01,0.000000000000000000e+00,5.056597123470777388e-01,-1.200659323084467961e-01,-8.543261520690924593e-01,0.000000000000000000e+00,-8.522388844780027783e-01,-2.234824767835250914e-01,-4.730163489292842915e-01,0.000000000000000000e+00,3.494118322016939726e-01,-1.976807444621537235e-01,3.650261608276490488e-01,1.000000000000000000e+00
-1.285269843485660202e-01,9.706705991964039715e-01,-2.031259438160621100e-01,0.000000000000000000e+00,4.873924376267499414e-01,-1.165520419299657939e-01,-8.653582958332453057e-01,0.000000000000000000e+00,-8.636692273657066155e-01,-2.102279885864390685e-01,-4.581262473559265525e-01,0.000000000000000000e+00,3.508135153944147988e-01,-1.990825455093666041e-01,3.642774715525753382e-01,1.000000000000000000e+00
-1.232410172759008521e-01,9.732492016444708183e-01,-1.938514639109276960e-01,0.000000000000000000e+00,4.759179793202066300e-01,-1.134460649823101769e-01,-8.721311909346031177e-01,0.000000000000000000e+00,-8.708094368582156575e-01,-1.997435778444132670e-01,-4.492142337332937774e-01,0.000000000000000000e+00,3.530817588204789859e-01,-2.008910752346051154e-01,3.619980530093763749e-01,1.000000000000000000e+00
-1.212408324061385462e-01,9.746748410523463635e-01,-1.878572907242574974e-01,0.000000000000000000e+00,4.712109963140355684e-01,-1.100541551331408047e-01,-8.751165789721234711e-01,0.000000000000000000e+00,-8.736454083095416268e-01,-1.946240307297161798e-01,-4.459430313416418712e-01,0.000000000000000000e+00,3.541285261999062572e-01,-2.015254258428479106e-01,3.604793306844328860e-01,1.000000000000000000e+00
-1.248493033266956653e-01,9.788424141288761815e-01,-1.620522343641100371e-01,0.000000000000000000e+00,4.608747099161114580e-01,-8.742424188932405860e-02,-8.831377302499453519e-01,0.000000000000000000e+00,-8.786368781045224008e-01,-1.849484676981619224e-01,-4.402173335192975379e-01,0.000000000000000000e+00,3.559389852717563807e-01,-2.018599479289050203e-01,3.572525264491970831e-01,1.000000000000000000e+00
-1.285080024915984387e-01,9.812229739495973435e-01,-1.437634014286514328e-01,0.000000000000000000e+00,4.514421717120321031e-01,-7.119248471088722441e-02,-8.894449632337139144e-01,0.000000000000000000e+00,-8.829957061504325466e-01,-1.792051079586843287e-01,-4.338249787661095924e-01,0.000000000000000000e+00,3.571277395979240432e-01,-2.027755742129184191e-01,3.546131295585587262e-01,1.000000000000000000e+00
-1.269861253983087246e-01,9.817477908472557191e-01,-1.415151794828612974e-01,0.000000000000000000e+00,4.494787813220336714e-01,-7.022567123859542459e-02,-8.905155400898719931e-01,0.000000000000000000e+00,-8.842166865792367991e-01,-1.766945903739249035e-01,-4.323654390760512944e-01,0.000000000000000000e+00,3.577906715271594318e-01,-2.034623907417014155e-01,3.535606134278025947e-01,1.000000000000000000e+00
-1.237356559492617247e-01,9.824886149437439542e-01,-1.392348945269763494e-01,0.000000000000000000e+00,4.499580824223288200e-01,-6.950628384356700995e-02,-8.903299093427597954e-01,0.000000000000000000e+00,-8.844337276630116484e-01,-1.728187487878500017e-01,-4.334866335188573006e-01,0.000000000000000000e+00,3.595353437634293270e-01,-2.050618930097808379e-01,3.523963582612733014e-01,1.000000000000000000e+00
-1.221917546138989313e-01,9.827350468157680652e-01,-1.388587403284171629e-01,0.000000000000000000e+00,4.514587530024938844e-01,-6.956038902847255789e-02,-8.895656768990410912e-01,0.000000000000000000e+00,-8.838834526257617341e-01,-1.713898844431358259e-01,-4.351730112092559444e-01,0.000000000000000000e+00,3.605029404831863737e-01,-2.058022019116086121e-01,3.522734342976029387e-01,1.000000000000000000e+00
-1.212129459717374014e-01,9.828714662079527375e-01,-1.387510343899827081e-01,0.000000000000000000e+00,4.532248080160277692e-01,-6.955823146791012546e-02,-8.886673577526630341e-01,0.000000000000000000e+00,-8.831140681344156196e-01,-1.706066840528881190e-01,-4.370387877746788052e-01,0.000000000000000000e+00,3.614404104205293233e-01,-2.063340806614544221e-01,3.524002547657696383e-01,1.000000000000000000e+00
