9.996617036276794765e-01,2.019023816207768732e-02,1.579808483241676442e-02,0.000000000000000000e+00,2.318379047878742910e-02,-9.750019899324351424e-01,-2.209397618991101875e-01,0.000000000000000000e+00,1.094254841447766732e-02,2.212355377375436194e-01,-9.751590113802860449e-01,0.000000000000000000e+00,6.228921375988699660e-01,2.954576989522618158e-01,2.868013540260642286e-02,1.000000000000000000e+00
9.996622687316177869e-01,2.019431345115490703e-02,1.575706444105264004e-02,0.000000000000000000e+00,2.317873150463955340e-02,-9.750012381674512119e-01,-2.209436101791165674e-01,0.000000000000000000e+00,1.090156270978766620e-02,2.212384789056811851e-01,-9.751588031607902884e-01,0.000000000000000000e+00,6.228771717792812579e-01,2.954615997597892507e-01,2.865760784722065288e-02,1.000000000000000000e+00
9.996624238356149883e-01,2.018332770635633544e-02,1.576129928050282181e-02,0.000000000000000000e+00,2.316886718132584594e-02,-9.750032282348086721e-01,-2.209358626987564800e-01,0.000000000000000000e+00,1.090830677943791308e-02,2.212307108440181858e-01,-9.751604900849172308e-01,0.000000000000000000e+00,6.228821346381060442e-01,2.954519371167701469e-01,2.865712548893058556e-02,1.000000000000000000e+00
9.996625644117018705e-01,2.017944272984684151e-02,1.575735720675575102e-02,0.000000000000000000e+00,2.316417940333930295e-02,-9.750038740027724415e-01,-2.209335044156140182e-01,0.000000000000000000e+00,1.090537928351792418e-02,2.212282191665957687e-01,-9.751610881013759169e-01,0.000000000000000000e+00,6.228825888663303001e-01,2.954493671542937627e-01,2.865314174230157787e-02,1.000000000000000000e+00
9.996622566355880535e-01,2.018376302238452866e-02,1.577134330703051923e-02,0.000000000000000000e+00,2.317151405323906663e-02,-9.750031682987477799e-01,-2.209358496149789186e-01,0.000000000000000000e+00,1.091800306629558265e-02,2.212309352819407660e-01,-9.751603306550785666e-01,0.000000000000000000e+00,6.228841410706924542e-01,2.954544417922407296e-01,2.866394514605796751e-02,1.000000000000000000e+00
9.996625632519329230e-01,2.017644344901954948e-02,1.576127099989594466e-02,0.000000000000000000e+00,2.316215833046283631e-02,-9.750031476861915625e-01,-2.209369215968696454e-01,0.000000000000000000e+00,1.090977757905944520e-02,2.212316938105637343e-01,-9.751602506290359962e-01,0.000000000000000000e+00,6.228835581981160274e-01,2.954513569162407483e-01,2.865825412780150655e-02,1.000000000000000000e+00
9.996623126356997124e-01,2.017304931630913359e-02,1.578149797498923021e-02,0.000000000000000000e+00,2.316336932838313975e-02,-9.750021937418614781e-01,-2.209410043905905008e-01,0.000000000000000000e+00,1.093015180787338878e-02,2.212362075538620576e-01,-9.751589984451977111e-01,0.000000000000000000e+00,6.228906510232197213e-01,2.954528376372776433e-01,2.866872031277305222e-02,1.000000000000000000e+00
9.996619920799693082e-01,2.017932704445074554e-02,1.579377256859976555e-02,0.000000000000000000e+00,2.317219054713192533e-02,-9.750023419436821825e-01,-2.209394253880253289e-01,0.000000000000000000e+00,1.094076696425983278e-02,2.212349818787771039e-01,-9.751591574770401838e-01,0.000000000000000000e+00,6.228938468607255752e-01,2.954541043115075372e-01,2.867598536831958769e-02,1.000000000000000000e+00
9.996621224117039350e-01,2.015908595126118114e-02,1.581136205851797066e-02,0.000000000000000000e+00,2.315633465057097620e-02,-9.750028438459230617e-01,-2.209388729018088582e-01,0.000000000000000000e+00,1.096240830366023572e-02,2.212346152512838227e-01,-9.751589976095181855e-01,0.000000000000000000e+00,6.229057154574567656e-01,2.954451085955018264e-01,2.868338235746815262e-02,1.000000000000000000e+00
9.996618986221698089e-01,2.015086087704445403e-02,1.583597645365103848e-02,0.000000000000000000e+00,2.315384138696724783e-02,-9.750012462173880401e-01,-2.209461844087282356e-01,0.000000000000000000e+00,1.098805250810549160e-02,2.212424054882587698e-01,-9.751569415821474962e-01,0.000000000000000000e+00,6.229171083136667564e-01,2.954436829196795400e-01,2.869617000297188317e-02,1.000000000000000000e+00
9.996624346388154336e-01,2.007765331280807544e-02,1.589501527696407512e-02,0.000000000000000000e+00,2.309528862945448013e-02,-9.750069371006149233e-01,-2.209271987556260253e-01,0.000000000000000000e+00,1.106226343922576960e-02,2.212239805987272212e-01,-9.751602825872550673e-01,0.000000000000000000e+00,6.229603805309004150e-01,2.954006508221027616e-01,2.871879112997082276e-02,1.000000000000000000e+00
9.996639412589891638e-01,1.997013530410703466e-02,1.593565636202075655e-02,0.000000000000000000e+00,2.299899671824002373e-02,-9.750175153111059201e-01,-2.208905563570341124e-01,0.000000000000000000e+00,1.112654399355032103e-02,2.211870867999702617e-01,-9.751679202330756357e-01,0.000000000000000000e+00,6.230093818145798767e-01,2.953242578490662962e-01,2.872897006299358208e-02,1.000000000000000000e+00
9.996630873533015604e-01,1.997207661136006507e-02,1.598670823852174627e-02,0.000000000000000000e+00,2.301217469816603176e-02,-9.750173936249456608e-01,-2.208897210050453364e-01,0.000000000000000000e+00,1.117590733963924436e-02,2.211874479311329855e-01,-9.751672738422101361e-01,0.000000000000000000e+00,6.230250393403641285e-01,2.953292148826764385e-01,2.875942345858778504e-02,1.000000000000000000e+00
9.995930246003380537e-01,2.177682451574140116e-02,1.789698258273762776e-02,0.000000000000000000e+00,2.519408198051997089e-02,-9.749816066762735378e-01,-2.208095826211337043e-01,0.000000000000000000e+00,1.264094067832013252e-02,2.211748749011074600e-01,-9.751522349516749122e-01,0.000000000000000000e+00,6.235066466194277846e-01,2.953984752800591362e-01,2.967031330256009181e-02,1.000000000000000000e+00
9.993963364719389286e-01,2.421900190973868758e-02,2.451835015190023670e-02,0.000000000000000000e+00,2.901600601946376437e-02,-9.751823433803438190e-01,-2.194498016747971902e-01,0.000000000000000000e+00,1.859536500949591012e-02,2.200329887457505573e-01,-9.753151779111077779e-01,0.000000000000000000e+00,6.253453791678579288e-01,2.953585804330545184e-01,3.385068599949475621e-02,1.000000000000000000e+00
9.992626008284640760e-01,2.478502147094901326e-02,2.899489950709656372e-02,0.000000000000000000e+00,3.051955261641201358e-02,-9.754680338254747562e-01,-2.179711421128140147e-01,0.000000000000000000e+00,2.288161871790690000e-02,2.186995323780182299e-01,-9.755239341310312229e-01,0.000000000000000000e+00,6.266239405139175656e-01,2.951699621224830317e-01,3.699387966948682049e-02,1.000000000000000000e+00
9.990970308593444260e-01,2.548882338217925078e-02,3.370741330690566612e-02,0.000000000000000000e+00,3.217905853245783820e-02,-9.758857791933980286e-01,-2.158522667503567916e-01,0.000000000000000000e+00,2.739329240152547570e-02,2.167462046764126460e-01,-9.758435788023483992e-01,0.000000000000000000e+00,6.279089329639343520e-01,2.948133820385337445e-01,4.047704640154146244e-02,1.000000000000000000e+00
9.986590692419695658e-01,2.804181030574630015e-02,4.329511747007803307e-02,0.000000000000000000e+00,3.646717596622039287e-02,-9.774176516596070341e-01,-2.081000389295395991e-01,0.000000000000000000e+00,3.648261263299536206e-02,2.094038735273155982e-01,-9.771484210329702824e-01,0.000000000000000000e+00,6.303699416881725082e-01,2.932889278091544982e-01,4.911584299396885150e-02,1.000000000000000000e+00
9.983372571908292192e-01,3.195781048391577173e-02,4.777202272224460172e-02,0.000000000000000000e+00,4.071005098214242057e-02,-9.799009715831358269e-01,-1.952370982694277279e-01,0.000000000000000000e+00,4.057328245551045098e-02,1.968610608541923324e-01,-9.795915125551810654e-01,0.000000000000000000e+00,6.313377551928046616e-01,2.903916612920922624e-01,5.760781918357389675e-02,1.000000000000000000e+00
9.982573575190724080e-01,3.457830842391912407e-02,4.761654803519300289e-02,0.000000000000000000e+00,4.288910429506289507e-02,-9.815318079889011615e-01,-1.863775242351244366e-01,0.000000000000000000e+00,4.029331273801558394e-02,1.880985874194406327e-01,-9.813232751542213528e-01,0.000000000000000000e+00,6.310799973861774825e-01,2.883224215000071422e-01,6.183386704707377612e-02,1.000000000000000000e+00
9.981773633066163276e-01,3.741828694790692161e-02,4.714414158029989199e-02,0.000000000000000000e+00,4.519036665902291527e-02,-9.832732613209986816e-01,-1.763867093451157442e-01,0.000000000000000000e+00,3.975625077079164571e-02,1.781991123853921832e-01,-9.831909869754239528e-01,0.000000000000000000e+00,6.306600055305014996e-01,2.859721456679554241e-01,6.644784214263463329e-02,1.000000000000000000e+00
9.981199262598563493e-01,4.059677296650394951e-02,4.570844264393142398e-02,0.000000000000000000e+00,4.760718374547257686e-02,-9.852092850407759839e-01,-1.645508056087125470e-01,0.000000000000000000e+00,3.835288881276017331e-02,1.664206923018669848e-01,-9.853086872110097261e-01,0.000000000000000000e+00,6.297622174399575279e-01,2.830244023364152928e-01,7.143495051330785162e-02,1.000000000000000000e+00
9.979648605798702166e-01,4.689015043162852309e-02,4.299067040077232671e-02,0.000000000000000000e+00,5.251128100432119611e-02,-9.886578965801541274e-01,-1.406373911810030741e-01,0.000000000000000000e+00,3.590924870652208861e-02,1.426114153679144403e-01,-9.891271455501023935e-01,0.000000000000000000e+00,6.273114401090735814e-01,2.769680018942137778e-01,8.135703210498679283e-02,1.000000000000000000e+00
9.976365542065999126e-01,5.288943670025667704e-02,4.364355734263048597e-02,0.000000000000000000e+00,5.768841334589392550e-02,-9.914175388230930253e-01,-1.172350526967182172e-01,0.000000000000000000e+00,3.706920600454623183e-02,1.194780019022241430e-01,-9.921445867551991205e-01,0.000000000000000000e+00,6.246001468541568791e-01,2.707694192382042453e-01,9.221477005269632099e-02,1.000000000000000000e+00
9.974176284567224382e-01,5.580973102784645562e-02,4.498994629442416154e-02,0.000000000000000000e+00,6.031584750682176393e-02,-9.925293297740115372e-01,-1.059635549568518909e-01,0.000000000000000000e+00,3.874078962152717465e-02,1.084056115718904090e-01,-9.933515865992387228e-01,0.000000000000000000e+00,6.230737039416848200e-01,2.677147915942226786e-01,9.774663907890157599e-02,1.000000000000000000e+00
9.971203915228186165e-01,5.843500724574859917e-02,4.813545095642834948e-02,0.000000000000000000e+00,6.283538721907280800e-02,-9.934206246695677089e-01,-9.564477766905701839e-02,0.000000000000000000e+00,4.223055955091208069e-02,9.839586228155207392e-02,-9.942508909354251800e-01,0.000000000000000000e+00,6.217644551900244343e-01,2.647779857557028271e-01,1.035211249817537815e-01,1.000000000000000000e+00
9.967204465971685190e-01,6.110375928680545493e-02,5.287181515107521740e-02,0.000000000000000000e+00,6.551644743535546545e-02,-9.941114768778223088e-01,-8.620158673976716091e-02,0.000000000000000000e+00,4.729414779765896137e-02,8.938457846092197345e-02,-9.948736908359051556e-01,0.000000000000000000e+00,6.204954029691188699e-01,2.620720726192917738e-01,1.094810171253343123e-01,1.000000000000000000e+00
9.948607310263595238e-01,6.781899281450866346e-02,7.505635866821254443e-02,0.000000000000000000e+00,7.256171728184666880e-02,-9.954018717458387178e-01,-6.237513776496745460e-02,0.000000000000000000e+00,7.048237788906402956e-02,6.750209305707934038e-02,-9.952264575663253288e-01,0.000000000000000000e+00,6.176357124180337221e-01,2.544874208943712079e-01,1.281529750211615748e-01,1.000000000000000000e+00
9.940575714219666015e-01,7.049961919351634132e-02,8.282569223036483075e-02,0.000000000000000000e+00,7.511661936873852141e-02,-9.957011601772749465e-01,-5.401333184917283398e-02,0.000000000000000000e+00,7.866323303051732385e-02,5.991510103097740653e-02,-9.950991289502942871e-01,0.000000000000000000e+00,6.164840611732403941e-01,2.517213357559430209e-01,1.344135046461634175e-01,1.000000000000000000e+00
9.931825644867453562e-01,7.282657342172185744e-02,9.091441417283901982e-02,0.000000000000000000e+00,7.718911026704523837e-02,-9.959715151090550167e-01,-4.542388412238049233e-02,0.000000000000000000e+00,8.724178067145835214e-02,5.213281618032591241e-02,-9.948221153464480437e-01,0.000000000000000000e+00,6.153609257116934295e-01,2.488002783434163090e-01,1.408180087731768226e-01,1.000000000000000000e+00
9.915347195496672095e-01,7.554636691684464556e-02,1.055101572097993518e-01,0.000000000000000000e+00,7.891717244388229968e-02,-9.964742545643603400e-01,-2.814048302842829183e-02,0.000000000000000000e+00,1.030142273416163046e-01,3.622952674934940692e-02,-9.940198641660678014e-01,0.000000000000000000e+00,6.123993014413197100e-01,2.425225491435574199e-01,1.530050647635958494e-01,1.000000000000000000e+00
9.896404103555613840e-01,7.934765264855275779e-02,1.195682027616393889e-01,0.000000000000000000e+00,8.105709029710524149e-02,-9.966545843949167205e-01,-9.493914807454527718e-03,0.000000000000000000e+00,1.184171574730634724e-01,1.908777985275402281e-02,-9.927804558291287718e-01,0.000000000000000000e+00,6.088121274127179516e-01,2.357470835997046987e-01,1.646529575979573390e-01,1.000000000000000000e+00
9.885104738053159812e-01,8.290071629082224058e-02,1.263141374386354543e-01,0.000000000000000000e+00,8.351137141354789128e-02,-9.964970564880859527e-01,4.627703723884031973e-04,0.000000000000000000e+00,1.259124543507035565e-01,1.009140777721789436e-02,-9.919900288452780934e-01,0.000000000000000000e+00,6.068149974164588345e-01,2.321774479738699937e-01,1.702220446993787106e-01,1.000000000000000000e+00
9.860485050108586114e-01,9.290039930191519579e-02,1.380529191165613678e-01,0.000000000000000000e+00,9.084967925183261295e-02,-9.956314776624564100e-01,2.109605102195286075e-02,0.000000000000000000e+00,1.394123475389705547e-01,-8.259825177540801658e-03,-9.901999659875321269e-01,0.000000000000000000e+00,6.024404828472840201e-01,2.245097317439471996e-01,1.803610308117739591e-01,1.000000000000000000e+00
9.848393090611364808e-01,9.862483913677709546e-02,1.426373840703638596e-01,0.000000000000000000e+00,9.506423535499514132e-02,-9.949603509234486998e-01,3.158224418666885636e-02,0.000000000000000000e+00,1.450361278568386425e-01,-1.754405947122333193e-02,-9.892708059947815658e-01,0.000000000000000000e+00,5.999210953735791829e-01,2.205127526205251653e-01,1.847833841722467396e-01,1.000000000000000000e+00
9.835736417556334432e-01,1.048675898545964325e-01,1.468551216092154055e-01,0.000000000000000000e+00,9.970762258687394797e-02,-9.941165667519440419e-01,4.208786771279066780e-02,0.000000000000000000e+00,1.504076583667574296e-01,-2.675445738584887254e-02,-9.882619770661105196e-01,0.000000000000000000e+00,5.973663384698767453e-01,2.164801135543473753e-01,1.890335946007717927e-01,1.000000000000000000e+00
9.805744150116088020e-01,1.231644208069452989e-01,1.525945247154661955e-01,0.000000000000000000e+00,1.146435668638267485e-01,-9.913675337129060905e-01,6.346662570152576677e-02,0.000000000000000000e+00,1.590971509335287748e-01,-4.474063016853566804e-02,-9.862486362864874012e-01,0.000000000000000000e+00,5.918500712135278397e-01,2.083590461492535739e-01,1.964331807150312137e-01,1.000000000000000000e+00
9.784764920973405555e-01,1.353681886285862668e-01,1.556918585588429882e-01,0.000000000000000000e+00,1.237146914851597196e-01,-9.888899399214023944e-01,8.229282310253624444e-02,0.000000000000000000e+00,1.651051218422504019e-01,-6.126140209762510197e-02,-9.843715453803448812e-01,0.000000000000000000e+00,5.864741029621595159e-01,1.997455335483151462e-01,2.025526604863294999e-01,1.000000000000000000e+00
9.776809418537923957e-01,1.400361292156777349e-01,1.565586323119229351e-01,0.000000000000000000e+00,1.269746097162138543e-01,-9.877521575278359611e-01,9.057522115749171154e-02,0.000000000000000000e+00,1.673281518048956307e-01,-6.867601852053059619e-02,-9.835064280896824718e-01,0.000000000000000000e+00,5.839044354452027630e-01,1.953815945657295106e-01,2.053482408056142017e-01,1.000000000000000000e+00
9.768382254143019860e-01,1.463237763417833681e-01,1.560678722470632274e-01,0.000000000000000000e+00,1.320045843113464012e-01,-9.863307973553911978e-01,9.852458987621005859e-02,0.000000000000000000e+00,1.683542802698077823e-01,-7.564236728398923693e-02,-9.828199573607108164e-01,0.000000000000000000e+00,5.811835895341822544e-01,1.910218698421814465e-01,2.075916734404170405e-01,1.000000000000000000e+00
9.761660440136361583e-01,1.511923513318138013e-01,1.556324976177314301e-01,0.000000000000000000e+00,1.357445576492887773e-01,-9.850939358814879698e-01,1.055656168424446706e-01,0.000000000000000000e+00,1.692766025586721068e-01,-8.192488333984801474e-02,-9.821576988019518062e-01,0.000000000000000000e+00,5.786703700316140342e-01,1.865348918334923389e-01,2.099840052658807910e-01,1.000000000000000000e+00
9.745669541452938178e-01,1.638758916712259595e-01,1.527896950652541663e-01,0.000000000000000000e+00,1.465048509272696697e-01,-9.820387468663811514e-01,1.188148778945402606e-01,0.000000000000000000e+00,1.695195585115614745e-01,-9.341042059812505738e-02,-9.810900124890308271e-01,0.000000000000000000e+00,5.739033326903203447e-01,1.773231718619640296e-01,2.139426507986375292e-01,1.000000000000000000e+00
9.732181959728032350e-01,1.751622052144547470e-01,1.488129422901794952e-01,0.000000000000000000e+00,1.564891597472573281e-01,-9.791897678747921718e-01,1.291483188900121870e-01,0.000000000000000000e+00,1.683412558452294094e-01,-1.024038532160532894e-01,-9.803951613645163210e-01,0.000000000000000000e+00,5.694878797552846983e-01,1.682957960970090094e-01,2.175700776944493320e-01,1.000000000000000000e+00
9.727362612931450547e-01,1.799632167808265237e-01,1.462126994229279164e-01,0.000000000000000000e+00,1.609272490390059596e-01,-9.779463412696023372e-01,1.330568337791943057e-01,0.000000000000000000e+00,1.669367243186250516e-01,-1.059016384718858422e-01,-9.802637262710161004e-01,0.000000000000000000e+00,5.673808457051922050e-01,1.636644420933165145e-01,2.192482212558738430e-01,1.000000000000000000e+00
9.725486486456270674e-01,1.838132051286051061e-01,1.426274115979189461e-01,0.000000000000000000e+00,1.647543344603851212e-01,-9.769541989497432244e-01,1.356364601874767983e-01,0.000000000000000000e+00,1.642753839354747503e-01,-1.084166591454335804e-01,-9.804383847303181909e-01,0.000000000000000000e+00,5.650773706855247713e-01,1.590559304027530096e-01,2.205909278067224866e-01,1.000000000000000000e+00
9.701848818784281070e-01,2.064038420287320486e-01,1.269625766575603887e-01,0.000000000000000000e+00,1.880808759158115462e-01,-9.717438016932994360e-01,1.425493419367581949e-01,0.000000000000000000e+00,1.528007706567420243e-01,-1.144221868241459689e-01,-9.816106599100714591e-01,0.000000000000000000e+00,5.571127997436625678e-01,1.449074597117492036e-01,2.238801657167512615e-01,1.000000000000000000e+00
9.696623432550797173e-01,2.125973721924240278e-01,1.205738127088634981e-01,0.000000000000000000e+00,1.948475088477805983e-01,-9.702324120027701060e-01,1.437506935507074368e-01,0.000000000000000000e+00,1.475484815941021932e-01,-1.158983587168711110e-01,-9.822408136633350439e-01,0.000000000000000000e+00,5.540870997071938309e-01,1.398988793131792363e-01,2.246533764100354102e-01,1.000000000000000000e+00
9.693495582081100848e-01,2.171576580998914319e-01,1.148247901435973939e-01,0.000000000000000000e+00,2.000279870985378905e-01,-9.691158670671706776e-01,1.441665268956757451e-01,0.000000000000000000e+00,1.425881366813601947e-01,-1.167818359255092392e-01,-9.828685700924643109e-01,0.000000000000000000e+00,5.510441036379949420e-01,1.349930186934235055e-01,2.257040248542498129e-01,1.000000000000000000e+00
9.691626722351850409e-01,2.243054171971007593e-01,1.019389104473769347e-01,0.000000000000000000e+00,2.087263312736343801e-01,-9.673015928809263198e-01,1.440197692828323328e-01,0.000000000000000000e+00,1.309126053592336303e-01,-1.183035273706319335e-01,-9.843099944477469165e-01,0.000000000000000000e+00,5.443915747722936072e-01,1.247051926142953848e-01,2.275761939363250552e-01,1.000000000000000000e+00
9.688648726682256296e-01,2.292805153638612370e-01,9.333836663062709815e-02,0.000000000000000000e+00,2.146431705954559288e-01,-9.659080606522175705e-01,1.446743743204375876e-01,0.000000000000000000e+00,1.233296702790947358e-01,-1.201377893272535524e-01,-9.850668525559115318e-01,0.000000000000000000e+00,5.404249593057915968e-01,1.194038812800117810e-01,2.281817555794898311e-01,1.000000000000000000e+00
9.690274636801315955e-01,2.365921834897872222e-01,7.064460521790889846e-02,0.000000000000000000e+00,2.245169370978820356e-01,-9.633609566688344783e-01,1.466579661099314535e-01,0.000000000000000000e+00,1.027563612727118297e-01,-1.262571173827337356e-01,-9.866611731127330476e-01,0.000000000000000000e+00,5.309475465743909162e-01,1.079958987334189852e-01,2.292222365369236403e-01,1.000000000000000000e+00
9.706048289715095700e-01,2.375933523554854543e-01,3.816296365426934123e-02,0.000000000000000000e+00,2.295622227209802857e-01,-9.617710014100233629e-01,1.492597522688958733e-01,0.000000000000000000e+00,7.216854615200590795e-02,-1.361140821790586819e-01,-9.880610596409810098e-01,0.000000000000000000e+00,5.193283222415090439e-01,9.606137721888294290e-02,2.299396530835193242e-01,1.000000000000000000e+00
9.715839558216078364e-01,2.359523370587641444e-01,1.821697910609011012e-02,0.000000000000000000e+00,2.306197811179619139e-01,-9.612716446481354149e-01,1.508379549509368533e-01,0.000000000000000000e+00,5.310305585205046114e-02,-1.423532819669967864e-01,-9.883904130314087322e-01,0.000000000000000000e+00,5.128142159114124077e-01,9.003617779398961907e-02,2.304375436865074289e-01,1.000000000000000000e+00
9.729464702170723678e-01,2.309672737605794890e-01,-3.167245641523608931e-03,0.000000000000000000e+00,2.287439616310534829e-01,-9.614926006867653419e-01,1.522791047489438221e-01,0.000000000000000000e+00,3.212682496661780490e-02,-1.488867723005373178e-01,-9.883322296431966691e-01,0.000000000000000000e+00,5.059657495978638897e-01,8.398164546960663890e-02,2.313636305496522272e-01,1.000000000000000000e+00
9.742062317684775374e-01,2.241403584566445950e-01,-2.576945082065724632e-02,0.000000000000000000e+00,2.254127072099888218e-01,-9.620973270732672278e-01,1.534229173492237808e-01,0.000000000000000000e+00,9.595732683008220340e-03,-1.552773134199682270e-01,-9.878243152764326629e-01,0.000000000000000000e+00,4.989177186269704856e-01,7.809862735746896101e-02,2.327507223397889402e-01,1.000000000000000000e+00
9.738020819419608287e-01,2.147271931078031937e-01,-7.471602670615862252e-02,0.000000000000000000e+00,2.239904674891624037e-01,-9.624315626904297316e-01,1.534095971979984874e-01,0.000000000000000000e+00,-3.896860040501652633e-02,-1.661294613990662861e-01,-9.853336745680270070e-01,0.000000000000000000e+00,4.840574005649721512e-01,6.708851501461660094e-02,2.368031068801743078e-01,1.000000000000000000e+00
9.708786945668996804e-01,2.063133004060924425e-01,-1.216968751152898293e-01,0.000000000000000000e+00,2.232302555279788159e-01,-9.635485986650689227e-01,1.473875772536594742e-01,0.000000000000000000e+00,-8.685450819562184899e-02,-1.702651612603242326e-01,-9.815630745230243814e-01,0.000000000000000000e+00,4.693065842498437834e-01,5.712849181319857444e-02,2.425436746301710134e-01,1.000000000000000000e+00
9.694139899701987861e-01,2.005052868149387602e-01,-1.414740008288694340e-01,0.000000000000000000e+00,2.202413627732333623e-01,-9.651500393972065606e-01,1.412794764874498454e-01,0.000000000000000000e+00,-1.082184390597816098e-01,-1.681199645724181513e-01,-9.798083725706947522e-01,0.000000000000000000e+00,4.623819163572056579e-01,5.281623248775697832e-02,2.459637306269030488e-01,1.000000000000000000e+00
9.675988697918666004e-01,1.942666141153978343e-01,-1.612254840862632210e-01,0.000000000000000000e+00,2.164535202545859183e-01,-9.670723526248623525e-01,1.337897053559043703e-01,0.000000000000000000e+00,-1.299283366584982613e-01,-1.643557556349815041e-01,-9.778066337077134795e-01,0.000000000000000000e+00,4.552588615553223583e-01,4.848266940720921681e-02,2.494152636933013589e-01,1.000000000000000000e+00
9.647559635475156936e-01,1.899613421906075350e-01,-1.820477030172483468e-01,0.000000000000000000e+00,2.142914545973829687e-01,-9.687595730959825957e-01,1.247590033730454351e-01,0.000000000000000000e+00,-1.526640065821882331e-01,-1.593763280842583896e-01,-9.753424460878613589e-01,0.000000000000000000e+00,4.477824211700766055e-01,4.403913621430084052e-02,2.528012030548727473e-01,1.000000000000000000e+00
9.561107674009816648e-01,1.860478805324600748e-01,-2.263164455148884147e-01,0.000000000000000000e+00,2.134516703913069691e-01,-9.714847694180140936e-01,1.031332831689036056e-01,0.000000000000000000e+00,-2.006791148354306886e-01,-1.469172944605637854e-01,-9.685779274055629218e-01,0.000000000000000000e+00,4.317823553826848904e-01,3.509544208775527974e-02,2.599024589735856594e-01,1.000000000000000000e+00
9.458786367182302479e-01,1.848564075457611866e-01,-2.666879451541557255e-01,0.000000000000000000e+00,2.127770222382311116e-01,-9.738393611656231963e-01,7.964662173105876986e-02,0.000000000000000000e+00,-2.449927466426904121e-01,-1.320836478384409540e-01,-9.604855355840407061e-01,0.000000000000000000e+00,4.165101434809087566e-01,2.586906436382115093e-02,2.677238860643486040e-01,1.000000000000000000e+00
9.417614803186439287e-01,1.840404217971782497e-01,-2.814163894195956250e-01,0.000000000000000000e+00,2.116076009031179483e-01,-9.747875623623560859e-01,7.065534944284759811e-02,0.000000000000000000e+00,-2.613227872108933036e-01,-1.260927611800133630e-01,-9.569801546857333863e-01,0.000000000000000000e+00,4.103617205353688457e-01,2.134024374307533570e-02,2.719241770807426795e-01,1.000000000000000000e+00
9.377286318951929545e-01,1.824349504375764874e-01,-2.955727468560271909e-01,0.000000000000000000e+00,2.094640376801173709e-01,-9.758237047069473480e-01,6.223874317464098832e-02,0.000000000000000000e+00,-2.770777054255299521e-01,-1.202772281820556483e-01,-9.532897426999645818e-01,0.000000000000000000e+00,4.041347966363799671e-01,1.599546119921247539e-02,2.768033225005676057e-01,1.000000000000000000e+00
9.284264191877623640e-01,1.752351098953691400e-01,-3.275634096100410453e-01,0.000000000000000000e+00,2.028292135517136829e-01,-9.778343066913181003e-01,5.177958756798942130e-02,0.000000000000000000e+00,-3.112351300563714895e-01,-1.145151706041828144e-01,-9.434081669777342194e-01,0.000000000000000000e+00,3.891273276162768857e-01,-2.637510778452526535e-04,2.912898968885960227e-01,1.000000000000000000e+00
9.245632760862592114e-01,1.738323764033988528e-01,-3.390365766813351889e-01,0.000000000000000000e+00,2.011583974134714126e-01,-9.784253688485281542e-01,4.690249081737124515e-02,0.000000000000000000e+00,-3.235750459768820253e-01,-1.115665229977705203e-01,-9.396020969363821917e-01,0.000000000000000000e+00,3.839230319875652220e-01,-5.386502132877127313e-03,2.961605948692246915e-01,1.000000000000000000e+00
9.191764811052327566e-01,1.744864104278624761e-01,-3.530578367069756585e-01,0.000000000000000000e+00,2.012108507117660039e-01,-9.787148661798231730e-01,4.015160240471768449e-02,0.000000000000000000e+00,-3.385435624425325862e-01,-1.079475546083043663e-01,-9.347382423881063218e-01,0.000000000000000000e+00,3.780782977458394534e-01,-1.004899277111505687e-02,3.006993738278980755e-01,1.000000000000000000e+00
9.125910938041280618e-01,1.771600260095008428e-01,-3.684732929194546869e-01,0.000000000000000000e+00,2.026882033707476660e-01,-9.787290851997139107e-01,3.142637267770526099e-02,0.000000000000000000e+00,-3.550748681901332304e-01,-1.033666076757000368e-01,-9.291055819428581941e-01,0.000000000000000000e+00,3.717757881626044258e-01,-1.453990285387221984e-02,3.052100745200093668e-01,1.000000000000000000e+00
8.975579283867922697e-01,1.831756241866543400e-01,-4.010202024774410234e-01,0.000000000000000000e+00,2.047232634239936622e-01,-9.787466330562798467e-01,1.114273733130517578e-02,0.000000000000000000e+00,-3.904636127310435190e-01,-9.210119001908712022e-02,-9.159997477783984321e-01,0.000000000000000000e+00,3.584618291006956281e-01,-2.245641598125528923e-02,3.137524887904262760e-01,1.000000000000000000e+00
8.836404814058270718e-01,1.905233048552488484e-01,-4.276226336726351440e-01,0.000000000000000000e+00,2.060606047983361000e-01,-9.784767805211498359e-01,-1.014711940986228952e-02,0.000000000000000000e+00,-4.203601738346576799e-01,-7.915129694756699308e-02,-9.038984436568162639e-01,0.000000000000000000e+00,3.465219349791621717e-01,-2.916361420024750351e-02,3.221581044980906250e-01,1.000000000000000000e+00
8.761221524861717569e-01,1.981224805999586003e-01,-4.394749179476850620e-01,0.000000000000000000e+00,2.073169940808801404e-01,-9.778761787190108912e-01,-2.754251187494646119e-02,0.000000000000000000e+00,-4.352172234603504664e-01,-6.698130377176016170e-02,-8.978304257199678506e-01,0.000000000000000000e+00,3.387216978267647005e-01,-3.494960898753844691e-02,3.301423465396923773e-01,1.000000000000000000e+00
8.740254088904225727e-01,2.025668261729570707e-01,-4.416186278332842052e-01,0.000000000000000000e+00,2.087008695840076866e-01,-9.773343115349708565e-01,-3.524680740935208501e-02,0.000000000000000000e+00,-4.387573189421103415e-01,-6.136076778018573902e-02,-8.965081545932291895e-01,0.000000000000000000e+00,3.361676370703103878e-01,-3.753412318594590708e-02,3.336747133273484378e-01,1.000000000000000000e+00
8.717344487134509601e-01,2.095525985231136146e-01,-4.428854324536706244e-01,0.000000000000000000e+00,2.124733261352818869e-01,-9.761806946410839236e-01,-4.367017279871195784e-02,0.000000000000000000e+00,-4.414959074512869730e-01,-5.603362574131989099e-02,-8.955119186755955418e-01,0.000000000000000000e+00,3.340523170460051872e-01,-3.986391952298496549e-02,3.369760775325738589e-01,1.000000000000000000e+00
8.642605751428691363e-01,2.250953033712807805e-01,-4.498516528313710738e-01,0.000000000000000000e+00,2.209562971024622846e-01,-9.732693068575971607e-01,-6.249734395083616362e-02,0.000000000000000000e+00,-4.519033654765854946e-01,-4.538443881827490534e-02,-8.909116684520895779e-01,0.000000000000000000e+00,3.299766135137363054e-01,-4.339462861511832192e-02,3.427585188113099757e-01,1.000000000000000000e+00
8.587995708296781716e-01,2.346813025559412735e-01,-4.553775689190405762e-01,0.000000000000000000e+00,2.264037870895293791e-01,-9.712421019630594898e-01,-7.355849010892900885e-02,0.000000000000000000e+00,-4.595535173258378236e-01,-3.992797515971691774e-02,-8.872521183480465146e-01,0.000000000000000000e+00,3.281245183780876484e-01,-4.467039569900086576e-02,3.453189267314190625e-01,1.000000000000000000e+00
8.474910164796880530e-01,2.506697937605044113e-01,-4.678721816730504468e-01,0.000000000000000000e+00,2.343002009890901849e-01,-9.675990591631534743e-01,-9.400118841940534320e-02,0.000000000000000000e+00,-4.762851112740906778e-01,-2.995796026290781927e-02,-8.787804125010485468e-01,0.000000000000000000e+00,3.257252985685653024e-01,-4.625512038346277915e-02,3.505248810510587232e-01,1.000000000000000000e+00
8.421639656972138566e-01,2.580163535838215783e-01,-4.734640039809349665e-01,0.000000000000000000e+00,2.379913224580955389e-01,-9.657820161983349250e-01,-1.029853121747667244e-01,0.000000000000000000e+00,-4.838442305828399848e-01,-2.595030515784951808e-02,-8.747693079857763454e-01,0.000000000000000000e+00,3.253985172972461704e-01,-4.661347296614913593e-02,3.530393683233033486e-01,1.000000000000000000e+00
8.308297989627487778e-01,2.762963480770107561e-01,-4.830765157778155183e-01,0.000000000000000000e+00,2.488388325625235376e-01,-9.608710869467814719e-01,-1.216007260662507750e-01,0.000000000000000000e+00,-4.977816771693189257e-01,-1.917905868948736534e-02,-8.670902868688388221e-01,0.000000000000000000e+00,3.263034017357872574e-01,-4.678599244761885712e-02,3.582725735676783874e-01,1.000000000000000000e+00
8.252228959648246764e-01,2.846038372386094362e-01,-4.878407267804682479e-01,0.000000000000000000e+00,2.534674489108849627e-01,-9.585012558206650324e-01,-1.304237011973839733e-01,0.000000000000000000e+00,-5.047247526027064390e-01,-1.602342858797472722e-02,-8.631316086475010474e-01,0.000000000000000000e+00,3.272769703219355342e-01,-4.672359900048945330e-02,3.608770177100493748e-01,1.000000000000000000e+00
8.130132071997695498e-01,2.995644871743262105e-01,-4.992508285861283479e-01,0.000000000000000000e+00,2.602171673621943015e-01,-9.540232280416048871e-01,-1.486857527414113256e-01,0.000000000000000000e+00,-5.208478862961040123e-01,-9.030329578531464188e-03,-8.536017411466447768e-01,0.000000000000000000e+00,3.293286440486149491e-01,-4.657122787117921880e-02,3.655211414887790666e-01,1.000000000000000000e+00
8.052779846064587188e-01,3.085937482181358438e-01,-5.062390867663719707e-01,0.000000000000000000e+00,2.639966686375448957e-01,-9.511711812634174867e-01,-1.598746064371752706e-01,0.000000000000000000e+00,-5.308665550328601768e-01,-4.902025958145983520e-03,-8.474412492256021556e-01,0.000000000000000000e+00,3.301078631210236369e-01,-4.652340066059180296e-02,3.673566620626447232e-01,1.000000000000000000e+00
7.974797806197326810e-01,3.170963982537104986e-01,-5.132802554340422097e-01,0.000000000000000000e+00,2.669219802938314068e-01,-9.483830338334281462e-01,-1.711812620415287256e-01,0.000000000000000000e+00,-5.410776649189640297e-01,-4.921964033968564750e-04,-8.409724836571894624e-01,0.000000000000000000e+00,3.309978621332572146e-01,-4.655990072816609815e-02,3.690159836149296546e-01,1.000000000000000000e+00
7.798687447129651895e-01,3.373821100081548230e-01,-5.272179812634215645e-01,0.000000000000000000e+00,2.741915001657601048e-01,-9.413153999455795562e-01,-1.967869049590242891e-01,0.000000000000000000e+00,-5.626816194733365029e-01,8.909438883669611869e-03,-8.266256813126734437e-01,0.000000000000000000e+00,3.330237516133204845e-01,-4.676195225361227253e-02,3.716527936325365045e-01,1.000000000000000000e+00
7.585152974411263349e-01,3.677934900224468229e-01,-5.379249382080329989e-01,0.000000000000000000e+00,2.881646195318294246e-01,-9.297042601178541199e-01,-2.293292124217886641e-01,0.000000000000000000e+00,-5.844681508994004071e-01,1.893914525388617001e-02,-8.111955925430611725e-01,0.000000000000000000e+00,3.355375789231868078e-01,-4.752465882770373629e-02,3.738684051114396500e-01,1.000000000000000000e+00
7.472676765618344596e-01,3.842884836850244401e-01,-5.421200307811460117e-01,0.000000000000000000e+00,2.956831352284992054e-01,-9.228905916519890562e-01,-2.466276267632951658e-01,0.000000000000000000e+00,-5.951050902948039623e-01,2.400156536033625984e-02,-8.032893976428837624e-01,0.000000000000000000e+00,3.369766746492685594e-01,-4.830773224530792581e-02,3.748392050198754433e-01,1.000000000000000000e+00
7.363487198518388066e-01,4.005670629094205126e-01,-5.452681338441546233e-01,0.000000000000000000e+00,3.025487919050862118e-01,-9.157799867219555967e-01,-2.641817392204011683e-01,0.000000000000000000e+00,-6.051797993119869545e-01,2.956023945049525772e-02,-7.955398184555773078e-01,0.000000000000000000e+00,3.385907188286975678e-01,-4.933347393347126131e-02,3.756527319874929383e-01,1.000000000000000000e+00
7.265653921863998166e-01,4.138569400848531865e-01,-5.484577567341295534e-01,0.000000000000000000e+00,3.063539383419836559e-01,-9.096265489688015737e-01,-2.805486638262120191e-01,0.000000000000000000e+00,-6.150105889288735028e-01,3.581544572886692646e-02,-7.877050395627812618e-01,0.000000000000000000e+00,3.402390698994596785e-01,-5.059695033380141177e-02,3.762763875078786735e-01,1.000000000000000000e+00
7.087377377113656118e-01,4.370058217967081049e-01,-5.538027426446784363e-01,0.000000000000000000e+00,3.101182961595766452e-01,-8.980986897495046861e-01,-3.118110529768190475e-01,0.000000000000000000e+00,-6.336449626293638726e-01,4.924884551560942264e-02,-7.720547989293323754e-01,0.000000000000000000e+00,3.435012552650471562e-01,-5.384476737096538512e-02,3.769002320902635206e-01,1.000000000000000000e+00
6.893530323756836831e-01,4.625516841997690531e-01,-5.575115093875777639e-01,0.000000000000000000e+00,3.127525828811444364e-01,-8.842124239558776244e-01,-3.468932950122453618e-01,0.000000000000000000e+00,-6.534272614440292948e-01,6.477002730428815802e-02,-7.542132706103479300e-01,0.000000000000000000e+00,3.461412059338708769e-01,-5.764821470900795275e-02,3.770565615498635559e-01,1.000000000000000000e+00
6.778926705858125956e-01,4.789526436559931599e-01,-5.577155540256865107e-01,0.000000000000000000e+00,3.159959658762744872e-01,-8.748161507242019352e-01,-3.671838761209689772e-01,0.000000000000000000e+00,-6.637750420742201118e-01,7.267679245459049420e-02,-7.443928917969860892e-01,0.000000000000000000e+00,3.471864094160014291e-01,-5.983597204692756716e-02,3.770318048567967151e-01,1.000000000000000000e+00
6.652029568228363665e-01,4.978174370437055685e-01,-5.564742334651265887e-01,0.000000000000000000e+00,3.206216470134146124e-01,-8.635262686732162463e-01,-3.892362902902632982e-01,0.000000000000000000e+00,-6.743117134636633647e-01,8.050499592035843810e-02,-7.340454064412920143e-01,0.000000000000000000e+00,3.481067161717182890e-01,-6.209444872462827059e-02,3.772620106144387031e-01,1.000000000000000000e+00
6.265937503312678514e-01,5.548613398423070109e-01,-5.472567153497571724e-01,0.000000000000000000e+00,3.349631346233677420e-01,-8.257782873910083365e-01,-4.537297272805357884e-01,0.000000000000000000e+00,-7.036833456548856613e-01,1.009953311093389344e-01,-7.032991484013483285e-01,0.000000000000000000e+00,3.517039498850689228e-01,-6.944915319221280081e-02,3.780221650899457386e-01,1.000000000000000000e+00
6.131672617075989429e-01,5.739315676228061713e-01,-5.427791556031249520e-01,0.000000000000000000e+00,3.407112519522658145e-01,-8.120579757334961402e-01,-4.737704441414052892e-01,0.000000000000000000e+00,-7.126936776306235233e-01,1.055715928533507986e-01,-6.934856600159393647e-01,0.000000000000000000e+00,3.532112949515459621e-01,-7.223174092925896406e-02,3.785476070131830184e-01,1.000000000000000000e+00
5.992744116659020071e-01,5.913218288126044220e-01,-5.396197005238155819e-01,0.000000000000000000e+00,3.459550750520220541e-01,-7.991743426630533165e-01,-4.915447110650616458e-01,0.000000000000000000e+00,-7.219252362422028391e-01,1.078880707164182745e-01,-6.835086813448155718e-01,0.000000000000000000e+00,3.547318057542528380e-01,-7.545362701712823861e-02,3.791282530846907806e-01,1.000000000000000000e+00
5.702373333568990788e-01,6.229209631075032227e-01,-5.355180709074548462e-01,0.000000000000000000e+00,3.579822701961555831e-01,-7.751791500241639321e-01,-5.205062213789859449e-01,0.000000000000000000e+00,-7.393709149347349463e-01,1.051081285774954216e-01,-6.650435560589319506e-01,0.000000000000000000e+00,3.584021659137963667e-01,-8.317015190682075509e-02,3.803695202073308357e-01,1.000000000000000000e+00
5.534631238424696509e-01,6.404353404459915966e-01,-5.324489573241460993e-01,0.000000000000000000e+00,3.667711802302344171e-01,-7.613860351456503972e-01,-5.345567825207305779e-01,0.000000000000000000e+00,-7.477626522840624679e-01,1.005724705666799917e-01,-6.563049550424090439e-01,0.000000000000000000e+00,3.605886039655441522e-01,-8.758796733096076148e-02,3.809273024627025106e-01,1.000000000000000000e+00
5.145431260072291790e-01,6.845362762118236688e-01,-5.163682842022414565e-01,0.000000000000000000e+00,3.924153277341071999e-01,-7.234337147190420536e-01,-5.680093466381949119e-01,0.000000000000000000e+00,-7.623959074884718579e-01,8.963620111845489735e-02,-6.408727109917238263e-01,0.000000000000000000e+00,3.658982929802117590e-01,-9.658027049662330776e-02,3.823443898685801590e-01,1.000000000000000000e+00
4.648435077749888955e-01,7.386263808121139585e-01,-4.881929226740696626e-01,0.000000000000000000e+00,4.244785974855881938e-01,-6.698063683749388986e-01,-6.092274583948527056e-01,0.000000000000000000e+00,-7.770011609683321607e-01,7.596944432124182189e-02,-6.248982632264117321e-01,0.000000000000000000e+00,3.720675135231943376e-01,-1.064831947780327526e-01,3.837953095893791300e-01,1.000000000000000000e+00
