9.996680515848977988e-01,1.978007233088234160e-02,1.591484465043616417e-02,0.000000000000000000e+00,2.281532903521052078e-02,-9.748964883482299504e-01,-2.214430957797346722e-01,0.000000000000000000e+00,1.113538010119336820e-02,2.217369596358888528e-01,-9.750429344605469062e-01,0.000000000000000000e+00,6.230014272415872467e-01,2.954270220448410589e-01,2.890229363354416756e-02,1.000000000000000000e+00
9.996677810140810472e-01,1.978817368635927415e-02,1.592176767040172011e-02,0.000000000000000000e+00,2.282478063261495285e-02,-9.748959565293677798e-01,-2.214444630894408794e-01,0.000000000000000000e+00,1.114029991047293597e-02,2.217385750435274527e-01,-9.750425108966125354e-01,0.000000000000000000e+00,6.230025362037103775e-01,2.954305706485801930e-01,2.890635845658643191e-02,1.000000000000000000e+00
9.996679242369228557e-01,1.979214961763046954e-02,1.590782721064718311e-02,0.000000000000000000e+00,2.282562753541616737e-02,-9.748947185262615278e-01,-2.214498259616026199e-01,0.000000000000000000e+00,1.112570284691403837e-02,2.217436632331258040e-01,-9.750415204247030454e-01,0.000000000000000000e+00,6.229965078391472844e-01,2.954366641622743761e-01,2.889846535378031919e-02,1.000000000000000000e+00
9.996680098322060504e-01,1.979266638712762899e-02,1.590180419363680653e-02,0.000000000000000000e+00,2.282476373249757787e-02,-9.748953752910060055e-01,-2.214470236828041672e-01,0.000000000000000000e+00,1.111978239525266733e-02,2.217407295680670354e-01,-9.750422551305679697e-01,0.000000000000000000e+00,6.229935175130881797e-01,2.954358872120518842e-01,2.889608359552010147e-02,1.000000000000000000e+00
9.996681981955417573e-01,1.979153605946339448e-02,1.589136614939157255e-02,0.000000000000000000e+00,2.282138651141304639e-02,-9.748946558527507023e-01,-2.214505389667223711e-01,0.000000000000000000e+00,1.110977550349910234e-02,2.217439935463987599e-01,-9.750416269136187308e-01,0.000000000000000000e+00,6.229897962175003912e-01,2.954382230953600530e-01,2.889022415496363475e-02,1.000000000000000000e+00
9.996679699418826726e-01,1.979635772990717343e-02,1.589971679349042738e-02,0.000000000000000000e+00,2.282793664765533567e-02,-9.748945839173536188e-01,-2.214501805332950712e-01,0.000000000000000000e+00,1.111685482850833899e-02,2.217438794014765513e-01,-9.750415721838250338e-01,0.000000000000000000e+00,6.229907996021917249e-01,2.954407768466962847e-01,2.889397771259229544e-02,1.000000000000000000e+00
9.996679619134457573e-01,1.979355409049805836e-02,1.590371156342094625e-02,0.000000000000000000e+00,2.282608477731887936e-02,-9.748947006887789257e-01,-2.214498573580104546e-01,0.000000000000000000e+00,1.112137851551228858e-02,2.217436162912771458e-01,-9.750415804333585346e-01,0.000000000000000000e+00,6.229928876304188234e-01,2.954389503721256971e-01,2.889882861224552998e-02,1.000000000000000000e+00
9.996682690279833361e-01,1.978159479578584304e-02,1.589928637201560441e-02,0.000000000000000000e+00,2.281339430811135660e-02,-9.748959161131065532e-01,-2.214458143369114063e-01,0.000000000000000000e+00,1.111981207559565275e-02,2.217393397603091565e-01,-9.750425708563015270e-01,0.000000000000000000e+00,6.229946406083082255e-01,2.954315079197176730e-01,2.889201614071791255e-02,1.000000000000000000e+00
9.996681923680975634e-01,1.977676490934471981e-02,1.591011120102278284e-02,0.000000000000000000e+00,2.281097421613762291e-02,-9.748981736432033030e-01,-2.214361248388924674e-01,0.000000000000000000e+00,1.113166248795988134e-02,2.217298447656807781e-01,-9.750445948931982798e-01,0.000000000000000000e+00,6.230010055745458519e-01,2.954246122307024325e-01,2.889741478721312776e-02,1.000000000000000000e+00
9.996686358274445849e-01,1.975948844243622174e-02,1.590371216407639524e-02,0.000000000000000000e+00,2.279259448069250946e-02,-9.749008368977279959e-01,-2.214262919216164471e-01,0.000000000000000000e+00,1.112948631956145115e-02,2.217196748345088286e-01,-9.750469323707154912e-01,0.000000000000000000e+00,6.230043451919423658e-01,2.954102778625428138e-01,2.889019579803892707e-02,1.000000000000000000e+00
9.996681783752074946e-01,1.976477742472917271e-02,1.592587889421951536e-02,0.000000000000000000e+00,2.280275725924643324e-02,-9.748988287985939083e-01,-2.214340867385018730e-01,0.000000000000000000e+00,1.114973990997220055e-02,2.217280330223455609e-01,-9.750448003409800668e-01,0.000000000000000000e+00,6.230107992617597290e-01,2.954150618843379705e-01,2.890486739181144862e-02,1.000000000000000000e+00
9.996673810283099870e-01,1.981584936690949580e-02,1.591245810916423406e-02,0.000000000000000000e+00,2.284991121428028849e-02,-9.748912790246603288e-01,-2.214624630504451741e-01,0.000000000000000000e+00,1.112466401449239105e-02,2.217566681917530480e-01,-9.750385746025934663e-01,0.000000000000000000e+00,6.229883167284524514e-01,2.954595466708556661e-01,2.890678438189194302e-02,1.000000000000000000e+00
9.996680998654999817e-01,1.974841772427194525e-02,1.595108177825847739e-02,0.000000000000000000e+00,2.279232995507149764e-02,-9.749003042957752330e-01,-2.214286640894357894e-01,0.000000000000000000e+00,1.117806393727450651e-02,2.217230030599551260e-01,-9.750456198561630039e-01,0.000000000000000000e+00,6.230200664856472281e-01,2.954168279444639444e-01,2.892040754047019852e-02,1.000000000000000000e+00
9.996667317177231338e-01,1.946122363608579486e-02,1.638393031602397576e-02,0.000000000000000000e+00,2.260866925886504189e-02,-9.748964803515879352e-01,-2.214643257358570594e-01,0.000000000000000000e+00,1.166289377570305964e-02,2.217652072295520915e-01,-9.750303430002630334e-01,0.000000000000000000e+00,6.232623733265856281e-01,2.953020337272015960e-01,2.915492579208906268e-02,1.000000000000000000e+00
9.996679102967633845e-01,1.900293278214816931e-02,1.684353198672508892e-02,0.000000000000000000e+00,2.225890305694071258e-02,-9.749910261192981098e-01,-2.210832131183820548e-01,0.000000000000000000e+00,1.222129839492571736e-02,2.213889746291758664e-01,-9.751089999472798420e-01,0.000000000000000000e+00,6.236375052461622381e-01,2.949438566592763600e-01,2.955835960420072697e-02,1.000000000000000000e+00
9.996927121138511341e-01,1.898780476402256445e-02,1.531964483610799392e-02,0.000000000000000000e+00,2.187373652510863492e-02,-9.756725596703257342e-01,-2.180948024552467612e-01,0.000000000000000000e+00,1.080602361085762110e-02,2.183670866823162471e-01,-9.758068688565374460e-01,0.000000000000000000e+00,6.236761255273021165e-01,2.938396242913496326e-01,2.988269923221529428e-02,1.000000000000000000e+00
9.997856188711594649e-01,1.864019070058806765e-02,7.874419995580313192e-03,0.000000000000000000e+00,1.985325449458609504e-02,-9.788458141938580770e-01,-2.035865104134968462e-01,0.000000000000000000e+00,3.913027011599058864e-03,2.037031200880424775e-01,-9.790248858359030804e-01,0.000000000000000000e+00,6.234199462741690789e-01,2.885687312365219914e-01,2.989060931495099785e-02,1.000000000000000000e+00
9.998177677836229682e-01,1.609611640461172319e-02,-9.278640098129406835e-03,0.000000000000000000e+00,1.421529576654546531e-02,-9.843173888249778791e-01,-1.757781281168254717e-01,0.000000000000000000e+00,-1.196270232388026156e-02,1.756175782482256031e-01,-9.843857780176116234e-01,0.000000000000000000e+00,6.214582786073858944e-01,2.796746241916887032e-01,2.968198615515618699e-02,1.000000000000000000e+00
9.996997996235666983e-01,1.188373351774767508e-02,-2.097222953069454582e-02,0.000000000000000000e+00,8.443980828668850788e-03,-9.875407381944074636e-01,-1.570755757443464962e-01,0.000000000000000000e+00,-2.257801001327467555e-02,1.568543524256311161e-01,-9.873636339206423029e-01,0.000000000000000000e+00,6.199954073192448512e-01,2.739326135144806718e-01,3.022595869821183626e-02,1.000000000000000000e+00
9.993803451979234032e-01,4.854513153521216977e-03,-3.458476883440841920e-02,0.000000000000000000e+00,1.043055701820162648e-04,-9.906929126057550938e-01,-1.360451724034413001e-01,0.000000000000000000e+00,-3.492399084230821127e-02,1.359598816240620289e-01,-9.900985938038784351e-01,0.000000000000000000e+00,6.181823070918199825e-01,2.678801704759064539e-01,3.144498458055396128e-02,1.000000000000000000e+00
9.968764914048382497e-01,-2.265518579863688362e-02,-7.552979770935969173e-02,0.000000000000000000e+00,-2.767195838977681149e-02,-9.974228998593134277e-01,-6.604974228807383718e-02,0.000000000000000000e+00,-7.384020232627867830e-02,6.793480072516014379e-02,-9.949535101555484484e-01,0.000000000000000000e+00,6.119452499609959739e-01,2.499805431049764992e-01,4.051376662171399939e-02,1.000000000000000000e+00
9.959710056480423068e-01,-2.804526117221406434e-02,-8.506448222036108731e-02,0.000000000000000000e+00,-3.181329178297371413e-02,-9.985472006267980261e-01,-4.326834278690488977e-02,0.000000000000000000e+00,-8.372904066345369933e-02,4.580107788411909298e-02,-9.954354368889178906e-01,0.000000000000000000e+00,6.103220208640341982e-01,2.445401691698348978e-01,4.571153646613512755e-02,1.000000000000000000e+00
9.952479916775389679e-01,-3.186579643185510208e-02,-9.190621840113614993e-02,0.000000000000000000e+00,-3.394673325441598805e-02,-9.991898201967522875e-01,-2.116765026505411026e-02,0.000000000000000000e+00,-9.115898889792686810e-02,2.418744297854235475e-02,-9.955425688262996564e-01,0.000000000000000000e+00,6.091562770067355803e-01,2.390832445938068651e-01,5.185112559109988917e-02,1.000000000000000000e+00
9.942187968788487318e-01,-4.158500558231321975e-02,-9.889599660604218856e-02,0.000000000000000000e+00,-3.975290215837130187e-02,-9.989911238538309313e-01,2.042518378020061198e-02,0.000000000000000000e+00,-9.964752269923299322e-02,-1.637601405606240249e-02,-9.948880325863517227e-01,0.000000000000000000e+00,6.073305678631691906e-01,2.279667036890898058e-01,6.555243667765979498e-02,1.000000000000000000e+00
9.938988476784033077e-01,-4.579400690832804294e-02,-1.002433858966788049e-01,0.000000000000000000e+00,-4.188064892814270801e-02,-9.982795138733562279e-01,4.080159711753594820e-02,0.000000000000000000e+00,-1.019413498491066189e-01,-3.635510225482556368e-02,-9.941258812298285896e-01,0.000000000000000000e+00,6.063597924249697346e-01,2.221954217904410223e-01,7.302392668684021260e-02,1.000000000000000000e+00
9.936837853080872085e-01,-5.018597393646669069e-02,-1.002728763776514487e-01,0.000000000000000000e+00,-4.216974894741827573e-02,-9.958505931780508025e-01,8.052363157387004700e-02,0.000000000000000000e+00,-1.038999606919970009e-01,-7.578800415992724415e-02,-9.916960101733072186e-01,0.000000000000000000e+00,6.038808234305368394e-01,2.101410709325290949e-01,8.845690974218328728e-02,1.000000000000000000e+00
9.936537223143178110e-01,-5.502844603782960919e-02,-9.800457723377037356e-02,0.000000000000000000e+00,-4.301813475275211018e-02,-9.917467877819785560e-01,1.207000244727794991e-01,0.000000000000000000e+00,-1.038396586781945019e-01,-1.157202824650082201e-01,-9.878391273440300102e-01,0.000000000000000000e+00,6.001916710770961449e-01,1.973000935277076651e-01,1.043115932555032654e-01,1.000000000000000000e+00
9.936035914541906378e-01,-5.808796718292973810e-02,-9.673902014749209688e-02,0.000000000000000000e+00,-4.407067355022935284e-02,-9.889898143276336651e-01,1.412008137024366727e-01,0.000000000000000000e+00,-1.038779737793468355e-01,-1.360369009663995321e-01,-9.852427762429701863e-01,0.000000000000000000e+00,5.978075318871407529e-01,1.904184449652137623e-01,1.122824473694664371e-01,1.000000000000000000e+00
9.934955483182713598e-01,-6.173468743051958169e-02,-9.558331831884533947e-02,0.000000000000000000e+00,-4.569617130167961255e-02,-9.857692478739674691e-01,1.617145533820882053e-01,0.000000000000000000e+00,-1.042084995510121764e-01,-1.562979064149342678e-01,-9.821973086257338448e-01,0.000000000000000000e+00,5.950405496481059320e-01,1.832541351386175466e-01,1.202602711135593166e-01,1.000000000000000000e+00
9.931530002257541456e-01,-6.996217331001045037e-02,-9.345137425170133016e-02,0.000000000000000000e+00,-4.984364522981612339e-02,-9.780089637036832872e-01,2.024717877795817744e-01,0.000000000000000000e+00,-1.055636804235822179e-01,-1.964312882609219602e-01,-9.748184745723597056e-01,0.000000000000000000e+00,5.882689182052539545e-01,1.687165385487513769e-01,1.360269163314145324e-01,1.000000000000000000e+00
9.929340949383970161e-01,-7.854461226909444094e-02,-8.884466159298395893e-02,0.000000000000000000e+00,-5.519919087332729457e-02,-9.692084397055327205e-01,2.399349841763495361e-01,0.000000000000000000e+00,-1.049566168807384986e-01,-2.333399654412617041e-01,-9.667143161766152959e-01,0.000000000000000000e+00,5.805605233929476139e-01,1.545982604021446105e-01,1.513112945513420127e-01,1.000000000000000000e+00
9.929886810323051982e-01,-8.234238396420345829e-02,-8.469922104732122148e-02,0.000000000000000000e+00,-5.885453490183666092e-02,-9.665363827276203246e-01,2.496483756937019349e-01,0.000000000000000000e+00,-1.024234931079670285e-01,-2.429177549601930497e-01,-9.646244825758165664e-01,0.000000000000000000e+00,5.794753276383286522e-01,1.503407831333791744e-01,1.569595100045413638e-01,1.000000000000000000e+00
9.934520649793758817e-01,-8.402757040304502378e-02,-7.728589070188146559e-02,0.000000000000000000e+00,-6.253958743206966542e-02,-9.668979963611475936e-01,2.473414877003714540e-01,0.000000000000000000e+00,-9.551291605758142900e-02,-2.408931219312640537e-01,-9.658404561170473857e-01,0.000000000000000000e+00,5.824450540646944896e-01,1.503601761118068536e-01,1.601794852840176531e-01,1.000000000000000000e+00
9.932087128571834844e-01,-8.387871869901511457e-02,-8.050813719865441975e-02,0.000000000000000000e+00,-6.151055504898361032e-02,-9.667079886403844302e-01,2.483402166738944428e-01,0.000000000000000000e+00,-9.866021807146278799e-02,-2.417062203420426714e-01,-9.653208090671492325e-01,0.000000000000000000e+00,5.812920063902863310e-01,1.500726671216166264e-01,1.587405854210902911e-01,1.000000000000000000e+00
9.931283468851537233e-01,-8.435473376692091685e-02,-8.100069385802864674e-02,0.000000000000000000e+00,-6.183267136157749588e-02,-9.666344926097606427e-01,2.485462237704892940e-01,0.000000000000000000e+00,-9.926602632203866683e-02,-2.418344671172369398e-01,-9.652265778211632785e-01,0.000000000000000000e+00,5.812747393894435177e-01,1.497610353158159435e-01,1.583958818525839918e-01,1.000000000000000000e+00
9.934296077799208424e-01,-8.486508996873018407e-02,-7.665688352679303486e-02,0.000000000000000000e+00,-6.324031344650386799e-02,-9.661554304112158764e-01,2.500501828499925305e-01,0.000000000000000000e+00,-9.528483009032021056e-02,-2.435641390963311503e-01,-9.651928881321711895e-01,0.000000000000000000e+00,5.820079896811876097e-01,1.493294480450448325e-01,1.614239353058012083e-01,1.000000000000000000e+00
9.934540438629039238e-01,-8.471578023977424654e-02,-7.650520382312112067e-02,0.000000000000000000e+00,-6.270095449229255713e-02,-9.650493363144116987e-01,2.544191731888083008e-01,0.000000000000000000e+00,-9.538645142352270012e-02,-2.479615811661598501e-01,-9.640624871606642277e-01,0.000000000000000000e+00,5.811736494804224940e-01,1.485643741402768725e-01,1.638283022642751108e-01,1.000000000000000000e+00
9.935518369847972098e-01,-8.424381165566072194e-02,-7.575271825531432190e-02,0.000000000000000000e+00,-6.193875246138635937e-02,-9.637657595786472964e-01,2.594222398109470307e-01,0.000000000000000000e+00,-9.486442079346874001e-02,-2.530622862877822676e-01,-9.627877340963170161e-01,0.000000000000000000e+00,5.806066656371433599e-01,1.476794525477308495e-01,1.670822967030666517e-01,1.000000000000000000e+00
9.933960729907036491e-01,-8.631846439723532549e-02,-7.545933853380940026e-02,0.000000000000000000e+00,-6.340628010958244964e-02,-9.619648392314329444e-01,2.656765677027552175e-01,0.000000000000000000e+00,-9.552386294198635108e-02,-2.591424523808441016e-01,-9.611037306049138307e-01,0.000000000000000000e+00,5.802971271438903678e-01,1.462128904623595238e-01,1.707441724982846076e-01,1.000000000000000000e+00
9.927478591873993841e-01,-8.865583955455796916e-02,-8.107143203940891940e-02,0.000000000000000000e+00,-6.213702111753403173e-02,-9.564800281782762648e-01,2.850713826464025269e-01,0.000000000000000000e+00,-1.028184279363532488e-01,-2.779718193720461805e-01,-9.550706981745862301e-01,0.000000000000000000e+00,5.770440350398055029e-01,1.423354920809236090e-01,1.789265670274481634e-01,1.000000000000000000e+00
9.903952476647461811e-01,-1.018592757294168039e-01,-9.339533313915183987e-02,0.000000000000000000e+00,-6.760684435192060304e-02,-9.465393612423831371e-01,3.153938793268584728e-01,0.000000000000000000e+00,-1.205304716753558686e-01,-3.060563280098536065e-01,-9.443526510170028310e-01,0.000000000000000000e+00,5.722492237899285961e-01,1.334569489297783851e-01,1.890144180682128139e-01,1.000000000000000000e+00
9.890299643577430411e-01,-1.075294814123962939e-01,-1.011824447763097212e-01,0.000000000000000000e+00,-6.824662020992111611e-02,-9.406120587773026953e-01,3.325238346552850111e-01,0.000000000000000000e+00,-1.309320640388736134e-01,-3.219768755092493606e-01,-9.376500873160635852e-01,0.000000000000000000e+00,5.693107953192245718e-01,1.283142915619387425e-01,1.949796787444384727e-01,1.000000000000000000e+00
9.878852947902073689e-01,-1.125833655407311867e-01,-1.067163391519569127e-01,0.000000000000000000e+00,-6.899734580130552353e-02,-9.350415616150079545e-01,3.477317805811690477e-01,0.000000000000000000e+00,-1.389357015165688936e-01,-3.361624405809135463e-01,-9.314996963965059829e-01,0.000000000000000000e+00,5.666476766565828882e-01,1.230773017342590703e-01,2.014903395788626150e-01,1.000000000000000000e+00
9.878754758348700094e-01,-9.186606733479506237e-02,-1.250736455760233512e-01,0.000000000000000000e+00,-3.778529238540503238e-02,-9.240831673013860659e-01,3.802937265993173166e-01,0.000000000000000000e+00,-1.505174375716910873e-01,-3.709640440609064949e-01,-9.163679277456352468e-01,0.000000000000000000e+00,5.599123274790114291e-01,1.095904572552532374e-01,2.232461639155871036e-01,1.000000000000000000e+00
9.875959746793279148e-01,-8.067780694991430468e-02,-1.346329423437993833e-01,0.000000000000000000e+00,-2.195742223420230760e-02,-9.203531212537550132e-01,3.904468602876814964e-01,0.000000000000000000e+00,-1.554132373145937773e-01,-3.826549224776459313e-01,-9.107260488044823799e-01,0.000000000000000000e+00,5.568183963291637451e-01,1.046676998345297122e-01,2.309652486498885160e-01,1.000000000000000000e+00
9.864887045211407912e-01,-7.278029890787277023e-02,-1.467099548234228334e-01,0.000000000000000000e+00,-7.643844401795657842e-03,-9.153034093326321008e-01,4.026685825937129093e-01,0.000000000000000000e+00,-1.635936113188557472e-01,-3.961142067533264255e-01,-9.035101911676692854e-01,0.000000000000000000e+00,5.526904998258921342e-01,9.851944120471564648e-02,2.392468641612531532e-01,1.000000000000000000e+00
9.822049895296457445e-01,-6.325788268256465896e-02,-1.767838955414095248e-01,0.000000000000000000e+00,1.824844483470568213e-02,-9.049103472773128987e-01,4.251881989810816220e-01,0.000000000000000000e+00,-1.868736794139806978e-01,-4.208561044779505211e-01,-8.876701905921620117e-01,0.000000000000000000e+00,5.433453182161044337e-01,8.462384468020037187e-02,2.549642523869945498e-01,1.000000000000000000e+00
9.793613887894634384e-01,-6.057176171479723009e-02,-1.927772775312162346e-01,0.000000000000000000e+00,2.950796337432406644e-02,-9.009098540094938601e-01,4.329797477334249578e-01,0.000000000000000000e+00,-1.999051438575213113e-01,-4.297403857368130020e-01,-8.805459297084273773e-01,0.000000000000000000e+00,5.381167986308761364e-01,7.802192996973014716e-02,2.627910845872041268e-01,1.000000000000000000e+00
9.719942755805370815e-01,-5.268760620796861943e-02,-2.289801111274712975e-01,0.000000000000000000e+00,5.382201689047066279e-02,-8.986870700644420396e-01,4.352533601226288296e-01,0.000000000000000000e+00,-2.287183263475462969e-01,-4.353963286036020008e-01,-8.706996980769440286e-01,0.000000000000000000e+00,5.277318594011147779e-01,6.544189524216169340e-02,2.776374758284450017e-01,1.000000000000000000e+00
9.602474556791975591e-01,-4.010667851113403765e-02,-2.762191613585855410e-01,0.000000000000000000e+00,8.355861074894235796e-02,-9.029198053259294143e-01,4.215857334174166193e-01,0.000000000000000000e+00,-2.663172823091847219e-01,-4.279153559467067103e-01,-8.636918161522970649e-01,0.000000000000000000e+00,5.150103022477926507e-01,5.488520235575945760e-02,2.913165522192956991e-01,1.000000000000000000e+00
9.516863771112982207e-01,-3.538096862160002021e-02,-3.049950386176428774e-01,0.000000000000000000e+00,9.800816135139586716e-02,-9.063590197383626368e-01,4.109604294194776353e-01,0.000000000000000000e+00,-2.909807845663523462e-01,-4.210055508280011738e-01,-8.591184488678852427e-01,0.000000000000000000e+00,5.072856635689126925e-01,4.940998709957711288e-02,2.977386136771850711e-01,1.000000000000000000e+00
9.414133438429201917e-01,-3.049410112037642326e-02,-3.358448640854285183e-01,0.000000000000000000e+00,1.125409004700261978e-01,-9.103899700341729906e-01,3.981273603807973793e-01,0.000000000000000000e+00,-3.178964522289051131e-01,-4.126066369901936759e-01,-8.536378674660104471e-01,0.000000000000000000e+00,4.989675677478258575e-01,4.400456051748993097e-02,3.040265969021270775e-01,1.000000000000000000e+00
9.300050742859836683e-01,-2.707103301211075119e-02,-3.665221246735149707e-01,0.000000000000000000e+00,1.249883376040382132e-01,-9.145341629837785424e-01,3.846893904174472079e-01,0.000000000000000000e+00,-3.456175979004850185e-01,-4.035818463714091475e-01,-8.471541591121081183e-01,0.000000000000000000e+00,4.903690452418342782e-01,3.855695050523210571e-02,3.103745950274667265e-01,1.000000000000000000e+00
9.057732569224334895e-01,-1.891214525851741754e-02,-4.233177113080150988e-01,0.000000000000000000e+00,1.468767349802944377e-01,-9.230494578550865192e-01,3.555104358189327129e-01,0.000000000000000000e+00,-3.974743015384405997e-01,-3.841947655576573029e-01,-8.333118034293198750e-01,0.000000000000000000e+00,4.740712606208846713e-01,2.770727885589940181e-02,3.231213398656861968e-01,1.000000000000000000e+00
8.802917524031661500e-01,8.658422414944107540e-04,-4.744116649803034602e-01,0.000000000000000000e+00,1.755497353433894958e-01,-9.296013869511189354e-01,3.240436678915828428e-01,0.000000000000000000e+00,-4.407416566983883288e-01,-3.685429060875199392e-01,-8.184881907659544709e-01,0.000000000000000000e+00,4.600347913338426742e-01,1.677763749741996435e-02,3.362826475485751754e-01,1.000000000000000000e+00
8.669726997793407719e-01,1.157018521048319704e-02,-4.982019826864647616e-01,0.000000000000000000e+00,1.904454404566342796e-01,-9.315297164629753324e-01,3.097800323728043814e-01,0.000000000000000000e+00,-4.605146056573495850e-01,-3.634581247282561156e-01,-8.098299139605026342e-01,0.000000000000000000e+00,4.534667731599749119e-01,1.094652089551834302e-02,3.429060650171437685e-01,1.000000000000000000e+00
8.535919347957527936e-01,2.197203148807490639e-02,-5.204601671455161283e-01,0.000000000000000000e+00,2.048493058823080415e-01,-9.327659160638864799e-01,2.965893703594978947e-01,0.000000000000000000e+00,-4.789600550629410924e-01,-3.597891255197447902e-01,-8.007178347032379850e-01,0.000000000000000000e+00,4.473741341573798103e-01,4.643541697655152560e-03,3.491122590711344120e-01,1.000000000000000000e+00
8.406186360118593770e-01,3.060745669785491438e-02,-5.407441532603551870e-01,0.000000000000000000e+00,2.176460616084336386e-01,-9.333230921230138977e-01,2.855152263496335552e-01,0.000000000000000000e+00,-4.959596590016323026e-01,-3.577071424005009437e-01,-7.912456109948745597e-01,0.000000000000000000e+00,4.416679286427436790e-01,-1.857105369378898299e-03,3.548713836675368993e-01,1.000000000000000000e+00
8.142697377181369323e-01,3.996804001255062355e-02,-5.790924769975861475e-01,0.000000000000000000e+00,2.348474428103330680e-01,-9.350061520457458863e-01,2.656895201984137977e-01,0.000000000000000000e+00,-5.308461596555020812e-01,-3.523481070929196379e-01,-7.707484454781868832e-01,0.000000000000000000e+00,4.301692161662933889e-01,-1.471866966669154071e-02,3.648780523236857531e-01,1.000000000000000000e+00
7.829694616085137726e-01,4.428669553495345745e-02,-6.204661615980976430e-01,0.000000000000000000e+00,2.456391854331906044e-01,-9.384008995021287936e-01,2.429935992871464501e-01,0.000000000000000000e+00,-5.714956236674172407e-01,-3.426739676677398871e-01,-7.456321506023184664e-01,0.000000000000000000e+00,4.172497159313124371e-01,-2.716135491919296346e-02,3.723233593917999462e-01,1.000000000000000000e+00
7.636802200201695534e-01,4.955309778188445036e-02,-6.436751967812432973e-01,0.000000000000000000e+00,2.524368425180036346e-01,-9.405776507250570573e-01,2.270904454116936255e-01,0.000000000000000000e+00,-5.941849092724321713e-01,-3.359182830669821818e-01,-7.308236454126550985e-01,0.000000000000000000e+00,4.099676674332672355e-01,-3.297675051038422706e-02,3.752715528666366596e-01,1.000000000000000000e+00
7.420459434110636687e-01,6.045243667585555036e-02,-6.676032262267345141e-01,0.000000000000000000e+00,2.620693421753242380e-01,-9.428137810997649915e-01,2.059188698525835359e-01,0.000000000000000000e+00,-6.169891035052655903e-01,-3.277659108867277404e-01,-7.154676469389529281e-01,0.000000000000000000e+00,4.026061275724316935e-01,-3.862763384452203713e-02,3.777069994749410187e-01,1.000000000000000000e+00
6.589268510022783243e-01,1.560270285988776540e-01,-7.358340290283089669e-01,0.000000000000000000e+00,3.212386830807877902e-01,-9.429159294512134970e-01,8.772687946623523858e-02,0.000000000000000000e+00,-6.801549581622938767e-01,-2.941896149477472577e-01,-6.714474687897367122e-01,0.000000000000000000e+00,3.827123180306856720e-01,-5.472227770545010778e-02,3.825624292058648623e-01,1.000000000000000000e+00
6.271354025212771965e-01,2.075043829617295998e-01,-7.507488693680168801e-01,0.000000000000000000e+00,3.478961876465044845e-01,-9.369889652257641366e-01,3.163334581399811912e-02,0.000000000000000000e+00,-6.968927656946670712e-01,-2.810264712236268392e-01,-6.598216392283855480e-01,0.000000000000000000e+00,3.777581679482034382e-01,-6.098129641776423721e-02,3.836140181089748302e-01,1.000000000000000000e+00
5.958316372988760046e-01,2.623479566396724194e-01,-7.590381785799299452e-01,0.000000000000000000e+00,3.734092831427216486e-01,-9.272525110921251423e-01,-2.736850082477030460e-02,0.000000000000000000e+00,-7.110138165899558826e-01,-2.671300265654418804e-01,-6.504620677067426415e-01,0.000000000000000000e+00,3.738488211102620196e-01,-6.736369035099593061e-02,3.843827648936690711e-01,1.000000000000000000e+00
5.271373843286315530e-01,3.842306657072006582e-01,-7.579404465224018894e-01,0.000000000000000000e+00,4.210912501369012961e-01,-8.928289557594493164e-01,-1.597478066104228711e-01,0.000000000000000000e+00,-7.381053942917097377e-01,-2.349575728879477188e-01,-6.324518684137822033e-01,0.000000000000000000e+00,3.663377026939247938e-01,-8.135905017066255573e-02,3.856878949266219214e-01,1.000000000000000000e+00
4.938005912076611770e-01,4.449007816507744573e-01,-7.471311916328366998e-01,0.000000000000000000e+00,4.412027865361616286e-01,-8.685732519695598119e-01,-2.256132842209389866e-01,0.000000000000000000e+00,-7.493281221534825454e-01,-2.182325921775455646e-01,-6.252054870691752253e-01,0.000000000000000000e+00,3.631450593049126430e-01,-8.844526874206587452e-02,3.860450779330790727e-01,1.000000000000000000e+00
4.359630731345842114e-01,5.541768163013660597e-01,-7.090874431537619316e-01,0.000000000000000000e+00,4.717649995428335186e-01,-8.117023924501048926e-01,-3.443221720980723655e-01,0.000000000000000000e+00,-7.663980947177484460e-01,-1.844144355483589293e-01,-6.153253418919013562e-01,0.000000000000000000e+00,3.583485749890130134e-01,-1.027474386354742808e-01,3.864999913060008785e-01,1.000000000000000000e+00
3.949839795396721254e-01,6.402440403276211667e-01,-6.588292431527121851e-01,0.000000000000000000e+00,4.950797298251113920e-01,-7.524424938178856381e-01,-4.344043065102185519e-01,0.000000000000000000e+00,-7.738707864645015810e-01,-1.545932383852408609e-01,-6.141864020819558512e-01,0.000000000000000000e+00,3.567807577896135451e-01,-1.163461206465853520e-01,3.869597896411214322e-01,1.000000000000000000e+00
3.765883127424834442e-01,6.799010867178926221e-01,-6.292030688790437587e-01,0.000000000000000000e+00,5.076816359691379565e-01,-7.195998468907828238e-01,-4.737258318433459903e-01,0.000000000000000000e+00,-7.748760586705079056e-01,-1.410379470664282486e-01,-6.161780515293830973e-01,0.000000000000000000e+00,3.570122811225286963e-01,-1.228026028351573012e-01,3.876140289270392225e-01,1.000000000000000000e+00
3.558115563481296650e-01,7.202753571519129316e-01,-5.954681294158523652e-01,0.000000000000000000e+00,5.226182551045827074e-01,-6.815790048816667834e-01,-5.121532645968064346e-01,0.000000000000000000e+00,-7.747648672845172113e-01,-1.289749477681485790e-01,-6.189546536458125914e-01,0.000000000000000000e+00,3.577786306653141790e-01,-1.290045138605757924e-01,3.888298372479104814e-01,1.000000000000000000e+00
3.071554941706856612e-01,7.973588649834004727e-01,-5.194757835879872943e-01,0.000000000000000000e+00,5.503198076612851875e-01,-5.941606925843435638e-01,-5.866020180535925777e-01,0.000000000000000000e+00,-7.763993587631740079e-01,-1.057018156595632280e-01,-6.213140605832155883e-01,0.000000000000000000e+00,3.592642721312540588e-01,-1.412294423671754395e-01,3.925794788369112998e-01,1.000000000000000000e+00
2.607625480218839220e-01,8.542415507581716527e-01,-4.497277102965940854e-01,0.000000000000000000e+00,5.599943152658806156e-01,-5.133068212567203359e-01,-6.503100960483599868e-01,0.000000000000000000e+00,-7.863853466802223080e-01,-8.227002748667394672e-02,-6.122333943064265371e-01,0.000000000000000000e+00,3.595106734962348893e-01,-1.529122789769481461e-01,3.971580574220779924e-01,1.000000000000000000e+00
2.433205497877655443e-01,8.738784480307846270e-01,-4.208471397306803863e-01,0.000000000000000000e+00,5.563496853440961232e-01,-4.811596373410652050e-01,-6.774519746170558632e-01,0.000000000000000000e+00,-7.945206343068466071e-01,-6.930152111753001831e-02,-6.032696418944373251e-01,0.000000000000000000e+00,3.595263624782340517e-01,-1.578581123825315013e-01,3.991293645054381223e-01,1.000000000000000000e+00
2.300755498849613168e-01,8.891691246430741824e-01,-3.955050644780800928e-01,0.000000000000000000e+00,5.487478371836660429e-01,-4.541723621064212568e-01,-7.018433041542327944e-01,0.000000000000000000e+00,-8.037003394725188432e-01,-5.555663422853689137e-02,-5.924349962020766247e-01,0.000000000000000000e+00,3.597927131254952116e-01,-1.624288362107559058e-01,4.006019378941113596e-01,1.000000000000000000e+00
2.178724394431347244e-01,9.025817710169156127e-01,-3.712930024391437600e-01,0.000000000000000000e+00,5.388705763467318555e-01,-4.284365949331763734e-01,-7.252870693532421642e-01,0.000000000000000000e+00,-8.137220639113454945e-01,-4.205962089937345660e-02,-5.797304468403062794e-01,0.000000000000000000e+00,3.604745303742709073e-01,-1.663653276033966177e-01,4.015571978130403896e-01,1.000000000000000000e+00
1.923237448385118342e-01,9.261766508095087280e-01,-3.243287461323473009e-01,0.000000000000000000e+00,5.172119092010389885e-01,-3.765371319667799033e-01,-7.685651411117057075e-01,0.000000000000000000e+00,-8.339649606166085194e-01,-1.993374769136154606e-02,-5.514572423739809715e-01,0.000000000000000000e+00,3.631160694464431460e-01,-1.733033695521646878e-01,4.017069224880689959e-01,1.000000000000000000e+00
1.628512202494242223e-01,9.454293879161538294e-01,-2.821763622789273951e-01,0.000000000000000000e+00,4.933876039498337196e-01,-3.257021947387882532e-01,-8.065156536064175263e-01,0.000000000000000000e+00,-8.544255115703506265e-01,-7.880412658376649906e-03,-5.195141425159458537e-01,0.000000000000000000e+00,3.669818782093726695e-01,-1.795259310404087871e-01,3.999172639014949571e-01,1.000000000000000000e+00
1.450414404996710482e-01,9.540096145962172480e-01,-2.623154259607420880e-01,0.000000000000000000e+00,4.796056519177426258e-01,-2.996799624446500609e-01,-8.247127291723697073e-01,0.000000000000000000e+00,-8.654112117584500385e-01,-6.190557825827900165e-03,-5.010240628518517481e-01,0.000000000000000000e+00,3.688592737761773321e-01,-1.825811961574228814e-01,3.990890788478059781e-01,1.000000000000000000e+00
1.248976301319884158e-01,9.622519935283795345e-01,-2.417693732450013067e-01,0.000000000000000000e+00,4.642165830080168254e-01,-2.720357420930444858e-01,-8.428999145719826558e-01,0.000000000000000000e+00,-8.768689164517411427e-01,-6.957284504574044216e-03,-4.806792064912644435e-01,0.000000000000000000e+00,3.704695833507077318e-01,-1.857154980062042382e-01,3.986341887820928909e-01,1.000000000000000000e+00
1.037126157447144092e-01,9.695536485326348153e-01,-2.217885543792863789e-01,0.000000000000000000e+00,4.483786187533141399e-01,-2.446236547454764820e-01,-8.597072924461235388e-01,0.000000000000000000e+00,-8.878041617954636200e-01,-1.028295157216767459e-02,-4.601065433197174537e-01,0.000000000000000000e+00,3.721275551932587411e-01,-1.889189205778148140e-01,3.983493856860725879e-01,1.000000000000000000e+00
6.205130258696070489e-02,9.813412811623930532e-01,-1.819331543040544896e-01,0.000000000000000000e+00,4.201582328094257690e-01,-1.910295670325106165e-01,-8.871051295213214782e-01,0.000000000000000000e+00,-9.053249263359918197e-01,-2.139509570535491623e-02,-4.241804187306266183e-01,0.000000000000000000e+00,3.763077502810147079e-01,-1.952752044097524342e-01,3.978334310089859382e-01,1.000000000000000000e+00
2.888981202795912889e-02,9.876417586971754092e-01,-1.539801355362045154e-01,0.000000000000000000e+00,3.982210439624682130e-01,-1.526640258236348913e-01,-9.044857335889665562e-01,0.000000000000000000e+00,-9.168327598978394111e-01,-3.518838498280619370e-02,-3.977178245193604411e-01,0.000000000000000000e+00,3.816222961517435897e-01,-2.014356934520092346e-01,3.957607297394705737e-01,1.000000000000000000e+00
1.714502910116582832e-02,9.895487291632235616e-01,-1.431087261133224542e-01,0.000000000000000000e+00,3.899578349304336222e-01,-1.384129026365830684e-01,-9.103600948313215202e-01,0.000000000000000000e+00,-9.206714948744600946e-01,-4.019899263155708724e-02,-3.882628484893128062e-01,0.000000000000000000e+00,3.843324238381053970e-01,-2.038793661530984291e-01,3.942357683402522017e-01,1.000000000000000000e+00
8.557161744749094620e-03,9.914091264050568508e-01,-1.304433438886198893e-01,0.000000000000000000e+00,3.817714872543554461e-01,-1.238057182238355841e-01,-9.159167115823828587e-01,0.000000000000000000e+00,-9.242156127818297318e-01,-4.196270986525920538e-02,-3.795584698976842142e-01,0.000000000000000000e+00,3.867173662870013739e-01,-2.056172269919967210e-01,3.919764874744922079e-01,1.000000000000000000e+00
2.341994252986445181e-03,9.943383937254099969e-01,-1.061433970047061248e-01,0.000000000000000000e+00,3.649754898303869122e-01,-9.967135591240308679e-02,-9.256561238034676231e-01,0.000000000000000000e+00,-9.310128044669376823e-01,-3.657256112699682621e-02,-3.631495638042539498e-01,0.000000000000000000e+00,3.923902453343092178e-01,-2.080221140482766129e-01,3.840361521791359478e-01,1.000000000000000000e+00
2.290819097437548409e-03,9.947524056878973564e-01,-1.021917336540106303e-01,0.000000000000000000e+00,3.594541946966837709e-01,-9.618073761213051520e-02,-9.281824683372086326e-01,0.000000000000000000e+00,-9.331585858109149312e-01,-3.460761550472703230e-02,-3.577951462449573405e-01,0.000000000000000000e+00,3.936034903213106451e-01,-2.085823874606864692e-01,3.815352850106452642e-01,1.000000000000000000e+00
-1.067305547673410042e-03,9.964232259024564664e-01,-8.438224127278276532e-02,0.000000000000000000e+00,3.486553299747789381e-01,-7.871647621125558991e-02,-9.339292929094091811e-01,0.000000000000000000e+00,-9.372491564439965339e-01,-3.041769172525425960e-02,-3.473309412867272017e-01,0.000000000000000000e+00,3.950774719130245027e-01,-2.093130075781616251e-01,3.780213615087987256e-01,1.000000000000000000e+00
-3.578107735450922026e-03,9.972683460250348908e-01,-7.364638526589770140e-02,0.000000000000000000e+00,3.440022310562090291e-01,-6.792440010527257821e-02,-9.364985252523880810e-01,0.000000000000000000e+00,-9.389607997774810366e-01,-2.868596575187045208e-02,-3.428260956375926427e-01,0.000000000000000000e+00,3.956200963480213106e-01,-2.095475807104853483e-01,3.766542471837706629e-01,1.000000000000000000e+00
-6.332623753738340737e-03,9.979655222379003598e-01,-6.328871306984308609e-02,0.000000000000000000e+00,3.407336228881764351e-01,-5.734899420677834481e-02,-9.383988693504363710e-01,0.000000000000000000e+00,-9.401373623154747339e-01,-2.750764907023271061e-02,-3.396837782719849819e-01,0.000000000000000000e+00,3.961056440012040158e-01,-2.097772135638377444e-01,3.754952966079066479e-01,1.000000000000000000e+00
-1.249130719205078684e-02,9.989162616238680403e-01,-4.462080690930996657e-02,0.000000000000000000e+00,3.373444253106647195e-01,-3.779795349168905971e-02,-9.406119286532920176e-01,0.000000000000000000e+00,-9.412972494824193292e-01,-2.680256904554466357e-02,-3.365131652839020715e-01,0.000000000000000000e+00,3.967838115853006831e-01,-2.101144671472424674e-01,3.734919733315244517e-01,1.000000000000000000e+00
-1.553541314056548599e-02,9.992229810138690826e-01,-3.595597382240271062e-02,0.000000000000000000e+00,3.353388098396026806e-01,-2.867062973370212292e-02,-9.416510099326819150e-01,0.000000000000000000e+00,-9.419683454414451429e-01,-2.668688474699183744e-02,-3.346392779827359054e-01,0.000000000000000000e+00,3.969259513368512127e-01,-2.101102405933107653e-01,3.725016487346414218e-01,1.000000000000000000e+00
-1.573007921787632907e-02,9.992318024213420191e-01,-3.562466194651864315e-02,0.000000000000000000e+00,3.351732427922761159e-01,-2.829793713574106293e-02,-9.417212278435588280e-01,0.000000000000000000e+00,-9.420240412027327537e-01,-2.675429808627232189e-02,-3.344770744460421885e-01,0.000000000000000000e+00,3.969545832354423043e-01,-2.100770567606628780e-01,3.724127908438647494e-01,1.000000000000000000e+00
-1.578421467100044398e-02,9.992280077914926784e-01,-3.570705691418552680e-02,0.000000000000000000e+00,3.354329520035192469e-01,-2.835007578861642452e-02,-9.416271846193656758e-01,0.000000000000000000e+00,-9.419306886238292265e-01,-2.684068589654195480e-02,-3.347329613426828221e-01,0.000000000000000000e+00,3.969744537753503444e-01,-2.100574811720804236e-01,3.725222205050782720e-01,1.000000000000000000e+00
-1.573990228598597801e-02,9.992203147660457807e-01,-3.594113153588827936e-02,0.000000000000000000e+00,3.360692454604510271e-01,-2.856733159027151012e-02,-9.413937097318331171e-01,0.000000000000000000e+00,-9.417045919108737451e-01,-2.689667180436109209e-02,-3.353640270211205587e-01,0.000000000000000000e+00,3.969684336283655912e-01,-2.100690290117381842e-01,3.728159956867257985e-01,1.000000000000000000e+00
-1.587344741958681207e-02,9.992064820591227692e-01,-3.626550398460939850e-02,0.000000000000000000e+00,3.372132759345936592e-01,-2.879513818792545088e-02,-9.409775732988572283e-01,0.000000000000000000e+00,-9.412932837237567574e-01,-2.716629047011313511e-02,-3.364950916115134749e-01,0.000000000000000000e+00,3.969521739240712277e-01,-2.099797233397036611e-01,3.733670380168751524e-01,1.000000000000000000e+00
-1.715148492792397880e-02,9.991993398071647992e-01,-3.587830535158231110e-02,0.000000000000000000e+00,3.373270419343459281e-01,-2.799683830349173827e-02,-9.409608869267842568e-01,0.000000000000000000e+00,-9.412300977111957012e-01,-2.824214283252320448e-02,-3.365832505202841496e-01,0.000000000000000000e+00,3.971738212005372914e-01,-2.094674774287909325e-01,3.733529947741955346e-01,1.000000000000000000e+00
-1.814680755204619786e-02,9.991962976636445948e-01,-3.547110108443768395e-02,0.000000000000000000e+00,3.370768670163556968e-01,-2.728590007301102613e-02,-9.410714172053318283e-01,0.000000000000000000e+00,-9.413010597906134036e-01,-2.903448852779526995e-02,-3.363172807231251116e-01,0.000000000000000000e+00,3.973246387583084793e-01,-2.090735918754181022e-01,3.731993147214372475e-01,1.000000000000000000e+00
