9.996637986903593731e-01,2.002392728402670186e-02,1.587699043563204487e-02,0.000000000000000000e+00,2.303965929321541081e-02,-9.749930647044076082e-01,-2.209942188817795861e-01,0.000000000000000000e+00,1.105499623697518002e-02,2.212899813040786756e-01,-9.751453897920251412e-01,0.000000000000000000e+00,6.229105558239660390e-01,2.954110251852363755e-01,2.867122128622887067e-02,1.000000000000000000e+00
9.996640446555217219e-01,2.001684483804240522e-02,1.587043310376521146e-02,0.000000000000000000e+00,2.303125112870734598e-02,-9.749942469428661829e-01,-2.209898794084654006e-01,0.000000000000000000e+00,1.105027359777487929e-02,2.212854130376550321e-01,-9.751464799865550148e-01,0.000000000000000000e+00,6.229101107957020211e-01,2.954065235863597150e-01,2.866921236971994857e-02,1.000000000000000000e+00
9.996640291283506174e-01,2.001433569042303934e-02,1.587457511090548806e-02,0.000000000000000000e+00,2.302966819691296130e-02,-9.749953326897009553e-01,-2.209852540719571268e-01,0.000000000000000000e+00,1.105497642648867532e-02,2.212808560032774041e-01,-9.751474607784541559e-01,0.000000000000000000e+00,6.229134447029665012e-01,2.954007090946798586e-01,2.866925064479308727e-02,1.000000000000000000e+00
9.996637082885816428e-01,2.001469715533998189e-02,1.589431123736152057e-02,0.000000000000000000e+00,2.303446721376361736e-02,-9.749936535103895796e-01,-2.209921623855666539e-01,0.000000000000000000e+00,1.107397458782228943e-02,2.212882220281504053e-01,-9.751455736855130230e-01,0.000000000000000000e+00,6.229194392557667603e-01,2.954027586921754156e-01,2.867936596978487920e-02,1.000000000000000000e+00
9.996639727283014309e-01,2.001653660170716123e-02,1.587535173627714277e-02,0.000000000000000000e+00,2.303202217098984303e-02,-9.749945675239997112e-01,-2.209883846599459689e-01,0.000000000000000000e+00,1.105517245663243178e-02,2.212840283923935281e-01,-9.751467386708466689e-01,0.000000000000000000e+00,6.229133299030769066e-01,2.954022227769622089e-01,2.866922767271206166e-02,1.000000000000000000e+00
9.996640730010726283e-01,2.000928822471585711e-02,1.587817485906031778e-02,0.000000000000000000e+00,2.302555041345711109e-02,-9.749952615292721836e-01,-2.209859971238716803e-01,0.000000000000000000e+00,1.105958567053473389e-02,2.212816260337505947e-01,-9.751472337778820387e-01,0.000000000000000000e+00,6.229151201554685713e-01,2.953999859754766755e-01,2.867140705199421394e-02,1.000000000000000000e+00
9.996639128541019437e-01,2.001563204885620575e-02,1.588026171444952353e-02,0.000000000000000000e+00,2.303219910676131132e-02,-9.749951134774492711e-01,-2.209859574737968457e-01,0.000000000000000000e+00,1.106021690302030035e-02,2.212817046422608513e-01,-9.751472087806400957e-01,0.000000000000000000e+00,6.229151521481317566e-01,2.954000514309541581e-01,2.867141248514086874e-02,1.000000000000000000e+00
9.996641216433681532e-01,2.002895133863404412e-02,1.585029679457454488e-02,0.000000000000000000e+00,2.303855674582866095e-02,-9.749949852117154592e-01,-2.209858606705065454e-01,0.000000000000000000e+00,1.102805716320568591e-02,2.212810646111233182e-01,-9.751477182456884663e-01,0.000000000000000000e+00,6.229011425947142966e-01,2.954073675130663434e-01,2.865801126898031084e-02,1.000000000000000000e+00
9.996642116592399097e-01,2.002075142986385614e-02,1.585497843273556834e-02,0.000000000000000000e+00,2.303153640853279269e-02,-9.749963313157212763e-01,-2.209806533449363564e-01,0.000000000000000000e+00,1.103455952304367715e-02,2.212758753773284015e-01,-9.751488222174755638e-01,0.000000000000000000e+00,6.229045091351100849e-01,2.954022351612170527e-01,2.865958038563840710e-02,1.000000000000000000e+00
9.996646619367643982e-01,1.999414021511987383e-02,1.586016813028099173e-02,0.000000000000000000e+00,2.300652117410502406e-02,-9.750011084608520839e-01,-2.209621808925311959e-01,0.000000000000000000e+00,1.104594534907239051e-02,2.212572310439842316e-01,-9.751529238032842217e-01,0.000000000000000000e+00,6.229163136290980507e-01,2.953760276517946037e-01,2.865526580045434785e-02,1.000000000000000000e+00
9.996659903912673562e-01,1.995549865390403715e-02,1.582506334043382729e-02,0.000000000000000000e+00,2.296076959093322142e-02,-9.750080987482463435e-01,-2.209360933309218455e-01,0.000000000000000000e+00,1.102088719329285572e-02,2.212299135473363987e-01,-9.751594051217014059e-01,0.000000000000000000e+00,6.229163498526452125e-01,2.953443255072864537e-01,2.863021271774459156e-02,1.000000000000000000e+00
9.996660829141624793e-01,1.992083009449175865e-02,1.586285285214793228e-02,0.000000000000000000e+00,2.293509298699013613e-02,-9.750131930134772196e-01,-2.209162779438179902e-01,0.000000000000000000e+00,1.106586822390370761e-02,2.212105852185270172e-01,-9.751632804549850153e-01,0.000000000000000000e+00,6.229397778742081782e-01,2.953170115191226519e-01,2.864375177289829252e-02,1.000000000000000000e+00
9.996695764549218266e-01,1.984686043069035580e-02,1.573489570000406734e-02,0.000000000000000000e+00,2.283378119762795658e-02,-9.750328282011503367e-01,-2.208400988667892362e-01,0.000000000000000000e+00,1.095926823599004465e-02,2.211306727146953310e-01,-9.751826085531251076e-01,0.000000000000000000e+00,6.229233010443390173e-01,2.952364388485204660e-01,2.855998102685164755e-02,1.000000000000000000e+00
9.996724567209130941e-01,1.978893660668721785e-02,1.562447319940154546e-02,0.000000000000000000e+00,2.275152513718514333e-02,-9.750619391985294593e-01,-2.207200256694972773e-01,0.000000000000000000e+00,1.086722376869659994e-02,2.210074659818571374e-01,-9.752115685469688877e-01,0.000000000000000000e+00,6.229099603195900059e-01,2.951442871002190604e-01,2.849231056976559914e-02,1.000000000000000000e+00
9.996852763481858251e-01,1.963029391492894862e-02,1.499155477837052323e-02,0.000000000000000000e+00,2.244620929174705876e-02,-9.752974877876636750e-01,-2.197082722719180536e-01,0.000000000000000000e+00,1.030848622344036382e-02,2.199798637523477096e-01,-9.754499447205272622e-01,0.000000000000000000e+00,6.228384633715734475e-01,2.946155977170841767e-01,2.813433926432550372e-02,1.000000000000000000e+00
9.997191106561895690e-01,1.908815308527795837e-02,1.334500287743431088e-02,0.000000000000000000e+00,2.152684399136517435e-02,-9.760136906643427368e-01,-2.165978243767666400e-01,0.000000000000000000e+00,8.890624252756157767e-03,2.168284347702890136e-01,-9.761692407956025219e-01,0.000000000000000000e+00,6.227542407325568075e-01,2.930586989901493578e-01,2.725714487494595301e-02,1.000000000000000000e+00
9.997699572856271200e-01,1.688317307924350197e-02,1.247949827035902716e-02,0.000000000000000000e+00,1.911199812480152138e-02,-9.779019242864614991e-01,-2.081425110488522301e-01,0.000000000000000000e+00,8.689786638848267381e-03,2.083371486638808667e-01,-9.780184661317878891e-01,0.000000000000000000e+00,6.234325989250312228e-01,2.879962783297672080e-01,2.478633877063077251e-02,1.000000000000000000e+00
9.997352447443973444e-01,1.589962365150902543e-02,1.604335640720874756e-02,0.000000000000000000e+00,1.870493637475210275e-02,-9.809203769147052387e-01,-1.934582291088628725e-01,0.000000000000000000e+00,1.266158595358292741e-02,1.937108295205387243e-01,-9.809769613847232339e-01,0.000000000000000000e+00,6.255240434042834696e-01,2.798749439849116949e-01,2.225367775811754045e-02,1.000000000000000000e+00
9.996455760408864410e-01,1.733245164199718330e-02,1.972448537149850550e-02,0.000000000000000000e+00,2.066251137886475006e-02,-9.827753177769703585e-01,-1.835932523081965917e-01,0.000000000000000000e+00,1.620292816810953510e-02,1.839392812654316589e-01,-9.828040526607201288e-01,0.000000000000000000e+00,6.269209954835743837e-01,2.750818310448071569e-01,2.124348736136666069e-02,1.000000000000000000e+00
9.994960899712796998e-01,2.032576262486486193e-02,2.398283567574382991e-02,0.000000000000000000e+00,2.415801398253036858e-02,-9.847552703174442534e-01,-1.722039338797047292e-01,0.000000000000000000e+00,2.011743486870000777e-02,1.726998612775235142e-01,-9.847690321740564245e-01,0.000000000000000000e+00,6.283101620262158127e-01,2.701032158951589546e-01,2.049200609517203703e-02,1.000000000000000000e+00
9.993018115821777902e-01,2.387074065216680113e-02,2.840464769193373068e-02,0.000000000000000000e+00,2.809985615327363975e-02,-9.868254669327362061e-01,-1.592690892746002340e-01,0.000000000000000000e+00,2.422902508148509770e-02,1.599591356644210483e-01,-9.868262406630116113e-01,0.000000000000000000e+00,6.296987795595386794e-01,2.646832674147827635e-01,1.983632670561433914e-02,1.000000000000000000e+00
9.989898627171179823e-01,2.644223795116448089e-02,3.606673178673452246e-02,0.000000000000000000e+00,3.101232046258904987e-02,-9.906627301574544298e-01,-1.326888765409996451e-01,0.000000000000000000e+00,3.222199650601526022e-02,1.336759292798628818e-01,-9.905011301721626804e-01,0.000000000000000000e+00,6.322368844209796945e-01,2.532804100770956746e-01,1.895240567750176852e-02,1.000000000000000000e+00
9.990459571622779533e-01,1.548210293838093998e-02,4.059836040435330778e-02,0.000000000000000000e+00,1.971026159931869512e-02,-9.941711307758797078e-01,-1.059056902187190258e-01,0.000000000000000000e+00,3.872282060740676185e-02,1.066069084709057035e-01,-9.935469340853919640e-01,0.000000000000000000e+00,6.338768873219543520e-01,2.416534273546927236e-01,1.886116416248051833e-02,1.000000000000000000e+00
9.991097477845739538e-01,7.423536718838595963e-03,4.129588218742327038e-02,0.000000000000000000e+00,1.118464600500673929e-02,-9.957229548256141261e-01,-9.160484609614867602e-02,0.000000000000000000e+00,4.044000449057473523e-02,9.198694553644848337e-02,-9.949386955424321943e-01,0.000000000000000000e+00,6.341628642519099301e-01,2.358756504769413953e-01,1.903993511800962032e-02,1.000000000000000000e+00
9.990729423761470773e-01,-7.118417920278992915e-03,4.222950200261148951e-02,0.000000000000000000e+00,-4.479124695576871401e-03,-9.980398490417399238e-01,-6.226671717627865060e-02,0.000000000000000000e+00,4.259078632379550283e-02,6.202103523322474027e-02,-9.971656914018451889e-01,0.000000000000000000e+00,6.339756613945738417e-01,2.252875706161706348e-01,2.099315704152510120e-02,1.000000000000000000e+00
9.990569970991475257e-01,-1.604516487199210070e-02,4.010506367870322192e-02,0.000000000000000000e+00,-1.493164375845548557e-02,-9.994892304733373756e-01,-2.791184486369017309e-02,0.000000000000000000e+00,4.053320977692285304e-02,2.728721475269636765e-02,-9.988055200168951542e-01,0.000000000000000000e+00,6.323453442596711493e-01,2.149667427763863603e-01,2.416029292114641250e-02,1.000000000000000000e+00
9.990952992463132398e-01,-2.081890509585036450e-02,3.682258974784986816e-02,0.000000000000000000e+00,-2.048338334872691277e-02,-9.997357542552881560e-01,-9.465705013763633935e-03,0.000000000000000000e+00,3.701063771901081517e-02,8.703057722435531690e-03,-9.992769733571930102e-01,0.000000000000000000e+00,6.308809504473421592e-01,2.099940670209687055e-01,2.641555619334116922e-02,1.000000000000000000e+00
9.990786471709528493e-01,-3.374821679168059363e-02,2.614692203011785218e-02,0.000000000000000000e+00,-3.448735415765932094e-02,-9.989932368474733204e-01,2.835281357150665205e-02,0.000000000000000000e+00,2.516422586272738099e-02,-2.922899153535807662e-02,-9.992559370804636742e-01,0.000000000000000000e+00,6.267860758919568953e-01,2.003249038651446212e-01,3.224386577310917740e-02,1.000000000000000000e+00
9.990553888674462701e-01,-3.876393796150124499e-02,1.914246561550376341e-02,0.000000000000000000e+00,-3.964938742666100635e-02,-9.980372266316419605e-01,4.827387735949295600e-02,0.000000000000000000e+00,1.723393951340454477e-02,-4.898820752781744142e-02,-9.986506630709557353e-01,0.000000000000000000e+00,6.242382092782092773e-01,1.956620577978542275e-01,3.593109704374962410e-02,1.000000000000000000e+00
9.989943423705839320e-01,-4.310538305792913083e-02,1.153155515106605265e-02,0.000000000000000000e+00,-4.379680921755439715e-02,-9.966748824207229962e-01,6.856941851297490564e-02,0.000000000000000000e+00,8.537664699757498837e-03,-6.900683507044864939e-02,-9.975796534588274866e-01,0.000000000000000000e+00,6.214985690514185368e-01,1.910855604301510691e-01,4.028557024743353865e-02,1.000000000000000000e+00
9.985519508264882882e-01,-5.353246039263973022e-02,-3.004011673222146007e-03,0.000000000000000000e+00,-5.288739082153551957e-02,-9.926319513142605189e-01,1.089287841818765701e-01,0.000000000000000000e+00,-8.813273476621075880e-03,-1.086142667677846563e-01,-9.940449020366850519e-01,0.000000000000000000e+00,6.160517437585132372e-01,1.825876541749622273e-01,5.111111654669837912e-02,1.000000000000000000e+00
9.981795237924317998e-01,-5.888766005459866032e-02,-1.227308746877075682e-02,0.000000000000000000e+00,-5.640844158810544295e-02,-9.872138615001095907e-01,1.490222341828627839e-01,0.000000000000000000e+00,-2.089213497804975547e-02,-1.480614876559955273e-01,-9.887574599309743029e-01,0.000000000000000000e+00,6.114715009383602240e-01,1.742738957738592664e-01,6.478076020108650135e-02,1.000000000000000000e+00
9.980641784215481538e-01,-6.010612019794699112e-02,-1.535893771320502761e-02,0.000000000000000000e+00,-5.667601320821640670e-02,-9.841023914086847180e-01,1.682589066044891390e-01,0.000000000000000000e+00,-2.522864312736507880e-02,-1.670659205622929688e-01,-9.856228963212176897e-01,0.000000000000000000e+00,6.093518450979632517e-01,1.701699780438232223e-01,7.218024236380592151e-02,1.000000000000000000e+00
9.980058806498253166e-01,-6.075812907791165035e-02,-1.653659095844462953e-02,0.000000000000000000e+00,-5.662569905464852338e-02,-9.808427653818411196e-01,1.863377221763841685e-01,0.000000000000000000e+00,-2.754185724784448744e-02,-1.850333089604992431e-01,-9.823462325852670984e-01,0.000000000000000000e+00,6.076855646852175052e-01,1.661384815430509698e-01,8.013819129938000441e-02,1.000000000000000000e+00
9.979369615586739517e-01,-6.182751520544125384e-02,-1.673098980248973952e-02,0.000000000000000000e+00,-5.712058637425687646e-02,-9.772386336911609295e-01,2.042612012470853000e-01,0.000000000000000000e+00,-2.897969008970789975e-02,-2.028880248118865859e-01,-9.787730211597762686e-01,0.000000000000000000e+00,6.061111864368670110e-01,1.620033934662417074e-01,8.858978633764225119e-02,1.000000000000000000e+00
9.976725470709157939e-01,-6.566119458754408889e-02,-1.785618233487421339e-02,0.000000000000000000e+00,-5.942013827135738530e-02,-9.685455338392283675e-01,2.415978951669595920e-01,0.000000000000000000e+00,-3.315877046744391404e-02,-2.399791909579273019e-01,-9.702115665401366273e-01,0.000000000000000000e+00,6.023549312066611705e-01,1.531001000285993063e-01,1.058268990477030380e-01,1.000000000000000000e+00
9.971781270173953882e-01,-7.174990522312604813e-02,-2.164442190865478038e-02,0.000000000000000000e+00,-6.280099539116973384e-02,-9.576079490076838674e-01,2.811117177856230498e-01,0.000000000000000000e+00,-4.089739698125693934e-02,-2.789645359153496429e-01,-9.594301384789257758e-01,0.000000000000000000e+00,5.969853972301981671e-01,1.434761153420041069e-01,1.228812168956058409e-01,1.000000000000000000e+00
9.968037576095061247e-01,-7.562335805023488733e-02,-2.537958695455036495e-02,0.000000000000000000e+00,-6.445466501496428802e-02,-9.510306768468678174e-01,3.022697384046337254e-01,0.000000000000000000e+00,-4.699632323945836937e-02,-2.996735479224310605e-01,-9.528835764549384857e-01,0.000000000000000000e+00,5.933411244220527792e-01,1.382719136780589941e-01,1.311355656296354366e-01,1.000000000000000000e+00
9.963852694701919033e-01,-7.975366808833611598e-02,-2.892220791152198128e-02,0.000000000000000000e+00,-6.618307184137303678e-02,-9.440262729943572628e-01,3.231330125493703798e-01,0.000000000000000000e+00,-5.307538903843723316e-02,-3.200569753082643798e-01,-9.459104268560230011e-01,0.000000000000000000e+00,5.894215467267698294e-01,1.330657215478301403e-01,1.393156228946981212e-01,1.000000000000000000e+00
9.959214274588367166e-01,-8.399362213600894411e-02,-3.265468833161291190e-02,0.000000000000000000e+00,-6.772575684925746797e-02,-9.366384238306075805e-01,3.436603436018166868e-01,0.000000000000000000e+00,-5.945205748955992991e-02,-3.400536835661447377e-01,-9.385248772160247333e-01,0.000000000000000000e+00,5.850821555259793083e-01,1.279164336834270055e-01,1.471971894159803951e-01,1.000000000000000000e+00
9.943115520448294609e-01,-9.808221538586459065e-02,-4.129362416174382766e-02,0.000000000000000000e+00,-7.376594277576933867e-02,-9.148931183443010928e-01,3.968751876772482201e-01,0.000000000000000000e+00,-7.670712706603595443e-02,-3.915790598208518380e-01,-9.169415775103081367e-01,0.000000000000000000e+00,5.709821198256130881e-01,1.139340423148358650e-01,1.690805473510808565e-01,1.000000000000000000e+00
9.935570306947332231e-01,-1.040223120360096731e-01,-4.477200304828969635e-02,0.000000000000000000e+00,-7.648323090266295754e-02,-9.079017041540623500e-01,4.121232314321138235e-01,0.000000000000000000e+00,-8.352019726586216997e-02,-4.060514444034658554e-01,-9.100256046653469877e-01,0.000000000000000000e+00,5.655766673167017533e-01,1.095290711586558718e-01,1.754482776602854233e-01,1.000000000000000000e+00
9.926675183078688125e-01,-1.107673345126616860e-01,-4.819276504481765505e-02,0.000000000000000000e+00,-7.991556229508915699e-02,-9.013585476240610905e-01,4.256136962426270154e-01,0.000000000000000000e+00,-9.058479940975384948e-02,-4.186495999920037958e-01,-9.036187838587851351e-01,0.000000000000000000e+00,5.599235447416081035e-01,1.052771889934727007e-01,1.814071120156300065e-01,1.000000000000000000e+00
9.916025614113292974e-01,-1.181630570093069599e-01,-5.236982969147937345e-02,0.000000000000000000e+00,-8.367347284704050592e-02,-8.957076766135855239e-01,4.366775181966853214e-01,0.000000000000000000e+00,-9.850910556050299083e-02,-4.286368326191655198e-01,-8.980904307718011736e-01,0.000000000000000000e+00,5.537762399704130312e-01,1.014450282496450195e-01,1.867302583548706985e-01,1.000000000000000000e+00
9.873764734787570108e-01,-1.411153567053332336e-01,-7.179765054504634592e-02,0.000000000000000000e+00,-9.309927561634254167e-02,-8.842455476974532269e-01,4.576276686982023167e-01,0.000000000000000000e+00,-1.280675102325982972e-01,-4.451750554281585504e-01,-8.862380508911583687e-01,0.000000000000000000e+00,5.325400678320345582e-01,9.162884409794593010e-02,1.983779947793746778e-01,1.000000000000000000e+00
9.855988542711245914e-01,-1.492408774350715006e-01,-7.939021264025127034e-02,0.000000000000000000e+00,-9.628033891547559120e-02,-8.816181583782922715e-01,4.620176036226300020e-01,0.000000000000000000e+00,-1.389464407658005107e-01,-4.477289243731925050e-01,-8.833078154743904120e-01,0.000000000000000000e+00,5.246748137450674143e-01,8.864937629822075560e-02,2.007496475186598128e-01,1.000000000000000000e+00
9.837273853145417357e-01,-1.575466934820771991e-01,-8.625669629824682383e-02,0.000000000000000000e+00,-9.994851597251887265e-02,-8.791627615556477648e-01,4.659011480453194576e-01,0.000000000000000000e+00,-1.492377339731129071e-01,-4.497071476501043330e-01,-8.806199975647711620e-01,0.000000000000000000e+00,5.166947108983552805e-01,8.572980430433756183e-02,2.026771016141348247e-01,1.000000000000000000e+00
9.817927721151946674e-01,-1.637581262413791428e-01,-9.616119598612327124e-02,0.000000000000000000e+00,-9.942913366326239233e-02,-8.746773508460611302e-01,4.743776198316039805e-01,0.000000000000000000e+00,-1.617963253944370294e-01,-4.561880770290697718e-01,-8.750510770608632694e-01,0.000000000000000000e+00,5.021796245400399483e-01,7.938376861765950032e-02,2.064772411099142779e-01,1.000000000000000000e+00
9.822443079138409860e-01,-1.576614708814661203e-01,-1.015860574663689925e-01,0.000000000000000000e+00,-8.900778128054662175e-02,-8.685975879759681995e-01,4.874388084006576194e-01,0.000000000000000000e+00,-1.650909024958884252e-01,-4.697510895878669879e-01,-8.672248311390218234e-01,0.000000000000000000e+00,4.903242367912444277e-01,7.133324295878351595e-02,2.114537086432133894e-01,1.000000000000000000e+00
9.825886180687232185e-01,-1.565916565755114398e-01,-9.989698510937096432e-02,0.000000000000000000e+00,-8.735422077621400605e-02,-8.642136314072690340e-01,4.954642129393903582e-01,0.000000000000000000e+00,-1.639210541343175953e-01,-4.781202782994534162e-01,-8.628620327087912489e-01,0.000000000000000000e+00,4.851780662888833251e-01,6.666025978699957610e-02,2.148911417651714895e-01,1.000000000000000000e+00
9.828108374859880758e-01,-1.622605006901028657e-01,-8.794961362675569883e-02,0.000000000000000000e+00,-9.548608574702856233e-02,-8.548183888819286258e-01,5.100477196882886588e-01,0.000000000000000000e+00,-1.579445863184023302e-01,-4.928919518939267053e-01,-8.556348703804115274e-01,0.000000000000000000e+00,4.772870821437169009e-01,5.731972944611744142e-02,2.235304621301947570e-01,1.000000000000000000e+00
9.826988188521490475e-01,-1.676945843870358832e-01,-7.850034837539709986e-02,0.000000000000000000e+00,-1.037467829703362238e-01,-8.498406679912768880e-01,5.167090002628701439e-01,0.000000000000000000e+00,-1.533650423013287745e-01,-4.996347851604776014e-01,-8.525516085595963300e-01,0.000000000000000000e+00,4.742756318007846361e-01,5.243385656530106381e-02,2.287806263574881094e-01,1.000000000000000000e+00
9.827212389759858446e-01,-1.716709791572010868e-01,-6.905641376381416174e-02,0.000000000000000000e+00,-1.109239064113535095e-01,-8.452467580478966180e-01,5.227184250599685722e-01,0.000000000000000000e+00,-1.481081452505853824e-01,-5.060362338986709174e-01,-8.497007163066777613e-01,0.000000000000000000e+00,4.717037520680252283e-01,4.740793016837403090e-02,2.345139506932228946e-01,1.000000000000000000e+00
9.848010823700675820e-01,-1.635215082917519658e-01,-5.838057373769343916e-02,0.000000000000000000e+00,-1.079508296008036550e-01,-8.399773673000486829e-01,5.317568877912026704e-01,0.000000000000000000e+00,-1.359946672845638860e-01,-5.173824885031242937e-01,-8.448791695032344951e-01,0.000000000000000000e+00,4.673469995026916513e-01,3.782292052624304513e-02,2.467825807328512810e-01,1.000000000000000000e+00
9.871992552266637411e-01,-1.490559102478334619e-01,-5.657484424475679036e-02,0.000000000000000000e+00,-9.642706528970786117e-02,-8.408095310029478631e-01,5.326555177179952416e-01,0.000000000000000000e+00,-1.269665657978201745e-01,-5.203918033386337738e-01,-8.444358247892331804e-01,0.000000000000000000e+00,4.629772964152299441e-01,2.961181025045945062e-02,2.594576133478624924e-01,1.000000000000000000e+00
9.881332198944954293e-01,-1.410997731099168928e-01,-6.053379775360907822e-02,0.000000000000000000e+00,-8.810777990164557483e-02,-8.439946443403321119e-01,5.290470738477319745e-01,0.000000000000000000e+00,-1.257410440947516750e-01,-5.174454524562501767e-01,-8.464274295899846257e-01,0.000000000000000000e+00,4.603739021698413647e-01,2.593955717754919260e-02,2.657883848749090783e-01,1.000000000000000000e+00
9.887159036460075878e-01,-1.332127569390217925e-01,-6.838106585431281970e-02,0.000000000000000000e+00,-7.818624541968559327e-02,-8.487519502123845871e-01,5.229605959716800978e-01,0.000000000000000000e+00,-1.277060444984019216e-01,-5.117228516710665698e-01,-8.496063142869194618e-01,0.000000000000000000e+00,4.572094193946558693e-01,2.229106520664913063e-02,2.720082156672009033e-01,1.000000000000000000e+00
9.891238150522928541e-01,-1.237318236047376396e-01,-7.940567501792200611e-02,0.000000000000000000e+00,-6.569367062456279993e-02,-8.551457296829262367e-01,5.141895268732487034e-01,0.000000000000000000e+00,-1.315275640558351278e-01,-5.033903480445545142e-01,-8.539898461861947787e-01,0.000000000000000000e+00,4.540535184918895739e-01,1.882712988222433673e-02,2.779381878778963699e-01,1.000000000000000000e+00
9.897735893969600296e-01,-8.989730328707759566e-02,-1.106682587519014355e-01,0.000000000000000000e+00,-2.547451944402240320e-02,-8.751876631596233747e-01,4.830924859832763651e-01,0.000000000000000000e+00,-1.402869074488563017e-01,-4.753421149616556818e-01,-8.685444475340431403e-01,0.000000000000000000e+00,4.477788654598086060e-01,1.234974769974692133e-02,2.911260126055330022e-01,1.000000000000000000e+00
9.883219337668152082e-01,-4.247295939776999513e-02,-1.462755955606633573e-01,0.000000000000000000e+00,2.660391792276017853e-02,-8.974302911015429318e-01,4.403315240427005395e-01,0.000000000000000000e+00,-1.499772207735295959e-01,-4.390892611076918639e-01,-8.858371487067752126e-01,0.000000000000000000e+00,4.425465124012853413e-01,6.368116719598139810e-03,3.037716977206069147e-01,1.000000000000000000e+00
9.859978597376133358e-01,-1.645223792791988132e-02,-1.658863808792535866e-01,0.000000000000000000e+00,5.474973880968043993e-02,-9.079468857832136974e-01,4.154704148288350107e-01,0.000000000000000000e+00,-1.574544725164564174e-01,-4.187432379356804679e-01,-8.943501494200728485e-01,0.000000000000000000e+00,4.396126087077777966e-01,3.295323756598305450e-03,3.096662818408994489e-01,1.000000000000000000e+00
9.822369997049302803e-01,7.568901164462538481e-03,-1.874404840129989536e-01,0.000000000000000000e+00,8.129185219721810074e-02,-9.176610967423588505e-01,3.889350758072159797e-01,0.000000000000000000e+00,-1.690662840349785589e-01,-3.972714547696150622e-01,-9.019933385717643359e-01,0.000000000000000000e+00,4.358679030266149890e-01,-1.903380165323319197e-04,3.148210916083047373e-01,1.000000000000000000e+00
9.768973883743331532e-01,2.920844653391848483e-02,-2.116579933281308168e-01,0.000000000000000000e+00,1.057970521227448307e-01,-9.267647378798058444e-01,3.604092830185153806e-01,0.000000000000000000e+00,-1.856337434583387735e-01,-3.744828890350438422e-01,-9.084617103156361617e-01,0.000000000000000000e+00,4.311673035085832328e-01,-3.612000204309444122e-03,3.188842740570408396e-01,1.000000000000000000e+00
9.523468519686716371e-01,9.669581664666182519e-02,-2.892509973873983453e-01,0.000000000000000000e+00,1.770236673167847608e-01,-9.475464898816631232e-01,2.660808479087962697e-01,0.000000000000000000e+00,-2.483546439831181563e-01,-3.046113949209314775e-01,-9.195280685744960936e-01,0.000000000000000000e+00,4.152657103842808950e-01,-1.443195475477963147e-02,3.274567079236110345e-01,1.000000000000000000e+00
9.415704454505657850e-01,1.248476910558635050e-01,-3.127920989942855057e-01,0.000000000000000000e+00,2.039784309034795295e-01,-9.504236563178032338e-01,2.346666148791959616e-01,0.000000000000000000e+00,-2.679925850456211234e-01,-2.847634732353235831e-01,-9.203747816360032807e-01,0.000000000000000000e+00,4.108222239550060051e-01,-1.854458376002978207e-02,3.295950266437704390e-01,1.000000000000000000e+00
9.164442368023055785e-01,1.893657536075191994e-01,-3.524930057372828718e-01,0.000000000000000000e+00,2.625239388103836613e-01,-9.493682800792618837e-01,1.725160781841341140e-01,0.000000000000000000e+00,-3.019828555477725995e-01,-2.506440435513804799e-01,-9.197738408910239860e-01,0.000000000000000000e+00,4.041600101739734052e-01,-2.734718649827167641e-02,3.328149036294153484e-01,1.000000000000000000e+00
9.023547299411232014e-01,2.240436674561282482e-01,-3.681591005623774393e-01,0.000000000000000000e+00,2.930372594874647851e-01,-9.453453722703523132e-01,1.429406820338894324e-01,0.000000000000000000e+00,-3.160186316822415908e-01,-2.368720949403041731e-01,-9.187076983830467780e-01,0.000000000000000000e+00,4.020623862350836131e-01,-3.225768249251922265e-02,3.342082554731271027e-01,1.000000000000000000e+00
8.685802017446955237e-01,2.966765786226657764e-01,-3.969032473224444746e-01,0.000000000000000000e+00,3.556026231312891528e-01,-9.309964972660761395e-01,8.229850181899850403e-02,0.000000000000000000e+00,-3.451061394278912009e-01,-2.126267789148002796e-01,-9.141616954442434162e-01,0.000000000000000000e+00,3.985125056208500549e-01,-4.375027267559981198e-02,3.369076612983321617e-01,1.000000000000000000e+00
8.498749118345136910e-01,3.322005671228562829e-01,-4.090674325080625451e-01,0.000000000000000000e+00,3.847356548486697836e-01,-9.216124681950093045e-01,5.088891094213281868e-02,0.000000000000000000e+00,-3.601032541602374737e-01,-2.006358980863200692e-01,-9.110822590426744805e-01,0.000000000000000000e+00,3.969925065954819088e-01,-4.919545554129416132e-02,3.381528348362111691e-01,1.000000000000000000e+00
8.110263485642447145e-01,3.989376197592180429e-01,-4.278618753483490189e-01,0.000000000000000000e+00,4.340247358405599498e-01,-9.007274259996980170e-01,-1.712832833930356957e-02,0.000000000000000000e+00,-3.922276118010170620e-01,-1.718144197942770568e-01,-9.036798690308569526e-01,0.000000000000000000e+00,3.944314864233073870e-01,-5.912349903863958756e-02,3.403535760523960230e-01,1.000000000000000000e+00
7.909221899401375211e-01,4.289896978779193515e-01,-4.363377997333221514e-01,0.000000000000000000e+00,4.534437338314356025e-01,-8.897089519914821443e-01,-5.279685498619186845e-02,0.000000000000000000e+00,-4.108708639217677483e-01,-1.560994423532250097e-01,-8.982305368206940921e-01,0.000000000000000000e+00,3.928891646068840560e-01,-6.351300469799373016e-02,3.414857000348777150e-01,1.000000000000000000e+00
7.694586853658550440e-01,4.566882619334202698e-01,-4.464861810050678725e-01,0.000000000000000000e+00,4.694030465039525368e-01,-8.784213544587095024e-01,-8.954021925896184231e-02,0.000000000000000000e+00,-4.331033015527326335e-01,-1.406871828515530165e-01,-8.902969430282328123e-01,0.000000000000000000e+00,3.907104219401746903e-01,-6.742182235090027342e-02,3.423068232090181739e-01,1.000000000000000000e+00
7.249485551361629643e-01,5.030694357254877902e-01,-4.704800549928099818e-01,0.000000000000000000e+00,4.888083726057634859e-01,-8.569867832218607262e-01,-1.631587421953270556e-01,0.000000000000000000e+00,-4.852847085026507634e-01,-1.116950460879263529e-01,-8.671925785965384215e-01,0.000000000000000000e+00,3.845334081036341778e-01,-7.451607390502290595e-02,3.441666602594679603e-01,1.000000000000000000e+00
6.718534277502102858e-01,5.504654617598523370e-01,-4.955617962787426389e-01,0.000000000000000000e+00,5.044778099007759531e-01,-8.299687948647709312e-01,-2.379804314847016877e-01,0.000000000000000000e+00,-5.423112761180992614e-01,-9.011369599461517554e-02,-8.353310730419100105e-01,0.000000000000000000e+00,3.770241671162828934e-01,-8.136613448611304533e-02,3.467465457778351468e-01,1.000000000000000000e+00
6.423510174830345809e-01,5.781103256451916028e-01,-5.031444808622360654e-01,0.000000000000000000e+00,5.132295863298151906e-01,-8.120367038161804274e-01,-2.777994425341561158e-01,0.000000000000000000e+00,-5.691814704772287792e-01,-7.978541532550349757e-02,-8.183316816344803346e-01,0.000000000000000000e+00,3.736269566796125985e-01,-8.421884596013393121e-02,3.480354526632872258e-01,1.000000000000000000e+00
6.135663638318326063e-01,6.057878287868292411e-01,-5.064959729051463633e-01,0.000000000000000000e+00,5.209927398491204231e-01,-7.925735068981825115e-01,-3.168194250497147202e-01,0.000000000000000000e+00,-5.933720653445914150e-01,-6.949231996985442972e-02,-8.019229448855430542e-01,0.000000000000000000e+00,3.707866498655231768e-01,-8.713999629372103095e-02,3.495930251036409864e-01,1.000000000000000000e+00
5.844176247646488687e-01,6.339122557550280757e-01,-5.065491474370737990e-01,0.000000000000000000e+00,5.273946646114517911e-01,-7.711572494557514812e-01,-3.565839469920409899e-01,0.000000000000000000e+00,-6.166838545306602137e-01,-5.875850567481494258e-02,-7.850149435342428372e-01,0.000000000000000000e+00,3.680207537275735907e-01,-9.011661422537009525e-02,3.511354191865388996e-01,1.000000000000000000e+00
5.261522667784809260e-01,6.915588223208088969e-01,-4.948645616078505838e-01,0.000000000000000000e+00,5.393761128958266537e-01,-7.212905265827163070e-01,-4.345044671814368709e-01,0.000000000000000000e+00,-6.574391755877738719e-01,-3.830335077524728293e-02,-7.525334435902876207e-01,0.000000000000000000e+00,3.637658636543740220e-01,-9.624611536711756565e-02,3.544723951005670504e-01,1.000000000000000000e+00
4.769239857836057861e-01,7.385299233512767625e-01,-4.765478055769899468e-01,0.000000000000000000e+00,5.410335972178151875e-01,-6.739680787444513044e-01,-5.030212941976436314e-01,0.000000000000000000e+00,-6.926876231856951005e-01,-1.792579806196784725e-02,-7.210149252610476012e-01,0.000000000000000000e+00,3.606537829977198295e-01,-1.029402337582530774e-01,3.582730700344443076e-01,1.000000000000000000e+00
4.545848233375847092e-01,7.594313448514533604e-01,-4.654002769116689087e-01,0.000000000000000000e+00,5.393827956836378945e-01,-6.505237267568645398e-01,-5.346642194387720703e-01,0.000000000000000000e+00,-7.088083365395226876e-01,-7.978816350992776196e-03,-7.053559956091050021e-01,0.000000000000000000e+00,3.594298279471925817e-01,-1.062870501898227210e-01,3.601182530906154589e-01,1.000000000000000000e+00
4.341496962877730015e-01,7.779648822035872824e-01,-4.541645408576074350e-01,0.000000000000000000e+00,5.370681156547338908e-01,-6.282922857053515608e-01,-5.628386889433123486e-01,0.000000000000000000e+00,-7.232307362379671867e-01,4.389601594981718436e-04,-6.906063346615540777e-01,0.000000000000000000e+00,3.587260952723186347e-01,-1.098420720797735062e-01,3.619276855339792487e-01,1.000000000000000000e+00
3.669745187838820977e-01,8.337284838956090516e-01,-4.125618312516024511e-01,0.000000000000000000e+00,5.373765971449181444e-01,-5.520209181177497815e-01,-6.375578763552317563e-01,0.000000000000000000e+00,-7.593075415403118811e-01,1.226665805365215710e-02,-6.506163127836576132e-01,0.000000000000000000e+00,3.589825631339289003e-01,-1.219258437977545489e-01,3.669843818189687523e-01,1.000000000000000000e+00
3.442845745429127247e-01,8.513102658739108985e-01,-3.958784028596467053e-01,0.000000000000000000e+00,5.391298147105286764e-01,-5.244719229060597065e-01,-6.589757141766449111e-01,0.000000000000000000e+00,-7.686346962246898284e-01,1.344558227692072699e-02,-6.395466519940615768e-01,0.000000000000000000e+00,3.599435794083259976e-01,-1.261320436984463833e-01,3.683270315020166219e-01,1.000000000000000000e+00
3.222573715880371892e-01,8.673091515587462164e-01,-3.793491386319808867e-01,0.000000000000000000e+00,5.411276312154486012e-01,-4.975757396512699438e-01,-6.779233119954333198e-01,0.000000000000000000e+00,-7.767389754217635112e-01,1.318973781368574377e-02,-6.296845201187302177e-01,0.000000000000000000e+00,3.614483255821984709e-01,-1.303085583321363650e-01,3.690852422808226785e-01,1.000000000000000000e+00
2.765593845430781572e-01,8.981159311310323856e-01,-3.418821843427951035e-01,0.000000000000000000e+00,5.442950903483335656e-01,-4.395861471855441183e-01,-7.144841640837654717e-01,0.000000000000000000e+00,-7.919915308022804634e-01,1.151272792512268890e-02,-6.104235187418507458e-01,0.000000000000000000e+00,3.646903527937989664e-01,-1.383976030639608168e-01,3.702267084080939075e-01,1.000000000000000000e+00
2.533365557455140027e-01,9.111653337005665154e-01,-3.249293324502167679e-01,0.000000000000000000e+00,5.425679201871059787e-01,-4.119156518212284679e-01,-7.320698700737102715e-01,0.000000000000000000e+00,-8.008955849517291892e-01,9.164003769710774711e-03,-5.987339000254923160e-01,0.000000000000000000e+00,3.657546583279684405e-01,-1.426910672341966113e-01,3.707435151109611526e-01,1.000000000000000000e+00
2.110335111492755433e-01,9.316615663783861523e-01,-2.957234008437426009e-01,0.000000000000000000e+00,5.284980675509084458e-01,-3.632571435597387599e-01,-7.672775163843802426e-01,0.000000000000000000e+00,-8.222824421209520285e-01,5.632130868962947554e-03,-5.690517239069555755e-01,0.000000000000000000e+00,3.665848858586211456e-01,-1.506415470443647486e-01,3.720235843733043501e-01,1.000000000000000000e+00
1.741504686701520754e-01,9.470182546378701494e-01,-2.698310333260731664e-01,0.000000000000000000e+00,5.094355801371526216e-01,-3.211459431011170484e-01,-7.983241320549098186e-01,0.000000000000000000e+00,-8.426988924144114268e-01,1.567022916626495139e-03,-5.383828759931940100e-01,0.000000000000000000e+00,3.675524313819977795e-01,-1.575009775402108625e-01,3.729384786379583705e-01,1.000000000000000000e+00
1.557919220385532155e-01,9.533506775562781144e-01,-2.585190699575704021e-01,0.000000000000000000e+00,5.020696050194399795e-01,-3.018124272742812586e-01,-8.104419271975250583e-01,0.000000000000000000e+00,-8.506760065635544654e-01,-3.534329851660519134e-03,-5.256784572051464988e-01,0.000000000000000000e+00,3.686559826759677194e-01,-1.612874571501054510e-01,3.730220717398218255e-01,1.000000000000000000e+00
1.354286948623958931e-01,9.594693013242099333e-01,-2.471001321843205589e-01,0.000000000000000000e+00,4.966484413215303539e-01,-2.815428483292626849e-01,-8.210083417290888752e-01,0.000000000000000000e+00,-8.573180810875792313e-01,-1.153402937398346519e-02,-5.146578222534959890e-01,0.000000000000000000e+00,3.702172911615934092e-01,-1.655532906618901456e-01,3.727341213649271734e-01,1.000000000000000000e+00
1.143498198703855329e-01,9.643931041354177891e-01,-2.384340711661650791e-01,0.000000000000000000e+00,4.932698349423064732e-01,-2.634504708322589206e-01,-8.290111375943385319e-01,0.000000000000000000e+00,-8.623247950830867925e-01,-2.281549994337479098e-02,-5.058412801929537128e-01,0.000000000000000000e+00,3.722829968387583177e-01,-1.703038458717807957e-01,3.724939518601567690e-01,1.000000000000000000e+00
7.066543835169179777e-02,9.716871324240263785e-01,-2.254135297743774524e-01,0.000000000000000000e+00,4.900685350307986132e-01,-2.306448341664107948e-01,-8.406048645745064496e-01,0.000000000000000000e+00,-8.688121238794184187e-01,-5.106735028166835971e-02,-4.925013899831592878e-01,0.000000000000000000e+00,3.772158677364279011e-01,-1.805852897961280901e-01,3.716391399087151659e-01,1.000000000000000000e+00
2.441758759127273318e-02,9.789665860108616169e-01,-2.025066709806593868e-01,0.000000000000000000e+00,4.862114449888362278e-01,-1.886241304633244353e-01,-8.532292277401372083e-01,0.000000000000000000e+00,-8.734973664232853485e-01,-7.762875630772071711e-02,-4.805997576421581208e-01,0.000000000000000000e+00,3.818910080573714172e-01,-1.901889059307280416e-01,3.706553148014172239e-01,1.000000000000000000e+00
4.110677827266400429e-03,9.823973805952173066e-01,-1.867062822420946233e-01,0.000000000000000000e+00,4.828435685675313005e-01,-1.654503576126847009e-01,-8.599238421860477821e-01,0.000000000000000000e+00,-8.756944110714453000e-01,-8.661672536090818386e-02,-4.750335159817541397e-01,0.000000000000000000e+00,3.838941871351847501e-01,-1.938018507027756965e-01,3.696899689167200131e-01,1.000000000000000000e+00
-1.364375856359973868e-02,9.859508004923986935e-01,-1.664199920738624605e-01,0.000000000000000000e+00,4.786889499076711352e-01,-1.396826409750447917e-01,-8.667908605584948578e-01,0.000000000000000000e+00,-8.778760286649731626e-01,-9.149145797015395543e-02,-4.700670073658761439e-01,0.000000000000000000e+00,3.855185307125355010e-01,-1.964300584318571519e-01,3.684689825002858687e-01,1.000000000000000000e+00
-2.783584690786540181e-02,9.891860499857373368e-01,-1.439335646808788671e-01,0.000000000000000000e+00,4.731430323622812795e-01,-1.137997498776710942e-01,-8.735937469762548035e-01,0.000000000000000000e+00,-8.805433047106028255e-01,-9.242016442687922551e-02,-4.648677249892049224e-01,0.000000000000000000e+00,3.866324035186437524e-01,-1.981688726519918731e-01,3.671060042875610718e-01,1.000000000000000000e+00
-4.420751910087377529e-02,9.935201116077508887e-01,-1.046146738611561100e-01,0.000000000000000000e+00,4.589744704826256294e-01,-7.281274599935619318e-02,-8.854498779526907004e-01,0.000000000000000000e+00,-8.873466274145647148e-01,-8.716068504587649868e-02,-4.527902138941730104e-01,0.000000000000000000e+00,3.874488349065423054e-01,-2.001539603875839846e-01,3.641045356539847067e-01,1.000000000000000000e+00
-4.656539623995945010e-02,9.950732737255890692e-01,-8.741619238598045960e-02,0.000000000000000000e+00,4.442075640325362507e-01,-5.775425713253340421e-02,-8.940496813603581172e-01,0.000000000000000000e+00,-8.947108265131111793e-01,-8.046426073389155442e-02,-4.393381837090580277e-01,0.000000000000000000e+00,3.866712756849849941e-01,-2.019227539385645698e-01,3.616829410013003843e-01,1.000000000000000000e+00
