9.996698675214877872e-01,1.971271290572678206e-02,1.588432625816768931e-02,0.000000000000000000e+00,2.274155476278729229e-02,-9.749244062315416404e-01,-2.213277450349483699e-01,0.000000000000000000e+00,1.112326120693327321e-02,2.216201787085813613e-01,-9.750696228727969705e-01,0.000000000000000000e+00,6.230173578874750318e-01,2.953625520489308043e-01,2.881845391921592989e-02,1.000000000000000000e+00
9.996698322081118970e-01,1.971713025149107387e-02,1.588106573437520971e-02,0.000000000000000000e+00,2.274511665283385567e-02,-9.749247886175500533e-01,-2.213256946418172832e-01,0.000000000000000000e+00,1.111915118296908332e-02,2.216181035538708488e-01,-9.750701414022255875e-01,0.000000000000000000e+00,6.230162939925144583e-01,2.953620470816974986e-01,2.881808593233532376e-02,1.000000000000000000e+00
9.996698135013846187e-01,1.971725264719132245e-02,1.588209127796577635e-02,0.000000000000000000e+00,2.274543233823406174e-02,-9.749253983536647628e-01,-2.213229763352720925e-01,0.000000000000000000e+00,1.112018722289243901e-02,2.216154102925936564e-01,-9.750707417192727711e-01,0.000000000000000000e+00,6.230157341028932372e-01,2.953615618725791703e-01,2.881696371903935683e-02,1.000000000000000000e+00
9.996699761108198690e-01,1.970781138769035074e-02,1.588357434925043513e-02,0.000000000000000000e+00,2.273650710260357796e-02,-9.749265299131446572e-01,-2.213189088566440976e-01,0.000000000000000000e+00,1.112382087867823215e-02,2.216112720343145215e-01,-9.750716408123004664e-01,0.000000000000000000e+00,6.230182802545408682e-01,2.953571609836679879e-01,2.881683995257244488e-02,1.000000000000000000e+00
9.996699539283313563e-01,1.971416406649550632e-02,1.587708566756514811e-02,0.000000000000000000e+00,2.274134000556365248e-02,-9.749249099871640789e-01,-2.213255481016130621e-01,0.000000000000000000e+00,1.111593216406736410e-02,2.216178335074082961e-01,-9.750702394820623953e-01,0.000000000000000000e+00,6.230146973861259152e-01,2.953619263405893314e-01,2.881368606723006334e-02,1.000000000000000000e+00
9.996699804089148600e-01,1.970801513526900667e-02,1.588305102542052899e-02,0.000000000000000000e+00,2.273661866211561938e-02,-9.749259531847372928e-01,-2.213214379129443687e-01,0.000000000000000000e+00,1.112320656848713937e-02,2.216137911290761431e-01,-9.750710752847880913e-01,0.000000000000000000e+00,6.230177214125249829e-01,2.953579769945887112e-01,2.881731967891517851e-02,1.000000000000000000e+00
9.996695431467572668e-01,1.970233160158538915e-02,1.591758572847609340e-02,0.000000000000000000e+00,2.273873305801890274e-02,-9.749258546550866322e-01,-2.213216547136173384e-01,0.000000000000000000e+00,1.115812806714311031e-02,2.216147299591438025e-01,-9.750704629118723821e-01,0.000000000000000000e+00,6.230330198930531527e-01,2.953548612978341148e-01,2.883379007195251836e-02,1.000000000000000000e+00
9.996698173434590551e-01,1.961933588172561083e-02,1.600265144479300072e-02,0.000000000000000000e+00,2.267639860840602387e-02,-9.749321875655440062e-01,-2.213001524988716939e-01,0.000000000000000000e+00,1.125995474638968180e-02,2.215942319052187359e-01,-9.750739509418994144e-01,0.000000000000000000e+00,6.230858129038527871e-01,2.953060299112305609e-01,2.887353827892464447e-02,1.000000000000000000e+00
9.996692811613717700e-01,1.950929890702882141e-02,1.616980085439485154e-02,0.000000000000000000e+00,2.260620214101576389e-02,-9.749324415853238834e-01,-2.213062151645243669e-01,0.000000000000000000e+00,1.144715471849639364e-02,2.216028293579243302e-01,-9.750698173307453809e-01,0.000000000000000000e+00,6.231809169251980585e-01,2.952515952179389225e-01,2.895463395429619807e-02,1.000000000000000000e+00
9.996689985115019272e-01,1.932017405540744845e-02,1.641253151370113475e-02,0.000000000000000000e+00,2.247536287256717349e-02,-9.749391401516928068e-01,-2.212900313281928599e-01,0.000000000000000000e+00,1.172608320313134160e-02,2.215899278926341809e-01,-9.750694348759222363e-01,0.000000000000000000e+00,6.233167462834545702e-01,2.951399966461311641e-01,2.908569881694472031e-02,1.000000000000000000e+00
9.996485089745485997e-01,1.955358820963769978e-02,1.735691776491412458e-02,0.000000000000000000e+00,2.291487721423580634e-02,-9.748840498408489763e-01,-2.214875722684455650e-01,0.000000000000000000e+00,1.259034790493649032e-02,2.218117235769719031e-01,-9.750082268491100379e-01,0.000000000000000000e+00,6.236708162203064010e-01,2.951215791379881437e-01,2.961064649023493686e-02,1.000000000000000000e+00
9.995225579694214657e-01,1.972156710916476291e-02,2.337654384702123403e-02,0.000000000000000000e+00,2.444656404377197612e-02,-9.744629401055548978e-01,-2.231705418922928785e-01,0.000000000000000000e+00,1.837865667404967734e-02,2.236397728305247745e-01,-9.744985772114646005e-01,0.000000000000000000e+00,6.259180952788295782e-01,2.952046302893054919e-01,3.339866275180285865e-02,1.000000000000000000e+00
9.993044378109215975e-01,1.862323303069757935e-02,3.200879041905139999e-02,0.000000000000000000e+00,2.529023033521926242e-02,-9.745899773092007168e-01,-2.225208468419342389e-01,0.000000000000000000e+00,2.705190957636024671e-02,2.231798763412463360e-01,-9.744018354788634984e-01,0.000000000000000000e+00,6.290404703447716184e-01,2.943654382133342184e-01,3.965183751753392771e-02,1.000000000000000000e+00
9.991402953741915782e-01,1.805219575427368522e-02,3.706123701701030670e-02,0.000000000000000000e+00,2.582297054279066376e-02,-9.748480014029097251e-01,-2.213262190846508326e-01,0.000000000000000000e+00,3.213426728730550685e-02,2.220972512023795808e-01,-9.744948434313314145e-01,0.000000000000000000e+00,6.307734446113436588e-01,2.935479773155469929e-01,4.328913869537261844e-02,1.000000000000000000e+00
9.986677403450813229e-01,1.766727884340669671e-02,4.828414391419815627e-02,0.000000000000000000e+00,2.772627898812726407e-02,-9.759054706067624707e-01,-2.163804815469134168e-01,0.000000000000000000e+00,4.329873952057983200e-02,2.174351325061914531e-01,-9.751139329883167228e-01,0.000000000000000000e+00,6.341985178356009945e-01,2.910089074519103813e-01,5.155263603635998337e-02,1.000000000000000000e+00
9.980245202503806867e-01,1.812407507250884606e-02,5.999434792521561588e-02,0.000000000000000000e+00,3.031211915334519960e-02,-9.774423761924379006e-01,-2.089696713806154516e-01,0.000000000000000000e+00,5.485469210496517894e-02,2.103794623059264401e-01,-9.760796302525418522e-01,0.000000000000000000e+00,6.375853215255670170e-01,2.875219422459649454e-01,6.091792675914280836e-02,1.000000000000000000e+00
9.976508013404448150e-01,1.884353214814840638e-02,6.571565096807731321e-02,0.000000000000000000e+00,3.192706890036411949e-02,-9.784105811457821655e-01,-2.041424597544878594e-01,0.000000000000000000e+00,6.045128712546742750e-02,2.057649582910343056e-01,-9.767325241970613581e-01,0.000000000000000000e+00,6.391484611964853846e-01,2.853976696147198511e-01,6.600203726102493729e-02,1.000000000000000000e+00
9.973095252854082826e-01,1.947720391115680127e-02,7.053436186714349965e-02,0.000000000000000000e+00,3.314615714138759162e-02,-9.795991460395477857e-01,-1.981605214127052372e-01,0.000000000000000000e+00,6.523704378405045801e-02,1.999691686088883591e-01,-9.776279761362131060e-01,0.000000000000000000e+00,6.404733834786061619e-01,2.830246636768131707e-01,7.125351529006644646e-02,1.000000000000000000e+00
9.969236850785545556e-01,2.155315622934864464e-02,7.522881420809673925e-02,0.000000000000000000e+00,3.492711438241632299e-02,-9.828020348568379250e-01,-1.812760432693314439e-01,0.000000000000000000e+00,7.002930908356828910e-02,1.833494365160357187e-01,-9.805502944767953144e-01,0.000000000000000000e+00,6.416264951899566249e-01,2.770810666213651130e-01,8.162750732866569381e-02,1.000000000000000000e+00
9.968657884364641175e-01,2.306185656744283441e-02,7.554798156018180388e-02,0.000000000000000000e+00,3.570338033752539636e-02,-9.846971778669962871e-01,-1.705212110983717333e-01,0.000000000000000000e+00,7.046070511071798881e-02,1.726874046337561752e-01,-9.824532300909584182e-01,0.000000000000000000e+00,6.414805582812559415e-01,2.735634547484154244e-01,8.683438671524564001e-02,1.000000000000000000e+00
9.968996513902629308e-01,2.658315715607739715e-02,7.392677265237394824e-02,0.000000000000000000e+00,3.713684656867847350e-02,-9.886851098211384414e-01,-1.452699388934484692e-01,0.000000000000000000e+00,6.922989861295368585e-02,1.475677997911002681e-01,-9.866260515528939568e-01,0.000000000000000000e+00,6.403163080700682297e-01,2.654282363337317485e-01,9.772080908229191509e-02,1.000000000000000000e+00
9.970600635924355970e-01,3.033637694103532775e-02,7.022592629754299820e-02,0.000000000000000000e+00,3.831835568370124678e-02,-9.925863284415573640e-01,-1.152598417047947937e-01,0.000000000000000000e+00,6.621000308869545714e-02,1.176141915595728532e-01,-9.908497047659565737e-01,0.000000000000000000e+00,6.381512452607170927e-01,2.557545592478894791e-01,1.095447790687542194e-01,1.000000000000000000e+00
9.971166876250316946e-01,3.201306643172933258e-02,6.866019034732534498e-02,0.000000000000000000e+00,3.878499572417078850e-02,-9.942536592067996448e-01,-9.968014928647270234e-02,0.000000000000000000e+00,6.507583116503738718e-02,1.020576903943337249e-01,-9.926476535153618830e-01,0.000000000000000000e+00,6.368871622307316072e-01,2.506764309635547416e-01,1.157697003986900147e-01,1.000000000000000000e+00
9.970898482871850543e-01,3.407951537955593302e-02,6.805268529118807530e-02,0.000000000000000000e+00,3.976640758876606729e-02,-9.956589575165923911e-01,-8.403939579545410821e-02,0.000000000000000000e+00,6.489449323181852025e-02,8.650270466975409911e-02,-9.941357989897572356e-01,0.000000000000000000e+00,6.357012815935721983e-01,2.454917698005609494e-01,1.223458983740684236e-01,1.000000000000000000e+00
9.967085210848233290e-01,4.239805330741350936e-02,6.895850907505428340e-02,0.000000000000000000e+00,4.603793100810815025e-02,-9.975715560899787171e-01,-5.207923088832273201e-02,0.000000000000000000e+00,6.658427114978489325e-02,5.508358081077770196e-02,-9.962591700759970692e-01,0.000000000000000000e+00,6.332134174252955772e-01,2.352552370472800747e-01,1.367432077097940069e-01,1.000000000000000000e+00
9.959888832074947906e-01,5.466613494352309810e-02,7.070010692093781079e-02,0.000000000000000000e+00,5.613280299625802300e-02,-9.982342807040467392e-01,-1.892554242990729038e-02,0.000000000000000000e+00,6.954202302100820354e-02,2.281866437246623733e-02,-9.973180112634096872e-01,0.000000000000000000e+00,6.305480785409902644e-01,2.249023783078688832e-01,1.520271893793877227e-01,1.000000000000000000e+00
9.954957679287701477e-01,6.346226743350363853e-02,7.029554430627264761e-02,0.000000000000000000e+00,6.367709359469729546e-02,-9.979605738954098193e-01,-8.170696940874721962e-04,0.000000000000000000e+00,7.010167831727835697e-02,5.289707219903390899e-03,-9.975258260790185183e-01,0.000000000000000000e+00,6.287662453688952491e-01,2.193375128227079973e-01,1.596454811350240810e-01,1.000000000000000000e+00
9.952063485900021211e-01,7.066495643470065147e-02,6.746506176862838988e-02,0.000000000000000000e+00,6.960395292409095325e-02,-9.974034979868789952e-01,1.795268342300879519e-02,0.000000000000000000e+00,6.855983418116437522e-02,-1.317104311683459095e-02,-9.975600597258621471e-01,0.000000000000000000e+00,6.264404173629358752e-01,2.132821871670068092e-01,1.671516413195045792e-01,1.000000000000000000e+00
9.952498471668025370e-01,7.360121769158911587e-02,6.357160820665075374e-02,0.000000000000000000e+00,7.139173725099494383e-02,-9.967758540372185783e-01,3.635744162983162858e-02,0.000000000000000000e+00,6.604386758791749856e-02,-3.164685997587500521e-02,-9.973147365840419054e-01,0.000000000000000000e+00,6.237829884341675735e-01,2.068786148766482424e-01,1.745734901524445826e-01,1.000000000000000000e+00
9.957082168018076551e-01,7.399611367999754663e-02,5.541181331475752980e-02,0.000000000000000000e+00,6.991675289326407250e-02,-9.949229602233906622e-01,7.225439631188998457e-02,0.000000000000000000e+00,6.047819425048732433e-02,-6.807139263415472319e-02,-9.958457076902260674e-01,0.000000000000000000e+00,6.180388307030777462e-01,1.928618731796366836e-01,1.892736064077744085e-01,1.000000000000000000e+00
9.959197972820863498e-01,7.736075280275120369e-02,4.625816910133605936e-02,0.000000000000000000e+00,7.222813032030601932e-02,-9.919548222165683882e-01,1.038723965880134353e-01,0.000000000000000000e+00,5.392269888150308388e-02,-1.001093625023549288e-01,-9.935141962169977692e-01,0.000000000000000000e+00,6.113736409936206817e-01,1.789118969860878372e-01,2.035646243993429749e-01,1.000000000000000000e+00
9.960676168759348137e-01,7.819571844730766053e-02,4.141834290279648029e-02,0.000000000000000000e+00,7.287330895404720010e-02,-9.904079232858764570e-01,1.173131417866460496e-01,0.000000000000000000e+00,5.019540680274469507e-02,-1.138357215593261973e-01,-9.922307441482421941e-01,0.000000000000000000e+00,6.077722245295753556e-01,1.718957713949700594e-01,2.104112720814969584e-01,1.000000000000000000e+00
9.963215534998661749e-01,7.737336497681353287e-02,3.657145505699982424e-02,0.000000000000000000e+00,7.207470426781004136e-02,-9.890235904888534657e-01,1.289120683351737962e-01,0.000000000000000000e+00,4.614528074273784725e-02,-1.258044175055832437e-01,-9.909812619829169167e-01,0.000000000000000000e+00,6.040422659459414589e-01,1.649345942164497925e-01,2.171545636600336338e-01,1.000000000000000000e+00
9.965233893846441315e-01,7.696348607393532770e-02,3.159910001718014422e-02,0.000000000000000000e+00,7.191083765302637432e-02,-9.877963431466767474e-01,1.380867944276401305e-01,0.000000000000000000e+00,4.184192211028271019e-02,-1.353370083177666272e-01,-9.899157275918560872e-01,0.000000000000000000e+00,6.000824415403882561e-01,1.583546001975978668e-01,2.236026673403035125e-01,1.000000000000000000e+00
9.972858187601808533e-01,7.086659967447385411e-02,1.948506226888452320e-02,0.000000000000000000e+00,6.715162541007115016e-02,-9.863418152980163445e-01,1.503370529863073402e-01,0.000000000000000000e+00,2.987338259489386375e-02,-1.486234188362356989e-01,-9.884425427842368217e-01,0.000000000000000000e+00,5.914418429351535611e-01,1.451822049051385843e-01,2.357427441494760745e-01,1.000000000000000000e+00
9.975193229788511529e-01,7.025443441707143744e-02,-5.114975664139854560e-04,0.000000000000000000e+00,6.942898694888964550e-02,-9.846328348663564434e-01,1.601828429498667328e-01,0.000000000000000000e+00,1.075012470912900531e-02,-1.598240709186683206e-01,-9.870869775119733847e-01,0.000000000000000000e+00,5.808962039257725696e-01,1.316556810467796323e-01,2.465034773351964525e-01,1.000000000000000000e+00
9.971700722615498558e-01,7.380296491429291783e-02,-1.362777520226907645e-02,0.000000000000000000e+00,7.504055504586497338e-02,-9.834337635077142759e-01,1.649475516419383059e-01,0.000000000000000000e+00,-1.228419539758834542e-03,-1.655065843199945430e-01,-9.862079200311477667e-01,0.000000000000000000e+00,5.750395333560863742e-01,1.246368407620953300e-01,2.515554549342053914e-01,1.000000000000000000e+00
9.959448115629965237e-01,7.881816046644012086e-02,-4.315526390420960229e-02,0.000000000000000000e+00,8.512065643383312508e-02,-9.814001904455931236e-01,1.720142056425434107e-01,0.000000000000000000e+00,-2.879529535014604263e-02,-1.749934291827029142e-01,-9.841484292059687888e-01,0.000000000000000000e+00,5.627213672480285700e-01,1.101298268534206398e-01,2.612964897255413144e-01,1.000000000000000000e+00
9.939595287951482616e-01,8.001803359047790498e-02,-7.498210665784256490e-02,0.000000000000000000e+00,9.205315413756651188e-02,-9.804278604791584195e-01,1.739775103592226535e-01,0.000000000000000000e+00,-5.959435551287062260e-02,-1.798324059704178857e-01,-9.818904310328603335e-01,0.000000000000000000e+00,5.502007428725087523e-01,9.539339960675431718e-02,2.710734962944412740e-01,1.000000000000000000e+00
9.922994984057516010e-01,8.107896426221845865e-02,-9.353423928737401860e-02,0.000000000000000000e+00,9.638044206200131747e-02,-9.802195583569376369e-01,1.728038619466356340e-01,0.000000000000000000e+00,-7.767482805951546332e-02,-1.804915318839677985e-01,-9.805046802560930530e-01,0.000000000000000000e+00,5.435132710322490013e-01,8.805536395333654620e-02,2.758354056085728923e-01,1.000000000000000000e+00
9.899276713836024921e-01,8.389296358532288833e-02,-1.139557940217093834e-01,0.000000000000000000e+00,1.026678302791425579e-01,-9.800013136020018223e-01,1.704038992081236825e-01,0.000000000000000000e+00,-9.738301464757184722e-02,-1.803906023358177180e-01,-9.787623710825175127e-01,0.000000000000000000e+00,5.365850191324592622e-01,8.050595797764396877e-02,2.806689655352139212e-01,1.000000000000000000e+00
9.826484595308654368e-01,9.165082425053695803e-02,-1.611920540753263853e-01,0.000000000000000000e+00,1.175531056574666694e-01,-9.801970643806083849e-01,1.592976121325431760e-01,0.000000000000000000e+00,-1.434029817047990651e-01,-1.754855583736416313e-01,-9.739817265434010940e-01,0.000000000000000000e+00,5.215259888740646499e-01,6.613706614732482725e-02,2.902246324277816258e-01,1.000000000000000000e+00
9.778018874151728212e-01,9.361678911251269941e-02,-1.874036089961915452e-01,0.000000000000000000e+00,1.228193018775489836e-01,-9.808915213434884484e-01,1.508243658828922473e-01,0.000000000000000000e+00,-1.697061856496052679e-01,-1.704964126390101642e-01,-9.706342173184963062e-01,0.000000000000000000e+00,5.134580140253550695e-01,5.908705397724121899e-02,2.951007585294109781e-01,1.000000000000000000e+00
9.657363519467716539e-01,9.537578863142538721e-02,-2.413244794310829000e-01,0.000000000000000000e+00,1.290838914231902113e-01,-9.833361539287640563e-01,1.279378921697566784e-01,0.000000000000000000e+00,-2.251052420645534291e-01,-1.547083547756585298e-01,-9.619734689468664168e-01,0.000000000000000000e+00,4.970329261988649661e-01,4.587541757929416986e-02,3.051865900043002622e-01,1.000000000000000000e+00
9.503073359886659022e-01,1.006116809240534399e-01,-2.945742754026049459e-01,0.000000000000000000e+00,1.353868212954872918e-01,-9.857142672925955917e-01,1.000926509616653776e-01,0.000000000000000000e+00,-2.803009728426498204e-01,-1.350028544928984220e-01,-9.503712926547357442e-01,0.000000000000000000e+00,4.808914010960181340e-01,3.378866150376436117e-02,3.158866827890352558e-01,1.000000000000000000e+00
9.420578189773534117e-01,1.022629867417570171e-01,-3.194528042567403858e-01,0.000000000000000000e+00,1.367135289338156923e-01,-9.867477010703662454e-01,8.728764139337302774e-02,0.000000000000000000e+00,-3.062989224897049167e-01,-1.259059493521421380e-01,-9.435722876385154168e-01,0.000000000000000000e+00,4.729321819281194217e-01,2.789669062128671134e-02,3.213801930710620813e-01,1.000000000000000000e+00
9.336980575097882928e-01,1.025640391341571395e-01,-3.430295937381259708e-01,0.000000000000000000e+00,1.363894535761964177e-01,-9.877326262959851277e-01,7.591391706947173135e-02,0.000000000000000000e+00,-3.310418571406431032e-01,-1.176685612405667380e-01,-9.362507134931588038e-01,0.000000000000000000e+00,4.651785973011778874e-01,2.164190228786624579e-02,3.267870798793093279e-01,1.000000000000000000e+00
9.184494413424653114e-01,9.638038013632138634e-02,-3.835911794133177732e-01,0.000000000000000000e+00,1.292202441095076093e-01,-9.897456329115250639e-01,6.071620497076759410e-02,0.000000000000000000e+00,-3.738130407915991049e-01,-1.053345383941528407e-01,-9.215033616625762924e-01,0.000000000000000000e+00,4.506080854349024944e-01,9.004312836707387829e-03,3.379976573600289580e-01,1.000000000000000000e+00
9.050783196708999112e-01,9.198889604605074710e-02,-4.151530141612096991e-01,0.000000000000000000e+00,1.235801162837387585e-01,-9.910736153438349794e-01,4.981757450746055610e-02,0.000000000000000000e+00,-4.068723685369141640e-01,-9.639532029950392822e-02,-9.083847301366956284e-01,0.000000000000000000e+00,4.378361945039412340e-01,-3.174975215276850185e-03,3.494382721592744767e-01,1.000000000000000000e+00
8.986657797941816073e-01,9.480347044990954097e-02,-4.282439317944582990e-01,0.000000000000000000e+00,1.252116066757126833e-01,-9.911736143844847025e-01,4.333205052719513173e-02,0.000000000000000000e+00,-4.203641502557604048e-01,-9.256392386858192101e-02,-9.026216822001362772e-01,0.000000000000000000e+00,4.320947587097686560e-01,-8.636479908377398332e-03,3.551062333942375804e-01,1.000000000000000000e+00
8.919453345554259061e-01,1.019702606009501300e-01,-4.404728516253778037e-01,0.000000000000000000e+00,1.307097176831285290e-01,-9.907817678016450635e-01,3.531579244831555692e-02,0.000000000000000000e+00,-4.328196431620884854e-01,-8.907555337386752203e-02,-8.970689506856101003e-01,0.000000000000000000e+00,4.266874645302081714e-01,-1.395639190003454891e-02,3.606844094736378903e-01,1.000000000000000000e+00
8.850390173729043575e-01,1.121201362226219994e-01,-4.517917215733739944e-01,0.000000000000000000e+00,1.386436018649896407e-01,-9.899935716310966916e-01,2.591190252017652393e-02,0.000000000000000000e+00,-4.443742096139952080e-01,-8.557272385654295099e-02,-8.917448462209967008e-01,0.000000000000000000e+00,4.215712929187847013e-01,-1.862415304590277210e-02,3.662326935598790856e-01,1.000000000000000000e+00
8.691694673811501959e-01,1.356003251945894772e-01,-4.755394154859274303e-01,0.000000000000000000e+00,1.549115956190153243e-01,-9.879175495362639836e-01,1.435187180198308843e-03,0.000000000000000000e+00,-4.696081636187823816e-01,-7.491543286389408529e-02,-8.796907698625753280e-01,0.000000000000000000e+00,4.118028031336561368e-01,-2.679029345321636002e-02,3.767590108908189794e-01,1.000000000000000000e+00
8.489693426152923328e-01,1.610962006000108415e-01,-5.032691291474248318e-01,0.000000000000000000e+00,1.689642935332258955e-01,-9.851460166155674436e-01,-3.031732769401278976e-02,0.000000000000000000e+00,-5.006872239496087396e-01,-5.929717275556320444e-02,-8.635948987093606810e-01,0.000000000000000000e+00,4.022237562278219158e-01,-3.295147284524532066e-02,3.872785797567681043e-01,1.000000000000000000e+00
8.378783783183740841e-01,1.736091518996287775e-01,-5.174943791235527835e-01,0.000000000000000000e+00,1.742051921812282633e-01,-9.835339016562719694e-01,-4.789950115711643502e-02,0.000000000000000000e+00,-5.172990171659623826e-01,-5.001721440251031409e-02,-8.543418549401302631e-01,0.000000000000000000e+00,3.979223769488422491e-01,-3.516288427389539090e-02,3.926008852386401737e-01,1.000000000000000000e+00
8.263300602425993624e-01,1.861668234653048870e-01,-5.315085063115251307e-01,0.000000000000000000e+00,1.783455638006497257e-01,-9.817029163645699663e-01,-6.658070873109411814e-02,0.000000000000000000e+00,-5.341888545579274172e-01,-3.977530896416307804e-02,-8.444289149850890963e-01,0.000000000000000000e+00,3.938190031446160422e-01,-3.708054593452093234e-02,3.977725400996181548e-01,1.000000000000000000e+00
8.149606548276231432e-01,1.983285652318465264e-01,-5.445049661823272436e-01,0.000000000000000000e+00,1.813944284885635749e-01,-9.796902045274253901e-01,-8.534583392015482328e-02,0.000000000000000000e+00,-5.503832950592157935e-01,-2.921723297372181422e-02,-8.344007321527944221e-01,0.000000000000000000e+00,3.901451349615379649e-01,-3.866057400989834913e-02,4.028574664861203081e-01,1.000000000000000000e+00
7.924289663801731276e-01,2.215759545067108871e-01,-5.682791361006481745e-01,0.000000000000000000e+00,1.861251196102805816e-01,-9.750802735560357704e-01,-1.206509298478617986e-01,0.000000000000000000e+00,-5.808623038276897743e-01,-1.016392623368798410e-02,-8.139383751829771807e-01,0.000000000000000000e+00,3.837948363509812721e-01,-4.102546953983953609e-02,4.122179926593733668e-01,1.000000000000000000e+00
7.707195063021882175e-01,2.430312204487390104e-01,-5.889889773108797355e-01,0.000000000000000000e+00,1.905678316635970315e-01,-9.700001172156790252e-01,-1.508788289913874647e-01,0.000000000000000000e+00,-6.079993488514783273e-01,4.042982151735253354e-03,-7.939272297203939788e-01,0.000000000000000000e+00,3.788519757044161440e-01,-4.293297020478543252e-02,4.205135627974539436e-01,1.000000000000000000e+00
7.597788092450954434e-01,2.553737112615606653e-01,-5.979140201733106341e-01,0.000000000000000000e+00,1.945934233993689144e-01,-9.667857279462446218e-01,-1.656487328969708794e-01,0.000000000000000000e+00,-6.203690169541649091e-01,9.506443977920582891e-03,-7.842524531846984948e-01,0.000000000000000000e+00,3.769371719020450651e-01,-4.357119227007349993e-02,4.240902722253212520e-01,1.000000000000000000e+00
7.490357906817627365e-01,2.679159107784617744e-01,-6.059267248856927690e-01,0.000000000000000000e+00,1.989707816574384780e-01,-9.633269245970629280e-01,-1.799794746469745577e-01,0.000000000000000000e+00,-6.319370600334253130e-01,1.424962837054959998e-02,-7.748887018453759490e-01,0.000000000000000000e+00,3.754008832752442903e-01,-4.408140524610792976e-02,4.274902731992611393e-01,1.000000000000000000e+00
7.169896583386037303e-01,3.159185360200248427e-01,-6.213711091897218264e-01,0.000000000000000000e+00,2.203265388682366377e-01,-9.484049105655517620e-01,-2.279585242685604751e-01,0.000000000000000000e+00,-6.613404673526575017e-01,2.653986956492948579e-02,-7.496161828330851762e-01,0.000000000000000000e+00,3.731120588701581919e-01,-4.518827211109454484e-02,4.356135242344337244e-01,1.000000000000000000e+00
7.065287918964976432e-01,3.352521980349847386e-01,-6.232204881381830930e-01,0.000000000000000000e+00,2.297654790692258420e-01,-9.416195696487381639e-01,-2.460511279873000001e-01,0.000000000000000000e+00,-6.693386761673394414e-01,3.064824225244706934e-02,-7.423250109173128441e-01,0.000000000000000000e+00,3.731763274389739982e-01,-4.576602419599264809e-02,4.376780575044644794e-01,1.000000000000000000e+00
6.955975784284617047e-01,3.560687808834331336e-01,-6.239709761406008193e-01,0.000000000000000000e+00,2.398926414168075227e-01,-9.337954924585646355e-01,-2.654397215176023117e-01,0.000000000000000000e+00,-6.771891209729210548e-01,3.495385484259738024e-02,-7.349783142838741679e-01,0.000000000000000000e+00,3.734063134399903117e-01,-4.645920435534606208e-02,4.394790937467714653e-01,1.000000000000000000e+00
6.735456275330277132e-01,3.971316762101080311e-01,-6.233806752562179865e-01,0.000000000000000000e+00,2.579691896134798101e-01,-9.166580403966628765e-01,-3.052387280269704406e-01,0.000000000000000000e+00,-6.926602117625915156e-01,4.478006515477699762e-02,-7.198726115124370883e-01,0.000000000000000000e+00,3.742549991410408228e-01,-4.849773178398073675e-02,4.423602574741470894e-01,1.000000000000000000e+00
6.624197150161154068e-01,4.161956300530628150e-01,-6.228660093341993331e-01,0.000000000000000000e+00,2.648476984276503243e-01,-9.078720673562927779e-01,-3.249688490501756455e-01,0.000000000000000000e+00,-7.007467580048197808e-01,5.030211184748312192e-02,-7.116345120140099567e-01,0.000000000000000000e+00,3.746623585730401440e-01,-4.979965716747798699e-02,4.436697343204165089e-01,1.000000000000000000e+00
6.383662669237274434e-01,4.536865500617526248e-01,-6.218020347732370334e-01,0.000000000000000000e+00,2.751280398086788370e-01,-8.889448573399801878e-01,-3.661452569965162884e-01,0.000000000000000000e+00,-7.188767401683252567e-01,6.266081229929580665e-02,-6.923076303544219989e-01,0.000000000000000000e+00,3.752796710868708807e-01,-5.284592911101532176e-02,4.457092070214476176e-01,1.000000000000000000e+00
6.112427235871293885e-01,4.928137452974639121e-01,-6.192719049084034477e-01,0.000000000000000000e+00,2.822122730039085536e-01,-8.667474767788045931e-01,-4.112004272429093388e-01,0.000000000000000000e+00,-7.394118196056687076e-01,7.657861157206023728e-02,-6.688840536872810993e-01,0.000000000000000000e+00,3.753817380871479203e-01,-5.644380643216474758e-02,4.472874562657639941e-01,1.000000000000000000e+00
5.964745487357872022e-01,5.143262328003638251e-01,-6.161715555468565420e-01,0.000000000000000000e+00,2.856432281208837742e-01,-8.534607394062564412e-01,-4.358823917320071017e-01,0.000000000000000000e+00,-7.500784212156044184e-01,8.398913775872068888e-02,-6.559940447635579375e-01,0.000000000000000000e+00,3.753838451575736146e-01,-5.843099977172922649e-02,4.478717944671837259e-01,1.000000000000000000e+00
5.810042113860510726e-01,5.366934466375522517e-01,-6.118619105559571780e-01,0.000000000000000000e+00,2.885840929312674663e-01,-8.387709142747649116e-01,-4.616961355425460711e-01,0.000000000000000000e+00,-7.610159163251112302e-01,9.167554971231653416e-02,-6.422229898444902219e-01,0.000000000000000000e+00,3.753336626907115559e-01,-6.054034520139685988e-02,4.482306427195403842e-01,1.000000000000000000e+00
5.658324943885256753e-01,5.597108914043085193e-01,-6.054238624622105824e-01,0.000000000000000000e+00,2.916533415613513647e-01,-8.226761320304428748e-01,-4.879785415822455730e-01,0.000000000000000000e+00,-7.712095140774790636e-01,9.954213933811580095e-02,-6.287505450433977794e-01,0.000000000000000000e+00,3.755289700882230575e-01,-6.284135928726515552e-02,4.485012115295591850e-01,1.000000000000000000e+00
5.375484976251470037e-01,6.077271020747130326e-01,-5.845426665402851940e-01,0.000000000000000000e+00,2.997062984531023155e-01,-7.856552631448070478e-01,-5.412048494439166690e-01,0.000000000000000000e+00,-7.881690519780301107e-01,1.157349631060046319e-01,-6.044790846827583497e-01,0.000000000000000000e+00,3.771531844708190251e-01,-6.824879357654210776e-02,4.480445671215858572e-01,1.000000000000000000e+00
5.109538684523324825e-01,6.594060471554702429e-01,-5.514440644250353518e-01,0.000000000000000000e+00,3.125977976777702949e-01,-7.401245429178183732e-01,-5.953814111633873862e-01,0.000000000000000000e+00,-8.007508059467925987e-01,1.318347733847131942e-01,-5.843096262275363495e-01,0.000000000000000000e+00,3.802458590089309864e-01,-7.450782824583984665e-02,4.466807688681418975e-01,1.000000000000000000e+00
4.976266147896229453e-01,6.859177752177568754e-01,-5.309098838734791492e-01,0.000000000000000000e+00,3.199323243876345813e-01,-7.140696315369178260e-01,-6.226785816373193727e-01,0.000000000000000000e+00,-8.062284549453535565e-01,1.400088970992992565e-01,-5.747983882801567246e-01,0.000000000000000000e+00,3.820115593266443788e-01,-7.796899424580265581e-02,4.457939687605400603e-01,1.000000000000000000e+00
4.840019327898060220e-01,7.122830324512972044e-01,-5.083067554527725962e-01,0.000000000000000000e+00,3.272076916014725056e-01,-6.860576089179266646e-01,-6.498006084206610078e-01,0.000000000000000000e+00,-8.115852906291030067e-01,1.481857233608273039e-01,-5.651285760130193569e-01,0.000000000000000000e+00,3.838553431263180826e-01,-8.180041333334220344e-02,4.447823664299787039e-01,1.000000000000000000e+00
4.693749457125379609e-01,7.382119869029800663e-01,-4.844697819589113275e-01,0.000000000000000000e+00,3.333844602873737295e-01,-6.562171945443547871e-01,-6.769154615788013363e-01,0.000000000000000000e+00,-8.176402511245576266e-01,1.562154688784692380e-01,-5.541309836347816375e-01,0.000000000000000000e+00,3.853795184214645064e-01,-8.595171649972074834e-02,4.437199157881256406e-01,1.000000000000000000e+00
4.395763597864500438e-01,7.884665002571661363e-01,-4.302022184860487819e-01,0.000000000000000000e+00,3.442886187398912501e-01,-5.902859991258662120e-01,-7.300743339848101421e-01,0.000000000000000000e+00,-8.295974737319051773e-01,1.728130177112636168e-01,-5.309460353813439948e-01,0.000000000000000000e+00,3.883693848273198079e-01,-9.413484423003851131e-02,4.413285972559024550e-01,1.000000000000000000e+00
4.123865421295357936e-01,8.312527841404963036e-01,-3.727423984876504504e-01,0.000000000000000000e+00,3.515045877409796460e-01,-5.226595750827839337e-01,-7.766931442162574584e-01,0.000000000000000000e+00,-8.404619036575549096e-01,1.892807811666528950e-01,-5.077367175823120915e-01,0.000000000000000000e+00,3.914483193423049512e-01,-1.023265524972892804e-01,4.382463243290491972e-01,1.000000000000000000e+00
3.992991092008450482e-01,8.500161935530597956e-01,-3.435308413959179408e-01,0.000000000000000000e+00,3.553783023040356093e-01,-4.889055417874116904e-01,-7.966544924634940683e-01,0.000000000000000000e+00,-8.451396229507738278e-01,1.960237960426768900e-01,-4.973064338047947230e-01,0.000000000000000000e+00,3.932510477594093334e-01,-1.064103720487023508e-01,4.360670612038895499e-01,1.000000000000000000e+00
3.863433313668879765e-01,8.677533143964468731e-01,-3.126080014387417894e-01,0.000000000000000000e+00,3.618443186443988657e-01,-4.543491184532870153e-01,-8.140124781148626587e-01,0.000000000000000000e+00,-8.484115302703818529e-01,2.013767404120007098e-01,-4.895357839068625871e-01,0.000000000000000000e+00,3.953088200502353211e-01,-1.106199842694200186e-01,4.337134271173469502e-01,1.000000000000000000e+00
3.409641527819262663e-01,9.133835223762827304e-01,-2.223842046333470435e-01,0.000000000000000000e+00,3.923262894793865252e-01,-3.532328658379029207e-01,-8.492863898453141269e-01,0.000000000000000000e+00,-8.542940519906496721e-01,2.023329400762867436e-01,-4.787933312959598009e-01,0.000000000000000000e+00,4.025744964503418233e-01,-1.251769675100421475e-01,4.244170615637191668e-01,1.000000000000000000e+00
3.225550141553981121e-01,9.258645557594573638e-01,-1.967583140117891705e-01,0.000000000000000000e+00,4.021700395707115128e-01,-3.222277759790060925e-01,-8.569768179831492860e-01,0.000000000000000000e+00,-8.568619520553334423e-01,1.972956692764268050e-01,-4.763003401265741288e-01,0.000000000000000000e+00,4.048046184959797622e-01,-1.307218060882306687e-01,4.211691769823574516e-01,1.000000000000000000e+00
2.817686546936591374e-01,9.468180395438607899e-01,-1.553150737296740413e-01,0.000000000000000000e+00,4.172497378723786787e-01,-2.666839063760312323e-01,-8.687710269263472229e-01,0.000000000000000000e+00,-8.640047458769503086e-01,1.799907350719337495e-01,-4.702117973747274027e-01,0.000000000000000000e+00,4.083698056596007930e-01,-1.427607042771897317e-01,4.148452236308468599e-01,1.000000000000000000e+00
2.586721464673127913e-01,9.564018752019132208e-01,-1.355172337876832667e-01,0.000000000000000000e+00,4.234893962372281995e-01,-2.383749341858517889e-01,-8.739650272909823547e-01,0.000000000000000000e+00,-8.681824178490341604e-01,1.686835457112067505e-01,-4.666959939233465415e-01,0.000000000000000000e+00,4.097405430431220741e-01,-1.490287980180295957e-01,4.119425592970437644e-01,1.000000000000000000e+00
2.331649033084355893e-01,9.656749267467785725e-01,-1.143975988339793193e-01,0.000000000000000000e+00,4.284575865192419841e-01,-2.076261722441207214e-01,-8.793726263959832368e-01,0.000000000000000000e+00,-8.729568392621481765e-01,1.560273183150749365e-01,-4.621707830714166243e-01,0.000000000000000000e+00,4.107900772160026359e-01,-1.553538278713022525e-01,4.090280661694415398e-01,1.000000000000000000e+00
1.777560012896158559e-01,9.815176094993758316e-01,-7.075827265673659272e-02,0.000000000000000000e+00,4.345014423318532271e-01,-1.427975677428379164e-01,-8.892682936883993250e-01,0.000000000000000000e+00,-8.829535986505564482e-01,1.273306559431250928e-01,-4.518626413935164510e-01,0.000000000000000000e+00,4.121598498159211310e-01,-1.675538415578720630e-01,4.037895663549695424e-01,1.000000000000000000e+00
1.242442659245860531e-01,9.914177701874282711e-01,-4.043407279333498250e-02,0.000000000000000000e+00,4.309492717084532076e-01,-9.062256939406276857e-02,-8.978034428713116410e-01,0.000000000000000000e+00,-8.937797349952063541e-01,9.412370765466003542e-02,-4.385185434724953590e-01,0.000000000000000000e+00,4.125492283033405649e-01,-1.795816274014692127e-01,3.996082295885123870e-01,1.000000000000000000e+00
1.028822075150521154e-01,9.940512285926186298e-01,-3.547045547414612310e-02,0.000000000000000000e+00,4.256155363491455623e-01,-7.622461359156612604e-02,-9.016773094640087027e-01,0.000000000000000000e+00,-8.990344682286524058e-01,7.767127054535799546e-02,-4.309341001460594289e-01,0.000000000000000000e+00,4.124890632475555208e-01,-1.851756491626853351e-01,3.978724107644215358e-01,1.000000000000000000e+00
8.632162476550601926e-02,9.955734014793850006e-01,-3.691783127187982932e-02,0.000000000000000000e+00,4.197233995914577132e-01,-6.994934117491889702e-02,-9.049420447773397491e-01,0.000000000000000000e+00,-9.035360035036981152e-01,6.262199564429067611e-02,-4.239117550081523134e-01,0.000000000000000000e+00,4.124395099481496518e-01,-1.902328579306141187e-01,3.961971275219732247e-01,1.000000000000000000e+00
7.477295963164427850e-02,9.962606221629883851e-01,-4.306418624040296572e-02,0.000000000000000000e+00,4.144441392444462302e-01,-7.032617212916188187e-02,-9.073428414115570773e-01,0.000000000000000000e+00,-9.069959455564999828e-01,4.999797267016866525e-02,-4.181609229386979987e-01,0.000000000000000000e+00,4.124969115738729153e-01,-1.944801874485514170e-01,3.944629798973685597e-01,1.000000000000000000e+00
6.093018088397333942e-02,9.966416084742562020e-01,-5.453223098775433070e-02,0.000000000000000000e+00,4.066202199008965290e-01,-7.467944400840033359e-02,-9.105293648815235841e-01,0.000000000000000000e+00,-9.115614378516856409e-01,3.330545237963844496e-02,-4.098127521973358167e-01,0.000000000000000000e+00,4.131060450311768162e-01,-2.001101625779750093e-01,3.903766883274303323e-01,1.000000000000000000e+00
5.322478332202938006e-02,9.973081559588820033e-01,-5.024252580658881973e-02,0.000000000000000000e+00,4.022474300814177228e-01,-6.746413904779419157e-02,-9.130314024373111792e-01,0.000000000000000000e+00,-9.139808300076485148e-01,2.838651820287423078e-02,-4.047631998623983929e-01,0.000000000000000000e+00,4.141009459284910599e-01,-2.021346671917911009e-01,3.859229455135608777e-01,1.000000000000000000e+00
5.106099487850835478e-02,9.976918349674415154e-01,-4.454799818762673197e-02,0.000000000000000000e+00,3.998463899874841743e-01,-6.129805946410880196e-02,-9.145196330430089837e-01,0.000000000000000000e+00,-9.151570962563271294e-01,2.888448215840151018e-02,-4.020611593553009566e-01,0.000000000000000000e+00,4.144404330395018987e-01,-2.023568725837653626e-01,3.838612009111313506e-01,1.000000000000000000e+00
5.007841765109156962e-02,9.978794119932992146e-01,-4.134704471516952723e-02,0.000000000000000000e+00,3.968447711678704248e-01,-5.787200063227016661e-02,-9.160490194529694596e-01,0.000000000000000000e+00,-9.165169388778349191e-01,2.946649420790351318e-02,-3.989090453588363117e-01,0.000000000000000000e+00,4.146249684356549947e-01,-2.024029582954582906e-01,3.821224527427949935e-01,1.000000000000000000e+00
4.997322924659843707e-02,9.979386438409177940e-01,-4.002357291428762509e-02,0.000000000000000000e+00,3.940378314910163993e-01,-5.652324282786897608e-02,-9.173440234041357888e-01,0.000000000000000000e+00,-9.177329819859341153e-01,3.007242028718212778e-02,-3.960578534927395866e-01,0.000000000000000000e+00,4.147694338944269976e-01,-2.024876159452121405e-01,3.805532789858578901e-01,1.000000000000000000e+00
4.997096761282449062e-02,9.980642786486946250e-01,-3.676064447894451803e-02,0.000000000000000000e+00,3.868984910088401064e-01,-5.327762248466457601e-02,-9.205714526850549140e-01,0.000000000000000000e+00,-9.207657302010999745e-01,3.177982023001803269e-02,-3.888193836646817725e-01,0.000000000000000000e+00,4.150571610743291062e-01,-2.027790670778077398e-01,3.766031653547121660e-01,1.000000000000000000e+00
4.977917335673492927e-02,9.981043948177270586e-01,-3.592210804876667246e-02,0.000000000000000000e+00,3.851990937653256841e-01,-5.237049196305931104e-02,-9.213358435636416210e-01,0.000000000000000000e+00,-9.214883545411578503e-01,3.202678982495151677e-02,-3.870833207185984670e-01,0.000000000000000000e+00,4.151676556144324182e-01,-2.027671885287981313e-01,3.756421344779324878e-01,1.000000000000000000e+00
4.950917342967515317e-02,9.981427781698342105e-01,-3.522191129004637739e-02,0.000000000000000000e+00,3.839307614803120217e-01,-5.157531094450551468e-02,-9.219099221677428124e-01,0.000000000000000000e+00,-9.220320639361062609e-01,3.212084142649476726e-02,-3.857785953364674669e-01,0.000000000000000000e+00,4.152819144855287026e-01,-2.027063412076334226e-01,3.749068367641854027e-01,1.000000000000000000e+00
