9.995753523386651240e-01,2.216957201460787244e-02,1.839488991353790265e-02,0.000000000000000000e+00,2.572352601835274644e-02,-9.743490174223107259e-01,-2.235241359642597958e-01,0.000000000000000000e+00,1.296785815503867685e-02,2.239067092899603428e-01,-9.745243045659826020e-01,0.000000000000000000e+00,6.229942025610669676e-01,2.977120900219585864e-01,3.060994161684265844e-02,1.000000000000000000e+00
9.995754161778319657e-01,2.216959753083409812e-02,1.839138981815406637e-02,0.000000000000000000e+00,2.572274819275966601e-02,-9.743493623459386077e-01,-2.235227219382471264e-01,0.000000000000000000e+00,1.296447976401624534e-02,2.239052057648789895e-01,-9.745246949645942625e-01,0.000000000000000000e+00,6.229944151957425014e-01,2.977084805428064085e-01,3.060541848149010008e-02,1.000000000000000000e+00
9.995753199408464740e-01,2.217073178935142358e-02,1.839525260188752329e-02,0.000000000000000000e+00,2.572473133026903155e-02,-9.743490963101703040e-01,-2.235236533764345390e-01,0.000000000000000000e+00,1.296796445496221917e-02,2.239062511582060322e-01,-9.745244084116996275e-01,0.000000000000000000e+00,6.229946638453948138e-01,2.977113534870228229e-01,3.060894811603136895e-02,1.000000000000000000e+00
9.995751471495415430e-01,2.219009664097130671e-02,1.838128703994676427e-02,0.000000000000000000e+00,2.574046032676082646e-02,-9.743490158587755356e-01,-2.235221933017170759e-01,0.000000000000000000e+00,1.295005919559193835e-02,2.239046829095386604e-01,-9.745250068305121305e-01,0.000000000000000000e+00,6.229845794972636019e-01,2.977214256527472291e-01,3.060043874803242830e-02,1.000000000000000000e+00
9.995752065544906140e-01,2.218490099311902150e-02,1.838432785503201980e-02,0.000000000000000000e+00,2.573609808439288396e-02,-9.743487641050947445e-01,-2.235237930142414953e-01,0.000000000000000000e+00,1.295414331422678651e-02,2.239062933269318489e-01,-9.745245825424766473e-01,0.000000000000000000e+00,6.229866941440029837e-01,2.977193144052915352e-01,3.060258090898401728e-02,1.000000000000000000e+00
9.995749616603305521e-01,2.218719250994643025e-02,1.839487459819847195e-02,0.000000000000000000e+00,2.574065946076530692e-02,-9.743492363335344297e-01,-2.235212093023646596e-01,0.000000000000000000e+00,1.296397351302101646e-02,2.239040112675862726e-01,-9.745249761442946745e-01,0.000000000000000000e+00,6.229899436702901472e-01,2.977178131391080007e-01,3.060770520599720781e-02,1.000000000000000000e+00
9.995751808299253582e-01,2.218170383730040315e-02,1.838958359791462854e-02,0.000000000000000000e+00,2.573414811156888443e-02,-9.743489982205340016e-01,-2.235229970021476997e-01,0.000000000000000000e+00,1.296000095617225178e-02,2.239055912925566050e-01,-9.745246659593316263e-01,0.000000000000000000e+00,6.229895484690781693e-01,2.977178096679015118e-01,3.060616884938876375e-02,1.000000000000000000e+00
9.995751598675084448e-01,2.218589483084034905e-02,1.838566690680553187e-02,0.000000000000000000e+00,2.573737086756254511e-02,-9.743486591871654001e-01,-2.235241038058463914e-01,0.000000000000000000e+00,1.295521706778767455e-02,2.239066514206783098e-01,-9.745244859931972981e-01,0.000000000000000000e+00,6.229859816880207735e-01,2.977205358240246902e-01,3.060489624354658517e-02,1.000000000000000000e+00
9.995752570727329811e-01,2.217624053886130958e-02,1.839202829353158222e-02,0.000000000000000000e+00,2.572933880028234130e-02,-9.743496668093742930e-01,-2.235206362163678351e-01,0.000000000000000000e+00,1.296366883641442147e-02,2.239032229650970429e-01,-9.745251613150589520e-01,0.000000000000000000e+00,6.229913110913906094e-01,2.977148173229721695e-01,3.060639042727465037e-02,1.000000000000000000e+00
9.995751214443466814e-01,2.217996646915464110e-02,1.839490631003944110e-02,0.000000000000000000e+00,2.573358763624902096e-02,-9.743500308516042097e-01,-2.235185601869643657e-01,0.000000000000000000e+00,1.296569299028681350e-02,2.239012696708049810e-01,-9.745255831660259993e-01,0.000000000000000000e+00,6.229917931915918139e-01,2.977145701785375298e-01,3.060726498831954981e-02,1.000000000000000000e+00
9.995787908656860177e-01,2.216161730011377562e-02,1.821676347063362622e-02,0.000000000000000000e+00,2.567451179343462411e-02,-9.743741911213039675e-01,-2.234200125818673888e-01,0.000000000000000000e+00,1.279884177288576064e-02,2.237979213438332504e-01,-9.745515276533366356e-01,0.000000000000000000e+00,6.229427792967332511e-01,2.976577884075309877e-01,3.051268929721694806e-02,1.000000000000000000e+00
9.995844976833392348e-01,2.202852107458494815e-02,1.806441672518117880e-02,0.000000000000000000e+00,2.550874123557790238e-02,-9.744125038444715337e-01,-2.232718597883141254e-01,0.000000000000000000e+00,1.268408887098136824e-02,2.236441961889446550e-01,-9.745883168807809582e-01,0.000000000000000000e+00,6.229434790401392474e-01,2.975181017148620377e-01,3.043650044203139934e-02,1.000000000000000000e+00
9.995919092085012725e-01,2.302699874929516055e-02,1.632541805625128267e-02,0.000000000000000000e+00,2.605637501677503937e-02,-9.751509160159478329e-01,-2.199602309860834159e-01,0.000000000000000000e+00,1.085493139915212624e-02,2.203000899158961690e-01,-9.753717449502868897e-01,0.000000000000000000e+00,6.226851501231054353e-01,2.968266264826713852e-01,3.116143730033267209e-02,1.000000000000000000e+00
9.996106658712416992e-01,2.455443292472304223e-02,1.250373549810086284e-02,0.000000000000000000e+00,2.666810231944072643e-02,-9.762897285364342537e-01,-2.147741259419845283e-01,0.000000000000000000e+00,6.933745161804344068e-03,2.150280978996314818e-01,-9.765832480089433609e-01,0.000000000000000000e+00,6.218926875053245595e-01,2.956840889239654158e-01,3.163208488401274276e-02,1.000000000000000000e+00
9.996157164662775596e-01,2.687883739779207276e-02,5.166661878049932585e-03,0.000000000000000000e+00,2.736685668292899651e-02,-9.782544831624274684e-01,-2.055479706275789853e-01,0.000000000000000000e+00,-4.705893950622995958e-04,2.056143359353452271e-01,-9.786329870812082721e-01,0.000000000000000000e+00,6.204193374404929351e-01,2.934750520512687255e-01,3.212544504105330906e-02,1.000000000000000000e+00
9.993508089851508291e-01,3.133519065761526667e-02,-1.722827061499781348e-02,0.000000000000000000e+00,2.777113401334746490e-02,-9.836093258197946554e-01,-1.781072855813317368e-01,0.000000000000000000e+00,-2.252734711709983989e-02,1.775166290649825840e-01,-9.838599316148975982e-01,0.000000000000000000e+00,6.166252199457509242e-01,2.860424103422042896e-01,3.378994558836273532e-02,1.000000000000000000e+00
9.986032399671972426e-01,3.304567647689893306e-02,-4.099145391918147807e-02,0.000000000000000000e+00,2.678208211236018238e-02,-9.890731288705696400e-01,-1.449062204500427831e-01,0.000000000000000000e+00,-4.533294246490076479e-02,1.436087496614896764e-01,-9.885956966061190121e-01,0.000000000000000000e+00,6.135659115414773268e-01,2.763264321498084541e-01,3.844350927960209219e-02,1.000000000000000000e+00
9.981010675912502794e-01,3.305112597314114470e-02,-5.179410049728386256e-02,0.000000000000000000e+00,2.623096348025439825e-02,-9.915170228499728955e-01,-1.272268715909993519e-01,0.000000000000000000e+00,-5.556079340382651111e-02,1.256290859518374436e-01,-9.905202325037300026e-01,0.000000000000000000e+00,6.124351149218866253e-01,2.709866158066439046e-01,4.212353214410879260e-02,1.000000000000000000e+00
9.975235507543988023e-01,3.293476349978749496e-02,-6.199043430044053754e-02,0.000000000000000000e+00,2.602880035805898995e-02,-9.936817117118572629e-01,-1.090866823334634556e-01,0.000000000000000000e+00,-6.519276011170324625e-02,1.072050620924295261e-01,-9.920972627171068536e-01,0.000000000000000000e+00,6.114025868731125524e-01,2.655582022801299402e-01,4.643625650139206890e-02,1.000000000000000000e+00
9.968987652581061676e-01,3.279272637851850941e-02,-7.140193151963991625e-02,0.000000000000000000e+00,2.628769774888291277e-02,-9.955661183616992815e-01,-9.020979890505650967e-02,0.000000000000000000e+00,-7.404499465428741878e-02,8.805474007476790654e-02,-9.933598046614388055e-01,0.000000000000000000e+00,6.104659669046169634e-01,2.599677097297313777e-01,5.149353763496421210e-02,1.000000000000000000e+00
9.954401281954216030e-01,3.267060421268298126e-02,-8.951161768099794025e-02,0.000000000000000000e+00,2.820764206625682100e-02,-9.983069729770687184e-01,-5.067803800101629286e-02,0.000000000000000000e+00,-9.101750658425024343e-02,4.792296363766028466e-02,-9.946955328397576457e-01,0.000000000000000000e+00,6.081247131419792451e-01,2.488050269349062760e-01,6.298973144450611961e-02,1.000000000000000000e+00
9.939905089065060872e-01,3.196626578038324479e-02,-1.046029299639900240e-01,0.000000000000000000e+00,3.102518892275935372e-02,-9.994526373301410027e-01,-1.061179943935027653e-02,0.000000000000000000e+00,-1.048869132243584468e-01,7.302842863481769954e-03,-9.944573414281667745e-01,0.000000000000000000e+00,6.054281408510671092e-01,2.379573339599130588e-01,7.634945384391658707e-02,1.000000000000000000e+00
9.932236287391376095e-01,3.134981698778331605e-02,-1.118246805955670775e-01,0.000000000000000000e+00,3.272267084240352425e-02,-9.994000792014350321e-01,1.046209378248467298e-02,0.000000000000000000e+00,-1.114317553250888521e-01,-1.405067148500050052e-02,-9.936727542485958020e-01,0.000000000000000000e+00,6.038732541638781592e-01,2.325665985908332567e-01,8.378799073921787410e-02,1.000000000000000000e+00
9.923634472145406171e-01,3.046955837895318209e-02,-1.194451403192004352e-01,0.000000000000000000e+00,3.456207922476474403e-02,-9.988694802172015663e-01,3.234147602517393333e-02,0.000000000000000000e+00,-1.183269528938135917e-01,-3.622346845309010882e-02,-9.923137571111735333e-01,0.000000000000000000e+00,6.019821561565884549e-01,2.271279335844726688e-01,9.153149448151748357e-02,1.000000000000000000e+00
9.914517102762844258e-01,2.915669784643436582e-02,-1.270989380841956173e-01,0.000000000000000000e+00,3.636205900863745399e-02,-9.978284901919792782e-01,5.474350853805196038e-02,0.000000000000000000e+00,-1.252292126064610545e-01,-5.889825822711304559e-02,-9.903780285768553071e-01,0.000000000000000000e+00,5.998904479431994563e-01,2.216624325655221217e-01,9.951656399467968817e-02,1.000000000000000000e+00
9.896323251959124878e-01,2.531173054755365970e-02,-1.413079053882962954e-01,0.000000000000000000e+00,3.975931813542209203e-02,-9.941454164163893159e-01,1.003734752855473533e-01,0.000000000000000000e+00,-1.379426359078230468e-01,-1.049531623738177849e-01,-9.848637788580391073e-01,0.000000000000000000e+00,5.953389046779272720e-01,2.109265296463951889e-01,1.166757770358562568e-01,1.000000000000000000e+00
9.877838855577164567e-01,1.965154879573875746e-02,-1.545236517936238174e-01,0.000000000000000000e+00,4.252034117353566817e-02,-9.883434559792726448e-01,1.461163252707992632e-01,0.000000000000000000e+00,-1.498539131005278691e-01,-1.509046552952873765e-01,-9.771241424397772990e-01,0.000000000000000000e+00,5.898601845414452871e-01,2.003259100923631131e-01,1.344997326509634328e-01,1.000000000000000000e+00
9.867954198862498583e-01,1.625946965630176155e-02,-1.610936865281321073e-01,0.000000000000000000e+00,4.378054825388002363e-02,-9.846681199812055141e-01,1.687978198570000976e-01,0.000000000000000000e+00,-1.558822556409504290e-01,-1.736250282579339388e-01,-9.723965610483827904e-01,0.000000000000000000e+00,5.866548886554013853e-01,1.951334364283108525e-01,1.433190618817678508e-01,1.000000000000000000e+00
9.842677113171117709e-01,7.099698138374509540e-03,-1.764862987490166957e-01,0.000000000000000000e+00,4.569966754103765155e-02,-9.753953572001199390e-01,2.156297392297669979e-01,0.000000000000000000e+00,-1.706162952434241709e-01,-2.203069966943385638e-01,-9.603931002485021073e-01,0.000000000000000000e+00,5.789482568016091069e-01,1.841357152836953781e-01,1.607622603539728134e-01,1.000000000000000000e+00
9.816479966065038143e-01,-4.588578029019740878e-03,-1.905961768014177993e-01,0.000000000000000000e+00,4.631630461673175159e-02,-9.640120231433462195e-01,2.617563104548409902e-01,0.000000000000000000e+00,-1.849416559568049512e-01,-2.657853855329087578e-01,-9.461261611059479382e-01,0.000000000000000000e+00,5.704482970308588641e-01,1.729489687074565185e-01,1.783037618117636058e-01,1.000000000000000000e+00
9.805325676230530751e-01,-1.123440410541080847e-02,-1.959857619730250300e-01,0.000000000000000000e+00,4.573134017133225621e-02,-9.578114081138530134e-01,2.837017763678975624e-01,0.000000000000000000e+00,-1.909082946230458711e-01,-2.871470512413072385e-01,-9.386695872390574680e-01,0.000000000000000000e+00,5.662809470262389899e-01,1.674856554250580276e-01,1.872174739210773486e-01,1.000000000000000000e+00
9.789606443853298146e-01,-2.470359982054680034e-02,-2.025007056821636897e-01,0.000000000000000000e+00,4.310378352794127371e-02,-9.451729873099411483e-01,3.236832321983744709e-01,0.000000000000000000e+00,-1.993981769916321478e-01,-3.256079611138690821e-01,-9.242401325801011813e-01,0.000000000000000000e+00,5.583368531773081900e-01,1.572022951839272265e-01,2.046978729474715486e-01,1.000000000000000000e+00
9.783625704165428427e-01,-3.047164919283984474e-02,-2.045944923613823574e-01,0.000000000000000000e+00,4.217669620264335312e-02,-9.389151604687556718e-01,3.415262722552526164e-01,0.000000000000000000e+00,-2.025076382843772338e-01,-3.427722407653035486e-01,-9.173319177905109312e-01,0.000000000000000000e+00,5.545278972355708325e-01,1.522740113902050219e-01,2.130937394677767383e-01,1.000000000000000000e+00
9.778028298668727247e-01,-3.539948606238695061e-02,-2.064685186464573219e-01,0.000000000000000000e+00,4.186542337297059768e-02,-9.327023461808469085e-01,3.581820300570005555e-01,0.000000000000000000e+00,-2.052570833697387187e-01,-3.588822041380513306e-01,-9.105345096587840192e-01,0.000000000000000000e+00,5.507201297035266840e-01,1.473740899264439075e-01,2.213363822367317713e-01,1.000000000000000000e+00
9.761323516088483698e-01,-4.561853505548675580e-02,-2.122859587989257557e-01,0.000000000000000000e+00,4.165786666069200284e-02,-9.201636796420029629e-01,3.892867474165769837e-01,0.000000000000000000e+00,-2.131006229657563811e-01,-3.888462548668455421e-01,-8.963184225305396158e-01,0.000000000000000000e+00,5.424052429583462454e-01,1.374085477579801151e-01,2.370455729101789699e-01,1.000000000000000000e+00
9.721377086346826291e-01,-4.037510748825260537e-02,-2.308654869118149100e-01,0.000000000000000000e+00,6.002977321102367231e-02,-9.092856606963436450e-01,4.117969894030983347e-01,0.000000000000000000e+00,-2.265533863638109213e-01,-4.141901589666065475e-01,-8.815441425942930342e-01,0.000000000000000000e+00,5.327039731177893866e-01,1.274972040044432819e-01,2.510104199539671121e-01,1.000000000000000000e+00
9.686939204380782265e-01,-3.158664676829881640e-02,-2.462013792679659807e-01,0.000000000000000000e+00,7.689112107583828681e-02,-9.048871362882446867e-01,4.186260538726283564e-01,0.000000000000000000e+00,-2.360119982900064362e-01,-4.244593855442129748e-01,-8.741467649580286770e-01,0.000000000000000000e+00,5.274560537956988204e-01,1.222546997826637061e-01,2.574189502611390901e-01,1.000000000000000000e+00
9.641733386696993424e-01,-2.392730461654150875e-02,-2.641552649362126637e-01,0.000000000000000000e+00,9.348184224928178521e-02,-9.013516355631985277e-01,4.228559106107372401e-01,0.000000000000000000e+00,-2.482193612668579519e-01,-4.324084411182899657e-01,-8.668391366002826670e-01,0.000000000000000000e+00,5.217548453273753717e-01,1.167942130691414782e-01,2.638092321682935504e-01,1.000000000000000000e+00
9.589263960557019573e-01,-2.242709349284391362e-02,-2.827329823814237475e-01,0.000000000000000000e+00,1.044054510697649124e-01,-8.989467038046736747e-01,4.254116505302123485e-01,0.000000000000000000e+00,-2.637077066185596341e-01,-4.374657480121411646e-01,-8.596987639784982038e-01,0.000000000000000000e+00,5.154908151929312732e-01,1.112168667767725605e-01,2.700037067629655896e-01,1.000000000000000000e+00
9.466874802978427761e-01,-3.607487986973425403e-02,-3.200971174361217919e-01,0.000000000000000000e+00,1.092840196391896973e-01,-8.987969538884766907e-01,4.245018087517473671e-01,0.000000000000000000e+00,-3.030219999677737919e-01,-4.368604582949672799e-01,-8.469537221795777615e-01,0.000000000000000000e+00,5.018874897006602165e-01,9.976102250233161162e-02,2.821903497907761182e-01,1.000000000000000000e+00
9.310416251761781670e-01,-5.428404269942383592e-02,-3.608261101953639804e-01,0.000000000000000000e+00,1.073764406044540043e-01,-9.043167660020828835e-01,4.131128582262486026e-01,0.000000000000000000e+00,-3.487332512923564942e-01,-4.233776416256314068e-01,-8.361438225655802858e-01,0.000000000000000000e+00,4.875987491752144520e-01,8.871480179392417231e-02,2.942425973785115501e-01,1.000000000000000000e+00
9.219319215300137982e-01,-5.873677632958829165e-02,-3.828475807310176005e-01,0.000000000000000000e+00,1.104523278824966065e-01,-9.075158455116195677e-01,4.052110811810015201e-01,0.000000000000000000e+00,-3.712481862487925777e-01,-4.158714440283745040e-01,-8.301961974429518110e-01,0.000000000000000000e+00,4.806607928102107352e-01,8.291296806638198680e-02,3.004136251169169380e-01,1.000000000000000000e+00
9.102094390925151712e-01,-5.972413239790698436e-02,-4.097957441182306093e-01,0.000000000000000000e+00,1.183216192907289022e-01,-9.107820780314196396e-01,3.955461384546646864e-01,0.000000000000000000e+00,-3.968659102375581837e-01,-4.085253902202458653e-01,-8.219516134400552954e-01,0.000000000000000000e+00,4.729355092382919734e-01,7.603949815344170082e-02,3.072055919835034454e-01,1.000000000000000000e+00
8.976127704087260017e-01,-5.514413802615033416e-02,-4.372998803358322251e-01,0.000000000000000000e+00,1.311090733300965538e-01,-9.138188889415717053e-01,3.843516566964723102e-01,0.000000000000000000e+00,-4.208157335971143831e-01,-4.023406837616295140e-01,-8.130412612821978913e-01,0.000000000000000000e+00,4.657754983477999100e-01,6.952752802987235969e-02,3.135153128983176329e-01,1.000000000000000000e+00
8.500527445696522966e-01,-3.173182873056023395e-02,-5.257225212944790504e-01,0.000000000000000000e+00,1.783626749925016908e-01,-9.218481112216778683e-01,3.440400600333520797e-01,0.000000000000000000e+00,-4.955628746644272775e-01,-3.862289085784777476e-01,-7.779747215897231394e-01,0.000000000000000000e+00,4.446233552962060576e-01,4.746488678550472851e-02,3.340955112293744200e-01,1.000000000000000000e+00
8.331579708041131349e-01,-2.393461734412843933e-02,-5.524994811575582032e-01,0.000000000000000000e+00,1.914565873557298459e-01,-9.247876072760566890e-01,3.287750043539381939e-01,0.000000000000000000e+00,-5.188237660877106361e-01,-3.797084912219715336e-01,-7.659264726045825755e-01,0.000000000000000000e+00,4.381598501050428252e-01,4.004165768273007520e-02,3.410180393314232172e-01,1.000000000000000000e+00
8.165498440470669861e-01,-1.515189096669445831e-02,-5.770593724115848921e-01,0.000000000000000000e+00,2.026420341928794888e-01,-9.285041738047475901e-01,3.111220855332253454e-01,0.000000000000000000e+00,-5.405265305453267333e-01,-3.709903182105506736e-01,-7.551140665956809217e-01,0.000000000000000000e+00,4.321584291834175695e-01,3.277993842360331367e-02,3.474310091385640620e-01,1.000000000000000000e+00
8.012935150645260629e-01,-3.465565455965213381e-03,-5.982453004184945522e-01,0.000000000000000000e+00,2.133857229832523961e-01,-9.325463367165635065e-01,2.912123108741124233e-01,0.000000000000000000e+00,-5.589114394652439088e-01,-3.610104927321958757e-01,-7.465182027065021542e-01,0.000000000000000000e+00,4.270103918882540150e-01,2.620863967734345101e-02,3.531530112232415530e-01,1.000000000000000000e+00
7.585341452529815731e-01,5.095336522166517973e-02,-6.496233154368188378e-01,0.000000000000000000e+00,2.492500052420552892e-01,-9.438017999311009154e-01,2.170100095268828744e-01,0.000000000000000000e+00,-6.020698558247123966e-01,-3.265344036649365789e-01,-7.286200463412975115e-01,0.000000000000000000e+00,4.152130705088032947e-01,6.293315993843059779e-03,3.674260435469064445e-01,1.000000000000000000e+00
7.449036317254407180e-01,7.155535292735794306e-02,-6.633092474938810934e-01,0.000000000000000000e+00,2.611353833773302213e-01,-9.461690861235634298e-01,1.911886997541535349e-01,0.000000000000000000e+00,-6.139339497629494602e-01,-3.156367484192764694e-01,-7.235043526999479502e-01,0.000000000000000000e+00,4.121579610377426595e-01,-3.166065569683610098e-04,3.711109186655301984e-01,1.000000000000000000e+00
7.142637474977684420e-01,1.135890612786884662e-01,-6.905835004324086812e-01,0.000000000000000000e+00,2.832625814572399814e-01,-9.492188029892144607e-01,1.368456097180742181e-01,0.000000000000000000e+00,-6.399830009525092622e-01,-2.933659712741369385e-01,-7.101817833415630110e-01,0.000000000000000000e+00,4.059006645163595328e-01,-1.367397386515062895e-02,3.771479606746706015e-01,1.000000000000000000e+00
6.970412545310511465e-01,1.370986189485847440e-01,-7.037884661355127136e-01,0.000000000000000000e+00,2.940734021887779215e-01,-9.498517968570535652e-01,1.062221494498773317e-01,0.000000000000000000e+00,-6.539444196312732549e-01,-2.810120993229289765e-01,-7.024164691030795327e-01,0.000000000000000000e+00,4.027184450097618940e-01,-1.988748537729910157e-02,3.796777212206564611e-01,1.000000000000000000e+00
6.782430313884777462e-01,1.627226186839092203e-01,-7.165811096050663798e-01,0.000000000000000000e+00,3.055662309944058297e-01,-9.493082239903848363e-01,7.364727585799300813e-02,0.000000000000000000e+00,-6.682851294773146655e-01,-2.689189180177334881e-01,-6.935975787527379754e-01,0.000000000000000000e+00,3.996235255649935314e-01,-2.601841410505964861e-02,3.820391810336905003e-01,1.000000000000000000e+00
6.370749129274940747e-01,2.231857933770673152e-01,-7.377698854346680379e-01,0.000000000000000000e+00,3.306708441065441817e-01,-9.437359470103967585e-01,4.560113597533771212e-05,0.000000000000000000e+00,-6.962631892046933224e-01,-2.439927397291234423e-01,-6.750445276557580643e-01,0.000000000000000000e+00,3.939409728132229338e-01,-3.818014221268083846e-02,3.865792810364934162e-01,1.000000000000000000e+00
5.917512733950234249e-01,2.924701249361682520e-01,-7.511806729119157033e-01,0.000000000000000000e+00,3.556271301317158740e-01,-9.309846246762195632e-01,-8.232690831050806790e-02,0.000000000000000000e+00,-7.234297462584861060e-01,-2.184273794945735259e-01,-6.549342578576232698e-01,0.000000000000000000e+00,3.886646387414789405e-01,-4.987640219815298731e-02,3.910605519970419275e-01,1.000000000000000000e+00
5.692758271640282475e-01,3.260659835316894739e-01,-7.547097149841335284e-01,0.000000000000000000e+00,3.649201459012677562e-01,-9.228099080206608740e-01,-1.234338190104537492e-01,0.000000000000000000e+00,-7.367153563170598662e-01,-2.051448395617858356e-01,-6.443338254102423113e-01,0.000000000000000000e+00,3.861588159461228908e-01,-5.549365305345121263e-02,3.931507589745805165e-01,1.000000000000000000e+00
5.472495111217343666e-01,3.570869261152281315e-01,-7.569594749230691422e-01,0.000000000000000000e+00,3.705473946360322568e-01,-9.143124194961533835e-01,-1.634263589043914999e-01,0.000000000000000000e+00,-7.504693139846645433e-01,-1.910580447223788891e-01,-6.326868358945429982e-01,0.000000000000000000e+00,3.835881018389170616e-01,-6.113006378976687527e-02,3.949642298270993335e-01,1.000000000000000000e+00
5.255252818635973711e-01,3.863848027389532591e-01,-7.579648469657248588e-01,0.000000000000000000e+00,3.740213431258680998e-01,-9.051257655360210874e-01,-2.020795149201459751e-01,0.000000000000000000e+00,-7.641486780992396977e-01,-1.773005496520431157e-01,-6.201945766066224719e-01,0.000000000000000000e+00,3.810673532508587202e-01,-6.625979973388627930e-02,3.964835855452222280e-01,1.000000000000000000e+00
4.829846848150494143e-01,4.410919704395104834e-01,-7.564022836752315460e-01,0.000000000000000000e+00,3.747776118533823198e-01,-8.848528785009952546e-01,-2.766909322026774865e-01,0.000000000000000000e+00,-7.913661227529209530e-01,-1.498480438343472165e-01,-5.926931951001531695e-01,0.000000000000000000e+00,3.761446603814721512e-01,-7.564038766206676589e-02,3.991033540064932716e-01,1.000000000000000000e+00
4.422556327729660341e-01,4.912362884273194785e-01,-7.503849752719886634e-01,0.000000000000000000e+00,3.700718721956186008e-01,-8.620609810458230715e-01,-3.462346332606707766e-01,0.000000000000000000e+00,-8.169763534394255400e-01,-1.245745542919546867e-01,-5.630548981616086968e-01,0.000000000000000000e+00,3.719298277022822230e-01,-8.395973724365442259e-02,4.005795918916316700e-01,1.000000000000000000e+00
4.223169601400786899e-01,5.166978985299930383e-01,-7.447499001234846316e-01,0.000000000000000000e+00,3.676244565234297879e-01,-8.486430650247958063e-01,-3.803129685566630780e-01,0.000000000000000000e+00,-8.285497017038966350e-01,-1.131778395202006349e-01,-5.483577011841118676e-01,0.000000000000000000e+00,3.701930728921712377e-01,-8.758303547988083304e-02,4.011868416448354235e-01,1.000000000000000000e+00
4.018283239220270531e-01,5.426555354687091492e-01,-7.375904790738496697e-01,0.000000000000000000e+00,3.647168568668237576e-01,-8.336795992102499220e-01,-4.146573128247347806e-01,0.000000000000000000e+00,-8.399463926733837793e-01,-1.023925995431689551e-01,-5.329219576952726189e-01,0.000000000000000000e+00,3.685927361331571284e-01,-9.107636763665213908e-02,4.015244385896001855e-01,1.000000000000000000e+00
3.812432882520944699e-01,5.687738906419051998e-01,-7.287870494101885699e-01,0.000000000000000000e+00,3.622182470015233302e-01,-8.171991167162848679e-01,-4.482904104243982668e-01,0.000000000000000000e+00,-8.505563897730153977e-01,-9.307404927655814342e-02,-5.175819250781070746e-01,0.000000000000000000e+00,3.671728165191807114e-01,-9.444696854212647485e-02,4.019329285911218408e-01,1.000000000000000000e+00
3.234880302213865022e-01,6.508508649237906285e-01,-6.868255912767441407e-01,0.000000000000000000e+00,3.598287759943766817e-01,-7.559370850061079006e-01,-5.468666403978809099e-01,0.000000000000000000e+00,-8.751424104815527238e-01,-7.023615179819636678e-02,-4.787406859220533217e-01,0.000000000000000000e+00,3.653678089856283173e-01,-1.033941243824197942e-01,4.019090887219903263e-01,1.000000000000000000e+00
3.049153626382334337e-01,6.820100895524199291e-01,-6.647327329664931561e-01,0.000000000000000000e+00,3.635135287268705384e-01,-7.284719897409294154e-01,-5.806610211617776462e-01,0.000000000000000000e+00,-8.802727996513460829e-01,-6.458811910491399355e-02,-4.700512451472401154e-01,0.000000000000000000e+00,3.658610472883240816e-01,-1.063683729521092969e-01,4.011998325300438761e-01,1.000000000000000000e+00
2.680904385898533193e-01,7.450440590823041997e-01,-6.107516792151067575e-01,0.000000000000000000e+00,3.742493970018962446e-01,-6.647103169060077921e-01,-6.465897697486715501e-01,0.000000000000000000e+00,-8.877279003695585091e-01,-5.522997605270084376e-02,-4.570435697509300232e-01,0.000000000000000000e+00,3.677958454792003007e-01,-1.121112068764678199e-01,3.994887719956983774e-01,1.000000000000000000e+00
2.494898126365228674e-01,7.739847822252198251e-01,-5.819648934219143754e-01,0.000000000000000000e+00,3.791365724192141129e-01,-6.310664198828187521e-01,-6.767506040275843571e-01,0.000000000000000000e+00,-8.910703265333566048e-01,-5.180279092405339764e-02,-4.508992615032942353e-01,0.000000000000000000e+00,3.688488819803422691e-01,-1.153431991266033879e-01,3.986714302786695252e-01,1.000000000000000000e+00
2.094966411649549221e-01,8.229395477505088152e-01,-5.280742419300513690e-01,0.000000000000000000e+00,3.863677063854668026e-01,-5.657792923400919438e-01,-7.284192026043704304e-01,0.000000000000000000e+00,-8.982357338875647246e-01,-5.143044754557508230e-02,-4.364945308165155691e-01,0.000000000000000000e+00,3.704425617192620424e-01,-1.233831683562313236e-01,3.980074848941941301e-01,1.000000000000000000e+00
1.637070500529780315e-01,8.645274399317943725e-01,-4.751558210409903560e-01,0.000000000000000000e+00,3.889468162644874605e-01,-4.992018054885312139e-01,-7.742729999269754027e-01,0.000000000000000000e+00,-9.065963529763743090e-01,-5.805751285674760204e-02,-4.179860978200422017e-01,0.000000000000000000e+00,3.710687433519204714e-01,-1.323523538587466075e-01,3.984632831327154512e-01,1.000000000000000000e+00
1.403163795959547211e-01,8.816209377270279868e-01,-4.505958085464271123e-01,0.000000000000000000e+00,3.882305174796183977e-01,-4.676444989386522311e-01,-7.940821335423262628e-01,0.000000000000000000e+00,-9.108156223405733387e-01,-6.351353667803205649e-02,-4.078981892078001326e-01,0.000000000000000000e+00,3.712033427809872665e-01,-1.370554302495183008e-01,3.985860182091545689e-01,1.000000000000000000e+00
1.172485361916857372e-01,8.974088671400689554e-01,-4.253126530453725240e-01,0.000000000000000000e+00,3.877276176988075918e-01,-4.356433829913070599e-01,-8.123194471577700471e-01,0.000000000000000000e+00,-9.142849206492965619e-01,-6.966353688211152084e-02,-3.990364338032109659e-01,0.000000000000000000e+00,3.714406485203897157e-01,-1.417632508797860291e-01,3.985555643388764557e-01,1.000000000000000000e+00
9.440777617898662988e-02,9.122203922598657311e-01,-3.986500653999737742e-01,0.000000000000000000e+00,3.890593263742521124e-01,-4.024005538171501750e-01,-8.286660254590338948e-01,0.000000000000000000e+00,-9.163606966758781613e-01,-7.686748918226155025e-02,-3.929051573783599594e-01,0.000000000000000000e+00,3.720746872096820645e-01,-1.466137016350025357e-01,3.982660169868590949e-01,1.000000000000000000e+00
4.820758577091460717e-02,9.391362794691805460e-01,-3.401173682129941533e-01,0.000000000000000000e+00,3.918347072495246275e-01,-3.309990000142253308e-01,-8.584206259669384664e-01,0.000000000000000000e+00,-9.187701508286475471e-01,-9.188917260171199086e-02,-3.839502440484664492e-01,0.000000000000000000e+00,3.736236302017108546e-01,-1.565693714531499747e-01,3.972627022482375092e-01,1.000000000000000000e+00
7.116765224554150171e-03,9.597314104789813616e-01,-2.807947974838064797e-01,0.000000000000000000e+00,3.886991141119690574e-01,-2.613744421538189977e-01,-8.835027711210411416e-01,0.000000000000000000e+00,-9.213356828090314421e-01,-1.028589875861434383e-01,-3.749141078374745306e-01,0.000000000000000000e+00,3.744599447698634953e-01,-1.666310153262205995e-01,3.963138983831100970e-01,1.000000000000000000e+00
-9.553829839298927026e-03,9.682288864679231555e-01,-2.498445409563625486e-01,0.000000000000000000e+00,3.854263085236553366e-01,-2.269838051951130753e-01,-8.943744516577959436e-01,0.000000000000000000e+00,-9.226876086231713403e-01,-1.048433790092866552e-01,-3.710194641405871185e-01,0.000000000000000000e+00,3.745910493322814894e-01,-1.710005032974516448e-01,3.955522045694945255e-01,1.000000000000000000e+00
-2.263963092192326082e-02,9.746987178089585591e-01,-2.223299429103055003e-01,0.000000000000000000e+00,3.819616069999883234e-01,-1.970826609535588081e-01,-9.029089114803660054e-01,0.000000000000000000e+00,-9.238993230015501990e-01,-1.053650553940876228e-01,-3.678426920017276447e-01,0.000000000000000000e+00,3.747498760556605135e-01,-1.750043318541444348e-01,3.944607001660611068e-01,1.000000000000000000e+00
-3.308268644142398768e-02,9.794411957161934801e-01,-1.989503126236796815e-01,0.000000000000000000e+00,3.790277711473631905e-01,-1.718941407286184997e-01,-9.092695419860056250e-01,0.000000000000000000e+00,-9.247922455836922184e-01,-1.054908037359504613e-01,-3.655557315039869026e-01,0.000000000000000000e+00,3.751095945837294443e-01,-1.787696789992823387e-01,3.930829305268870866e-01,1.000000000000000000e+00
-5.194613927586325119e-02,9.870703253842176839e-01,-1.515734747950157890e-01,0.000000000000000000e+00,3.739469837236844008e-01,-1.215095101326375965e-01,-9.194453976242922266e-01,0.000000000000000000e+00,-9.259927147066925324e-01,-1.044440932661028915e-01,-3.628070061230231902e-01,0.000000000000000000e+00,3.763681530056265379e-01,-1.847454181381865679e-01,3.901834349945186298e-01,1.000000000000000000e+00
-6.751841811823988682e-02,9.918230973365488312e-01,-1.082079188680470927e-01,0.000000000000000000e+00,3.687172456245990104e-01,-7.597214117796173560e-02,-9.264213800668966714e-01,0.000000000000000000e+00,-9.270847591600225313e-01,-1.024506043844374409e-01,-3.605797040800641784e-01,0.000000000000000000e+00,3.781897334998708393e-01,-1.893585305231117455e-01,3.872343624606996437e-01,1.000000000000000000e+00
-7.262108690000342037e-02,9.925812697639275761e-01,-9.741328221808177867e-02,0.000000000000000000e+00,3.661277189908004326e-01,-6.432012569856519757e-02,-9.283286927149901890e-01,0.000000000000000000e+00,-9.277251687146336190e-01,-1.030839261683496738e-01,-3.587474257735143168e-01,0.000000000000000000e+00,3.790534684695492373e-01,-1.918334134717875894e-01,3.858770319339865362e-01,1.000000000000000000e+00
-7.588666248780345791e-02,9.927206062647486728e-01,-9.342247724728951208e-02,0.000000000000000000e+00,3.631132272197719058e-01,-5.974528507844837494e-02,-9.298172035567774385e-01,0.000000000000000000e+00,-9.286481299203395157e-01,-1.044856731827835533e-01,-3.559429657894602750e-01,0.000000000000000000e+00,3.797547976269683434e-01,-1.942296019224082626e-01,3.847829510592246094e-01,1.000000000000000000e+00
-8.103203425770881541e-02,9.919800254652125782e-01,-9.690296901179931699e-02,0.000000000000000000e+00,3.531689346081756109e-01,-6.233797592932781989e-02,-9.334700998350022871e-01,0.000000000000000000e+00,-9.320423730589647571e-01,-1.098662146997284594e-01,-3.452918036822866799e-01,0.000000000000000000e+00,3.808610994940102579e-01,-2.000885914833240575e-01,3.812351751080363393e-01,1.000000000000000000e+00
-8.216034797662247202e-02,9.920936165170017862e-01,-9.476645075017209319e-02,0.000000000000000000e+00,3.493843562332982211e-01,-6.038053571842624812e-02,-9.350216625442469009e-01,0.000000000000000000e+00,-9.333690420260661869e-01,-1.099337371132801250e-01,-3.416676818659493686e-01,0.000000000000000000e+00,3.809197266276851401e-01,-2.010056210521349307e-01,3.795025123542757339e-01,1.000000000000000000e+00
-8.272201764289602299e-02,9.924389007551626118e-01,-9.056954767570159215e-02,0.000000000000000000e+00,3.456396427524311976e-01,-5.666792274205734864e-02,-9.366443993273434465e-01,0.000000000000000000e+00,-9.347127223137627894e-01,-1.087876351282415360e-01,-3.383450563965717528e-01,0.000000000000000000e+00,3.809579910333538710e-01,-2.014680272374083647e-01,3.776450590271657193e-01,1.000000000000000000e+00
-8.315559310204101440e-02,9.927064704518087090e-01,-8.717658951902253206e-02,0.000000000000000000e+00,3.420313587405279243e-01,-5.373399583389142087e-02,-9.381406899985949011e-01,0.000000000000000000e+00,-9.360007005677147829e-01,-1.078308489315349672e-01,-3.350749118562166839e-01,0.000000000000000000e+00,3.810670878523300109e-01,-2.016684705128534150e-01,3.758003640897042974e-01,1.000000000000000000e+00
-8.434223289268572010e-02,9.929930390449432931e-01,-8.265566562657525318e-02,0.000000000000000000e+00,3.358311473775857370e-01,-4.976958813089160660e-02,-9.405961808605987073e-01,0.000000000000000000e+00,-9.381372606311113582e-01,-1.070923910291305264e-01,-3.292866532357758280e-01,0.000000000000000000e+00,3.814186087460023633e-01,-2.015790318416308957e-01,3.726986302533927820e-01,1.000000000000000000e+00
-8.493102349401858431e-02,9.931015647290234449e-01,-8.072639148526535025e-02,0.000000000000000000e+00,3.307816364136956788e-01,-4.832104653265862498e-02,-9.424591940103691501e-01,0.000000000000000000e+00,-9.398765795209622631e-01,-1.067488870727858752e-01,-3.244020505124740605e-01,0.000000000000000000e+00,3.812698897376323171e-01,-2.009273249847609855e-01,3.720247761625645744e-01,1.000000000000000000e+00
-8.484643724667392806e-02,9.930747579421765892e-01,-8.114403321157796778e-02,0.000000000000000000e+00,3.314485436777943050e-01,-4.866928944746800462e-02,-9.422069359008965472e-01,0.000000000000000000e+00,-9.396492384001484677e-01,-1.068400302980746924e-01,-3.250300243053360072e-01,0.000000000000000000e+00,3.812701497890415570e-01,-2.009222991556524340e-01,3.723453819868028924e-01,1.000000000000000000e+00
-8.481245216819681410e-02,9.930812665440443832e-01,-8.109989456036499622e-02,0.000000000000000000e+00,3.313506627270048077e-01,-4.864968924917466297e-02,-9.422423748418141676e-01,0.000000000000000000e+00,-9.396868275512035851e-01,-1.067884461652905403e-01,-3.249382924377446913e-01,0.000000000000000000e+00,3.812563252307379358e-01,-2.009365628424156225e-01,3.723087256452854987e-01,1.000000000000000000e+00
-8.489906709058352152e-02,9.930747143051438242e-01,-8.108950065275985497e-02,0.000000000000000000e+00,3.313587534758680730e-01,-4.861048949096011262e-02,-9.422415527387741907e-01,0.000000000000000000e+00,-9.396761527896033694e-01,-1.068672021825851359e-01,-3.249432703968437863e-01,0.000000000000000000e+00,3.812710140381596058e-01,-2.009034004794592876e-01,3.723099026965054348e-01,1.000000000000000000e+00
-8.488987193383033814e-02,9.930715119552189218e-01,-8.113833056725662518e-02,0.000000000000000000e+00,3.314399953499189144e-01,-4.865059646419382655e-02,-9.422109083678303909e-01,0.000000000000000000e+00,-9.396483306738876440e-01,-1.068787089982577848e-01,-3.250199320420857907e-01,0.000000000000000000e+00,3.812716481340507890e-01,-2.009029898121724167e-01,3.723480176874296443e-01,1.000000000000000000e+00
-8.483064566893823433e-02,9.930692306873627473e-01,-8.122814486745835727e-02,0.000000000000000000e+00,3.315493793050340865e-01,-4.874280820565581734e-02,-9.421676573900642504e-01,0.000000000000000000e+00,-9.396150890911781906e-01,-1.068578890631901174e-01,-3.251228627721161613e-01,0.000000000000000000e+00,3.812569225474501389e-01,-2.009176544171089596e-01,3.724082235204740909e-01,1.000000000000000000e+00
-8.487138749473352450e-02,9.930605603132336423e-01,-8.129156190093378420e-02,0.000000000000000000e+00,3.316649265714033401e-01,-4.877645158253890445e-02,-9.421252470635789189e-01,0.000000000000000000e+00,-9.395706293134792331e-01,-1.069230954217718632e-01,-3.252298943776521511e-01,0.000000000000000000e+00,3.812637718160074018e-01,-2.008987304457340306e-01,3.724638166614671619e-01,1.000000000000000000e+00
-8.486212051676789159e-02,9.930631700123486727e-01,-8.126935318821670862e-02,0.000000000000000000e+00,3.316209880463995563e-01,-4.876342457416566606e-02,-9.421413883341172024e-01,0.000000000000000000e+00,-9.395869756341634904e-01,-1.069047974914405091e-01,-3.251886829087995978e-01,0.000000000000000000e+00,3.812614604176037258e-01,-2.009025472563545633e-01,3.724424596441943125e-01,1.000000000000000000e+00
-8.484596734239713278e-02,9.930622718133078619e-01,-8.129718954510735396e-02,0.000000000000000000e+00,3.316626971472586560e-01,-4.879039201485120547e-02,-9.421253100672176695e-01,0.000000000000000000e+00,-9.395737122012829401e-01,-1.069008366177994496e-01,-3.252283051499598732e-01,0.000000000000000000e+00,3.812578472861160028e-01,-2.009081324813517810e-01,3.724647992287862808e-01,1.000000000000000000e+00
-8.485654234025613585e-02,9.930606634078943395e-01,-8.130579877928549581e-02,0.000000000000000000e+00,3.316810245791210199e-01,-4.879300145670035366e-02,-9.421187227967604549e-01,0.000000000000000000e+00,-9.395662873903772860e-01,-1.069145863709822925e-01,-3.252452348929724124e-01,0.000000000000000000e+00,3.812599558348909734e-01,-2.009033378880219767e-01,3.724732225918147566e-01,1.000000000000000000e+00
-8.485644145804270566e-02,9.930620189185395130e-01,-8.128934632361253798e-02,0.000000000000000000e+00,3.316524233007640543e-01,-4.878068048540177420e-02,-9.421294296599168616e-01,0.000000000000000000e+00,-9.395763928876432747e-01,-1.069076177935240068e-01,-3.252183315650563622e-01,0.000000000000000000e+00,3.812607570696068815e-01,-2.009033144672134619e-01,3.724582779544207689e-01,1.000000000000000000e+00
-8.484965530812323131e-02,9.930625393734621165e-01,-8.129007189338585682e-02,0.000000000000000000e+00,3.316576625576110326e-01,-4.878300117525898039e-02,-9.421274651364137664e-01,0.000000000000000000e+00,-9.395751563478693669e-01,-1.069017240958961418e-01,-3.252238413142578555e-01,0.000000000000000000e+00,3.812590409600803421e-01,-2.009063353450159517e-01,3.724613054835267945e-01,1.000000000000000000e+00
