9.996651474475175547e-01,2.020513896891570557e-02,1.555931358345905881e-02,0.000000000000000000e+00,2.315072940336176596e-02,-9.748944720368204475e-01,-2.214171606297707928e-01,0.000000000000000000e+00,1.069513021497307467e-02,2.217074965431769518e-01,-9.750545626611067940e-01,0.000000000000000000e+00,6.227594271449685692e-01,2.956694230147924318e-01,2.871728690352371577e-02,1.000000000000000000e+00
9.996650438022011143e-01,2.020435231254015529e-02,1.556699228440115712e-02,0.000000000000000000e+00,2.315161019051947475e-02,-9.748955842754108980e-01,-2.214121713165280170e-01,0.000000000000000000e+00,1.070290858710487222e-02,2.217026773382338167e-01,-9.750555730874188587e-01,0.000000000000000000e+00,6.227627865781510952e-01,2.956649345705339438e-01,2.872160019629941760e-02,1.000000000000000000e+00
9.996653941618715011e-01,2.018476023401468908e-02,1.556990914211120458e-02,0.000000000000000000e+00,2.313308247932712586e-02,-9.748974272809163288e-01,-2.214059928666416710e-01,0.000000000000000000e+00,1.071024369063454038e-02,2.216963574630840261e-01,-9.750569295008819637e-01,0.000000000000000000e+00,6.227691050774833981e-01,2.956544212048181630e-01,2.872072000119485491e-02,1.000000000000000000e+00
9.996654888780293069e-01,2.018675715879297838e-02,1.556123654696157758e-02,0.000000000000000000e+00,2.313315313828952918e-02,-9.748964691368111612e-01,-2.214102043530681851e-01,0.000000000000000000e+00,1.070124656943889467e-02,2.217003890647491759e-01,-9.750561116214794266e-01,0.000000000000000000e+00,6.227662500121179390e-01,2.956552602475072122e-01,2.871650969635336156e-02,1.000000000000000000e+00
9.996649120753092754e-01,2.019051982120961472e-02,1.559337603027749312e-02,0.000000000000000000e+00,2.314394441572345182e-02,-9.748963105274230934e-01,-2.214097749831933915e-01,0.000000000000000000e+00,1.073175292967589768e-02,2.217007438956105914e-01,-9.750556956580426204e-01,0.000000000000000000e+00,6.227761137976629557e-01,2.956582206310701677e-01,2.873366799194174842e-02,1.000000000000000000e+00
9.996649084573454580e-01,2.018192297885774630e-02,1.560473277728913893e-02,0.000000000000000000e+00,2.313810163937127934e-02,-9.748959786820018403e-01,-2.214118468000211559e-01,0.000000000000000000e+00,1.074468126267152761e-02,2.217029859252614421e-01,-9.750550435008203953e-01,0.000000000000000000e+00,6.227810340705228764e-01,2.956588067826755317e-01,2.874063539106683565e-02,1.000000000000000000e+00
9.996647825835816015e-01,2.017995115139311485e-02,1.561534293110853136e-02,0.000000000000000000e+00,2.313857337557334928e-02,-9.748951027549225268e-01,-2.214156542519530035e-01,0.000000000000000000e+00,1.075537133864516715e-02,2.217070171736806317e-01,-9.750540090288931649e-01,0.000000000000000000e+00,6.227857498333813080e-01,2.956592321772884557e-01,2.874604104415778502e-02,1.000000000000000000e+00
9.996651916943012361e-01,2.015832505683166909e-02,1.561708509638012714e-02,0.000000000000000000e+00,2.311773315458015218e-02,-9.748984016106185813e-01,-2.214033058742869153e-01,0.000000000000000000e+00,1.076215869471157903e-02,2.216944781201703740e-01,-9.750567851726663626e-01,0.000000000000000000e+00,6.227934995518966677e-01,2.956419681523460019e-01,2.874367433424133284e-02,1.000000000000000000e+00
9.996670493707257021e-01,2.007603893933140524e-02,1.560416496138177997e-02,0.000000000000000000e+00,2.303405231770157269e-02,-9.749120724820756756e-01,-2.213518246225635311e-01,0.000000000000000000e+00,1.076902828860380745e-02,2.216418198372125947e-01,-9.750686805189507922e-01,0.000000000000000000e+00,6.228160857038232967e-01,2.955724184730183501e-01,2.872344653713111012e-02,1.000000000000000000e+00
9.996683017441746477e-01,2.000848970087639594e-02,1.561069277823690961e-02,0.000000000000000000e+00,2.296940414834620220e-02,-9.749180854327836876e-01,-2.213320583881913106e-01,0.000000000000000000e+00,1.079083426190238088e-02,2.216214781421377011e-01,-9.750730630686227363e-01,0.000000000000000000e+00,6.228387616619339706e-01,2.955282761466983543e-01,2.872200985608753740e-02,1.000000000000000000e+00
9.996660138127806405e-01,2.003008338406865943e-02,1.572906508668122164e-02,0.000000000000000000e+00,2.301715944710111192e-02,-9.749076650423867951e-01,-2.213729927380399254e-01,0.000000000000000000e+00,1.090047648138290325e-02,2.216653633604354356e-01,-9.750618679339096984e-01,0.000000000000000000e+00,6.228720279274443383e-01,2.955605916550768653e-01,2.879672499609717273e-02,1.000000000000000000e+00
9.996592815034315294e-01,2.006288123815578445e-02,1.611051214813936927e-02,0.000000000000000000e+00,2.313595842394498489e-02,-9.748607458990675712e-01,-2.215671465586166455e-01,0.000000000000000000e+00,1.126044734037377933e-02,2.218686583319977312e-01,-9.750115387910309739e-01,0.000000000000000000e+00,6.229932642572867385e-01,2.956764296605442488e-01,2.906465998984635035e-02,1.000000000000000000e+00
9.996402561938418918e-01,1.980535766912425860e-02,1.754573753127601846e-02,0.000000000000000000e+00,2.321135322571616158e-02,-9.747190486932653108e-01,-2.221818086548389692e-01,0.000000000000000000e+00,1.270201896035088977e-02,2.225134245097229735e-01,-9.748468775286130983e-01,0.000000000000000000e+00,6.235867740933627168e-01,2.958637675686471846e-01,2.994958766159745711e-02,1.000000000000000000e+00
9.996007856849064011e-01,1.967593368203096604e-02,1.979580241026348761e-02,0.000000000000000000e+00,2.359277759385414175e-02,-9.746090423142527159e-01,-2.226237686903852764e-01,0.000000000000000000e+00,1.491312464397528785e-02,2.230062256194942361e-01,-9.747029404122572460e-01,0.000000000000000000e+00,6.243975772243101074e-01,2.960334344914459237e-01,3.150711122101530759e-02,1.000000000000000000e+00
9.995522358902176885e-01,1.986185276691068702e-02,2.194496372155318314e-02,0.000000000000000000e+00,2.424274205729623835e-02,-9.747346518623207778e-01,-2.220031414588359842e-01,0.000000000000000000e+00,1.698144980934321313e-02,2.224400251745700663e-01,-9.747984743333922841e-01,0.000000000000000000e+00,6.251572202156892022e-01,2.959303369113912008e-01,3.343802016496138368e-02,1.000000000000000000e+00
9.994572408933334318e-01,2.115135035803735949e-02,2.487148779476842930e-02,0.000000000000000000e+00,2.605592493929745693e-02,-9.757600038221674321e-01,-2.172423775825744752e-01,0.000000000000000000e+00,1.967401217052410986e-02,2.177767097994049161e-01,-9.758003063711649938e-01,0.000000000000000000e+00,6.260840106982484832e-01,2.946865088134305588e-01,3.751177413789438114e-02,1.000000000000000000e+00
9.994218295320572709e-01,2.373770111797633697e-02,2.394316398551325775e-02,0.000000000000000000e+00,2.821373003290358894e-02,-9.776149577786278355e-01,-2.084555748027153432e-01,0.000000000000000000e+00,1.845929451636234286e-02,2.090146020890901180e-01,-9.777382832637256938e-01,0.000000000000000000e+00,6.256638562346360510e-01,2.922891439692604232e-01,4.135192019751268711e-02,1.000000000000000000e+00
9.993943153002547986e-01,2.724318313979083236e-02,2.120279272065811113e-02,0.000000000000000000e+00,3.089263001594564836e-02,-9.798916436385880502e-01,-1.970755160824715913e-01,0.000000000000000000e+00,1.540777167912067529e-02,1.976149651889574921e-01,-9.801586229306209486e-01,0.000000000000000000e+00,6.244397498089323539e-01,2.892317472871007711e-01,4.556172489054234609e-02,1.000000000000000000e+00
9.993563910168306030e-01,2.894100070711054518e-02,2.073569659053741895e-02,0.000000000000000000e+00,3.238016578246588617e-02,-9.809639577921399622e-01,-1.914209635277408783e-01,0.000000000000000000e+00,1.480134172591288967e-02,1.919728846421774882e-01,-9.812886078240560250e-01,0.000000000000000000e+00,6.238932609980438748e-01,2.876106919921497806e-01,4.804444371883153514e-02,1.000000000000000000e+00
9.992258552480396405e-01,3.224376904226706336e-02,2.210828946303263626e-02,0.000000000000000000e+00,3.571164037736124924e-02,-9.829108797579534373e-01,-1.805315155207333211e-01,0.000000000000000000e+00,1.590976806708829100e-02,1.811847696463615431e-01,-9.833203743075022984e-01,0.000000000000000000e+00,6.228556560873007575e-01,2.841999509917333966e-01,5.378249819423851913e-02,1.000000000000000000e+00
9.990124657768216787e-01,3.598873256869444814e-02,2.568367675824259275e-02,0.000000000000000000e+00,3.984869747318207228e-02,-9.845607961876602365e-01,-1.703903366427200472e-01,0.000000000000000000e+00,1.915537778077800249e-02,1.712488284897376589e-01,-9.850415779260122129e-01,0.000000000000000000e+00,6.212052595557016055e-01,2.807286527005115051e-01,5.983904358729416617e-02,1.000000000000000000e+00
9.988806722889030931e-01,3.803827788119463343e-02,2.777118731185038158e-02,0.000000000000000000e+00,4.212001847486390727e-02,-9.853188484324674201e-01,-1.653886872449308598e-01,0.000000000000000000e+00,2.107277917418542632e-02,1.663764892898246806e-01,-9.858371071274750763e-01,0.000000000000000000e+00,6.199876494648733916e-01,2.788843017781320599e-01,6.270671532192070852e-02,1.000000000000000000e+00
9.987258316103976297e-01,4.056674915342924764e-02,2.969510125341658785e-02,0.000000000000000000e+00,4.481495536951375647e-02,-9.860599612301792494e-01,-1.601815205795409369e-01,0.000000000000000000e+00,2.278354548015710732e-02,1.613113127294253102e-01,-9.866405477380620903e-01,0.000000000000000000e+00,6.183293679824374278e-01,2.770518032826510546e-01,6.560675774302762719e-02,1.000000000000000000e+00
9.985708834191160399e-01,4.316863598775266819e-02,3.119946402956396900e-02,0.000000000000000000e+00,4.749873988063039315e-02,-9.867765666375909461e-01,-1.549084379428333769e-01,0.000000000000000000e+00,2.410017803014907756e-02,1.561719977469068210e-01,-9.874358148956595693e-01,0.000000000000000000e+00,6.163889524392437425e-01,2.751351461564294221e-01,6.833007815147369712e-02,1.000000000000000000e+00
9.982092600981720132e-01,4.832532246806021947e-02,3.498118299637618250e-02,0.000000000000000000e+00,5.287850806282691496e-02,-9.881871864789386617e-01,-1.437730668974457060e-01,0.000000000000000000e+00,2.762060876716221705e-02,1.453681582843779907e-01,-9.889920123683200170e-01,0.000000000000000000e+00,6.125028968120528328e-01,2.710535928509021919e-01,7.427353484553289587e-02,1.000000000000000000e+00
9.977733663842679457e-01,5.245387908059191695e-02,4.095908696263372145e-02,0.000000000000000000e+00,5.744256524368860500e-02,-9.895700495196699809e-01,-1.320311163819770373e-01,0.000000000000000000e+00,3.360698853898861499e-02,1.340925081813985342e-01,-9.903987931994676641e-01,0.000000000000000000e+00,6.094112140924506926e-01,2.664172194558057649e-01,8.125046495470994445e-02,1.000000000000000000e+00
9.975230108206853963e-01,5.417451165967267918e-02,4.465100302209239203e-02,0.000000000000000000e+00,5.941064355245551792e-02,-9.902678968141542803e-01,-1.257800257320808857e-01,0.000000000000000000e+00,3.740310350840036352e-02,1.281236815720725175e-01,-9.910526373852993620e-01,0.000000000000000000e+00,6.080981000255629709e-01,2.638598358603690963e-01,8.510493580208365605e-02,1.000000000000000000e+00
9.972649565260889304e-01,5.583471369581246430e-02,4.822694405343466717e-02,0.000000000000000000e+00,6.123496417181838875e-02,-9.910043340735917861e-01,-1.189177695361011700e-01,0.000000000000000000e+00,4.115416330585729837e-02,1.215480396342426966e-01,-9.917320247444202375e-01,0.000000000000000000e+00,6.067378753862304741e-01,2.610926553100157976e-01,8.903844537446746477e-02,1.000000000000000000e+00
9.970117113616456805e-01,5.745888363076236127e-02,5.144775020190178738e-02,0.000000000000000000e+00,6.291473168181152542e-02,-9.917491504321617191e-01,-1.116069265578936709e-01,0.000000000000000000e+00,4.461131205490312390e-02,1.145124389661848485e-01,-9.924196351134713101e-01,0.000000000000000000e+00,6.052104219068954460e-01,2.581503006888967722e-01,9.289570405309872936e-02,1.000000000000000000e+00
9.965156417176573855e-01,6.338363051253249891e-02,5.403552624250623077e-02,0.000000000000000000e+00,6.776688497054829396e-02,-9.941854292527052550e-01,-8.356870505285314554e-02,0.000000000000000000e+00,4.842537726739360587e-02,8.694101491840584839e-02,-9.950357997386164444e-01,0.000000000000000000e+00,5.982736468799447760e-01,2.479868077347854305e-01,1.036002706326671491e-01,1.000000000000000000e+00
9.964471541348861594e-01,6.561775295306736255e-02,5.261298713326510723e-02,0.000000000000000000e+00,6.933253719062226761e-02,-9.949677900764271055e-01,-7.220002007167336533e-02,0.000000000000000000e+00,4.761154112673970235e-02,7.559275181074595618e-02,-9.960014442887198394e-01,0.000000000000000000e+00,5.953288698926625377e-01,2.442627760481372867e-01,1.068819604030788323e-01,1.000000000000000000e+00
9.964340601798081787e-01,6.773964898744029572e-02,5.011237940718142603e-02,0.000000000000000000e+00,7.071225721761502381e-02,-9.956727006618423248e-01,-6.013648424335775455e-02,0.000000000000000000e+00,4.582278603758183078e-02,6.346682255497999858e-02,-9.969314092326154730e-01,0.000000000000000000e+00,5.921892929376391113e-01,2.404033305526719344e-01,1.099439888373645591e-01,1.000000000000000000e+00
9.963905321567488871e-01,7.139557101065423239e-02,4.570915411229482112e-02,0.000000000000000000e+00,7.302221588096378946e-02,-9.967076215899038916e-01,-3.496312276727139151e-02,0.000000000000000000e+00,4.306327926743681173e-02,3.817544321484708791e-02,-9.983427214709810205e-01,0.000000000000000000e+00,5.862677092889836405e-01,2.325946745018463990e-01,1.166705765571780240e-01,1.000000000000000000e+00
9.962815689379216355e-01,7.463857711185883925e-02,4.281197382180343403e-02,0.000000000000000000e+00,7.514589469009977374e-02,-9.971090437998099132e-01,-1.036321306649092173e-02,0.000000000000000000e+00,4.191551780665630361e-02,1.354208297647138855e-02,-9.990293796258736814e-01,0.000000000000000000e+00,5.806917001529753319e-01,2.252534929180003698e-01,1.236737602267070912e-01,1.000000000000000000e+00
9.962004379073974292e-01,7.629953493241660445e-02,4.175901559442118938e-02,0.000000000000000000e+00,7.629043902131751875e-02,-9.970743333545726284e-01,1.813720121057921719e-03,0.000000000000000000e+00,4.177603295517456211e-02,1.379011404199852490e-03,-9.991260488036909360e-01,0.000000000000000000e+00,5.779437425971857278e-01,2.217973434942661914e-01,1.272492220516450723e-01,1.000000000000000000e+00
9.961187976527017263e-01,7.949803898930957180e-02,3.752532026509806246e-02,0.000000000000000000e+00,7.857313555409235761e-02,-9.965721907460757256e-01,2.551230883266931981e-02,0.000000000000000000e+00,3.942562821283881330e-02,-2.246524084934406126e-02,-9.989699358807571095e-01,0.000000000000000000e+00,5.716446831880442891e-01,2.153467287351258919e-01,1.336247037965148099e-01,1.000000000000000000e+00
9.960377527197150638e-01,8.167419970802572426e-02,3.491227807407484146e-02,0.000000000000000000e+00,8.037023311401017556e-02,-9.960590764172326805e-01,3.725169549506539973e-02,0.000000000000000000e+00,3.781792198359913010e-02,-3.429884749764885998e-02,-9.986958465104254223e-01,0.000000000000000000e+00,5.682768515969884859e-01,2.122759649580765740e-01,1.364501035822210662e-01,1.000000000000000000e+00
9.959682583081114204e-01,8.360809336505696521e-02,3.221276249835265670e-02,0.000000000000000000e+00,8.199162849759027150e-02,-9.954376103546263010e-01,4.860127209232975587e-02,0.000000000000000000e+00,3.612995063254607897e-02,-4.576502858032672344e-02,-9.982986471123418415e-01,0.000000000000000000e+00,5.648936786451188574e-01,2.094093871272220131e-01,1.391665686192265772e-01,1.000000000000000000e+00
9.958775241555540836e-01,8.754323004677640185e-02,2.334280737163572927e-02,0.000000000000000000e+00,8.565525073826518732e-02,-9.936862731156758111e-01,7.232921639041693662e-02,0.000000000000000000e+00,2.952792899488129036e-02,-7.003295527605378490e-02,-9.971075601882555262e-01,0.000000000000000000e+00,5.572357906926876936e-01,2.037808416360948061e-01,1.439327819635982386e-01,1.000000000000000000e+00
9.961811115287596552e-01,8.682196073835260486e-02,8.117084949758384890e-03,0.000000000000000000e+00,8.565095263226608913e-02,-9.917003529005741225e-01,9.578659233562263065e-02,0.000000000000000000e+00,1.636641087234876057e-02,-9.472738175954815987e-02,-9.953687074346563302e-01,0.000000000000000000e+00,5.484213782178578578e-01,1.983218477016924219e-01,1.480472047729235185e-01,1.000000000000000000e+00
9.965083502362869217e-01,8.336668353633198969e-02,-1.360472974537207383e-03,0.000000000000000000e+00,8.303934509119910434e-02,-9.908626287990466297e-01,1.061907007109179624e-01,0.000000000000000000e+00,7.504869204696667552e-03,-1.059349323364098538e-01,-9.943447425561724451e-01,0.000000000000000000e+00,5.438693872727927703e-01,1.958695803970711413e-01,1.502342059350376680e-01,1.000000000000000000e+00
9.967555096331861542e-01,7.950624460739479094e-02,-1.174555173351163502e-02,0.000000000000000000e+00,8.033306160479547486e-02,-9.899900487208929123e-01,1.159614140480020317e-01,0.000000000000000000e+00,-2.408369151162278055e-03,-1.165309780706247078e-01,-9.931841374629052366e-01,0.000000000000000000e+00,5.392911739196527554e-01,1.935724730387785031e-01,1.523974121084310795e-01,1.000000000000000000e+00
9.968527061505941811e-01,7.623203337685906245e-02,-2.130976838623531780e-02,0.000000000000000000e+00,7.830407518632546970e-02,-9.890905318750896624e-01,1.246961846468234020e-01,0.000000000000000000e+00,-1.157166922780361248e-02,-1.259747962229559315e-01,-9.919659506192068932e-01,0.000000000000000000e+00,5.351326255663435560e-01,1.916851178201979811e-01,1.549926644681447474e-01,1.000000000000000000e+00
9.967078150874384423e-01,7.120022857028117380e-02,-3.853317656737303282e-02,0.000000000000000000e+00,7.591150158269613368e-02,-9.873461413857989033e-01,1.391610143655279686e-01,0.000000000000000000e+00,-2.813782890863541358e-02,-1.416307086976240082e-01,-9.895195828977397801e-01,0.000000000000000000e+00,5.277420130493027939e-01,1.885711191031945455e-01,1.608128111497262036e-01,1.000000000000000000e+00
9.963933313747944664e-01,6.655987694349145556e-02,-5.244863081448947889e-02,0.000000000000000000e+00,7.370203226774185712e-02,-9.861189403449953650e-01,1.487218640068653230e-01,0.000000000000000000e+00,-4.182248448665213530e-02,-1.520539717168971350e-01,-9.874869464840942967e-01,0.000000000000000000e+00,5.218944764360665678e-01,1.856436379020034166e-01,1.673552654165799125e-01,1.000000000000000000e+00
9.959841698181873815e-01,6.739393972082081963e-02,-5.877361024891091662e-02,0.000000000000000000e+00,7.562536449417811557e-02,-9.855586665937408064e-01,1.514452569356294909e-01,0.000000000000000000e+00,-4.771926717465789503e-02,-1.552848439140884773e-01,-9.867165189611911691e-01,0.000000000000000000e+00,5.194892909343946652e-01,1.841899888771146854e-01,1.708187398778368005e-01,1.000000000000000000e+00
9.953590195650544592e-01,7.038233849297266531e-02,-6.547896990608753631e-02,0.000000000000000000e+00,7.971362789533156801e-02,-9.849988581758901685e-01,1.529827892972456804e-01,0.000000000000000000e+00,-5.373045860993952427e-02,-1.574953976817480839e-01,-9.860569139388626336e-01,0.000000000000000000e+00,5.172960303403365545e-01,1.826193670680636705e-01,1.744779390485279857e-01,1.000000000000000000e+00
9.946027617546753241e-01,7.402552975367550359e-02,-7.256937477937121239e-02,0.000000000000000000e+00,8.453756226887754188e-02,-9.843555670990584705e-01,1.545259362952866034e-01,0.000000000000000000e+00,-5.999635888585563848e-02,-1.598298382609096013e-01,-9.853196738733734916e-01,0.000000000000000000e+00,5.154316123934031824e-01,1.805479229188177992e-01,1.781743843374162251e-01,1.000000000000000000e+00
9.925882013014447613e-01,8.510670898322000855e-02,-8.663866125706692900e-02,0.000000000000000000e+00,9.797509218174517420e-02,-9.826932298211723538e-01,1.571484784425844494e-01,0.000000000000000000e+00,-7.176621775820125892e-02,-1.644753230373911246e-01,-9.837669836401444767e-01,0.000000000000000000e+00,5.129629922825342803e-01,1.748534001731460730e-01,1.864243723668910779e-01,1.000000000000000000e+00
9.903181033671788480e-01,9.407691413277735615e-02,-1.019820340633385003e-01,0.000000000000000000e+00,1.097567465624158384e-01,-9.808185234151012288e-01,1.610255495598841291e-01,0.000000000000000000e+00,-8.487871544403745305e-02,-1.706630188923744795e-01,-9.816668160058744652e-01,0.000000000000000000e+00,5.112955513455867962e-01,1.668995444541057638e-01,1.956131397729092836e-01,1.000000000000000000e+00
9.891399764026345132e-01,9.694781205013491832e-02,-1.103810478392703021e-01,0.000000000000000000e+00,1.143365076316637668e-01,-9.797972439617242957e-01,1.640282617380679764e-01,0.000000000000000000e+00,-9.225064147934583514e-02,-1.748708612695913378e-01,-9.802601700699058451e-01,0.000000000000000000e+00,5.103402768861492467e-01,1.620694175392474179e-01,2.004705612803892867e-01,1.000000000000000000e+00
9.882247966110027093e-01,9.622360004015681478e-02,-1.188844693795732127e-01,0.000000000000000000e+00,1.155765771553716181e-01,-9.789075734901750980e-01,1.684124825475661613e-01,0.000000000000000000e+00,-1.001735807354444535e-01,-1.801731202510300778e-01,-9.785207716045926096e-01,0.000000000000000000e+00,5.093189594852564062e-01,1.565385493512258808e-01,2.052245180954853088e-01,1.000000000000000000e+00
9.851269010924759151e-01,8.825085894630801953e-02,-1.473686586095645790e-01,0.000000000000000000e+00,1.154894803331367459e-01,-9.753582497562410802e-01,1.879340614844266788e-01,0.000000000000000000e+00,-1.271543426942028099e-01,-2.021623216512368204e-01,-9.710623918361720452e-01,0.000000000000000000e+00,5.051767992079605474e-01,1.372343632204984509e-01,2.199089659025842136e-01,1.000000000000000000e+00
9.835671266094473397e-01,8.801586265634582518e-02,-1.575743071547614227e-01,0.000000000000000000e+00,1.182528563158578988e-01,-9.737998709975357325e-01,1.941927396159090213e-01,0.000000000000000000e+00,-1.363564237646370247e-01,-2.096392430205355761e-01,-9.682243094881968215e-01,0.000000000000000000e+00,5.036458027525486658e-01,1.304406168815029632e-01,2.247123828509572652e-01,1.000000000000000000e+00
9.816756020365614566e-01,8.118067593157043960e-02,-1.723469092344173947e-01,0.000000000000000000e+00,1.165353902614250786e-01,-9.715466293927466079e-01,2.061489670927773299e-01,0.000000000000000000e+00,-1.507106479087622908e-01,-2.224602087563770925e-01,-9.632225890867543994e-01,0.000000000000000000e+00,5.014578408623618921e-01,1.165618484682436617e-01,2.344191705744451681e-01,1.000000000000000000e+00
9.811758802910234278e-01,7.510213098962149891e-02,-1.778603630862175822e-01,0.000000000000000000e+00,1.125663076687556802e-01,-9.709774857871477094e-01,2.109793719146505764e-01,0.000000000000000000e+00,-1.568564277173015720e-01,-2.270333264099066994e-01,-9.611721644861651592e-01,0.000000000000000000e+00,5.005840816208809718e-01,1.095936609410583240e-01,2.391817285606614440e-01,1.000000000000000000e+00
9.808572010313580947e-01,6.509459618772334144e-02,-1.834736810370773408e-01,0.000000000000000000e+00,1.046042161516116398e-01,-9.710526628048488096e-01,2.146984651182392567e-01,0.000000000000000000e+00,-1.641900578040692282e-01,-2.297850802257895286e-01,-9.592916354393611345e-01,0.000000000000000000e+00,4.995735347086271427e-01,1.025727099464701225e-01,2.435533745011890516e-01,1.000000000000000000e+00
9.801381833823759049e-01,3.897566494221506306e-02,-1.943985234496821701e-01,0.000000000000000000e+00,8.175497001572579192e-02,-9.726915402835885072e-01,2.171820417062064745e-01,0.000000000000000000e+00,-1.806284623717499815e-01,-2.287658617286627838e-01,-9.565769906749584939e-01,0.000000000000000000e+00,4.972250004514604527e-01,8.861164777436898732e-02,2.514777407393749553e-01,1.000000000000000000e+00
9.773112180112352165e-01,1.848768882331673635e-02,-2.109543443794803241e-01,0.000000000000000000e+00,6.346973840193753658e-02,-9.759481490946214644e-01,2.085127082150644295e-01,0.000000000000000000e+00,-2.020294735688495380e-01,-2.171752071847228571e-01,-9.549968697298261144e-01,0.000000000000000000e+00,4.935863943312832069e-01,7.570465367644796384e-02,2.573260938005387244e-01,1.000000000000000000e+00
9.751338936153421955e-01,1.117675858871402389e-02,-2.212910221659250276e-01,0.000000000000000000e+00,5.667681700790967725e-02,-9.780736768263778025e-01,2.003506127127903380e-01,0.000000000000000000e+00,-2.142037773535888368e-01,-2.079147468347952443e-01,-9.544046310743034001e-01,0.000000000000000000e+00,4.913964832295520946e-01,6.926178883066326508e-02,2.593797386625646961e-01,1.000000000000000000e+00
9.727815931263372740e-01,8.897933861503047950e-03,-2.315114376198068868e-01,0.000000000000000000e+00,5.402662746549408840e-02,-9.804159387531727887e-01,1.893316071464246908e-01,0.000000000000000000e+00,-2.252971809967217187e-01,-1.966898715128827246e-01,-9.542296760629360719e-01,0.000000000000000000e+00,4.893488456015968047e-01,6.334862073425549800e-02,2.613213362082102975e-01,1.000000000000000000e+00
9.703896991446880893e-01,9.408514780190021728e-03,-2.413214838026663256e-01,0.000000000000000000e+00,5.371171812809811402e-02,-9.826128521573516128e-01,1.776732422514160081e-01,0.000000000000000000e+00,-2.354584834658589032e-01,-1.853776447047833786e-01,-9.540411057222140112e-01,0.000000000000000000e+00,4.874531872697451806e-01,5.722116189038266298e-02,2.630814646828925074e-01,1.000000000000000000e+00
9.661097336436207383e-01,1.214731718509879169e-02,-2.578084020071209626e-01,0.000000000000000000e+00,5.428439277866441842e-02,-9.861018210514199689e-01,1.569622569948999069e-01,0.000000000000000000e+00,-2.523235223894765289e-01,-1.656409259547500512e-01,-9.533603325594265376e-01,0.000000000000000000e+00,4.841854557511454105e-01,4.411251073660572841e-02,2.660485244033456986e-01,1.000000000000000000e+00
9.630945475440723103e-01,9.424181483005148255e-03,-2.689624958901562501e-01,0.000000000000000000e+00,5.053207748778988651e-02,-9.879349326256063879e-01,1.463277996281459048e-01,0.000000000000000000e+00,-2.643435149481601631e-01,-1.545217146814578391e-01,-9.519692987679559959e-01,0.000000000000000000e+00,4.812429431471836883e-01,2.942865643052136604e-02,2.686662271454775541e-01,1.000000000000000000e+00
9.612196695374650712e-01,6.272379281454844475e-03,-2.756776216047368555e-01,0.000000000000000000e+00,4.809526668486290013e-02,-9.882212061336905773e-01,1.452117074184928469e-01,0.000000000000000000e+00,-2.715248765165357292e-01,-1.528420808315851254e-01,-9.502176275778887460e-01,0.000000000000000000e+00,4.792751038051798473e-01,2.145157710473593118e-02,2.696152760374379564e-01,1.000000000000000000e+00
9.589107486917916034e-01,6.004780238855571533e-04,-2.836733374335680402e-01,0.000000000000000000e+00,4.355259146009896054e-02,-9.884438294630166766e-01,1.451299923337863729e-01,0.000000000000000000e+00,-2.803134095001531545e-01,-1.515243358928002881e-01,-9.478738144324091452e-01,0.000000000000000000e+00,4.767738329664453767e-01,1.354333124398045957e-02,2.701903944629409637e-01,1.000000000000000000e+00
9.559368705901393204e-01,-5.525682285664952273e-03,-2.934875008970863619e-01,0.000000000000000000e+00,3.881046871087408257e-02,-9.886566199465629534e-01,1.450261433517700815e-01,0.000000000000000000e+00,-2.909653310090171696e-01,-1.500291136253932844e-01,-9.448970532368020647e-01,0.000000000000000000e+00,4.736619263956554637e-01,5.923504593030781175e-03,2.704401441961835628e-01,1.000000000000000000e+00
9.451918283193057047e-01,-3.407306910592911714e-02,-3.247032191730145900e-01,0.000000000000000000e+00,1.444573015178694624e-02,-9.891911476898992417e-01,1.458524635154648808e-01,0.000000000000000000e+00,-3.261694708740373039e-01,-1.425518763040044545e-01,-9.345011711239094021e-01,0.000000000000000000e+00,4.626153341284799381e-01,-1.669033381731341650e-02,2.700388750786243408e-01,1.000000000000000000e+00
9.411054565517523729e-01,-3.779188315939174120e-02,-3.359658317701257890e-01,0.000000000000000000e+00,1.155007780214120129e-02,-9.895491442231914014e-01,1.436657014430455237e-01,0.000000000000000000e+00,-3.378906041604909927e-01,-1.390876849121295278e-01,-9.308515217400906705e-01,0.000000000000000000e+00,4.587262946639201200e-01,-2.380340928950361312e-02,2.696042407660873552e-01,1.000000000000000000e+00
9.335718800242462923e-01,-3.083835900094565943e-02,-3.570340142666119099e-01,0.000000000000000000e+00,1.810993499350916150e-02,-9.909481395789844216e-01,1.329457100499626121e-01,0.000000000000000000e+00,-3.579089105936859583e-01,-1.305827533839933052e-01,-9.245806380388332801e-01,0.000000000000000000e+00,4.516049289402059297e-01,-3.743773161738710165e-02,2.683259915897734937e-01,1.000000000000000000e+00
9.305429915987035727e-01,-2.062208865382141043e-02,-3.655751867226459950e-01,0.000000000000000000e+00,2.692691182715315976e-02,-9.918456755362595745e-01,1.244903379410696453e-01,0.000000000000000000e+00,-3.651684494440147200e-01,-1.256898422308418417e-01,-9.224175123503673968e-01,0.000000000000000000e+00,4.488288665617244377e-01,-4.374275798062128573e-02,2.675468800481690668e-01,1.000000000000000000e+00
9.243821325998632377e-01,3.709156965761555274e-03,-3.814245167604466968e-01,0.000000000000000000e+00,4.728788927478269621e-02,-9.933436921232529082e-01,1.049424211083804653e-01,0.000000000000000000e+00,-3.785036772015819007e-01,-1.150458743291972036e-01,-9.184222412075564446e-01,0.000000000000000000e+00,4.436896183753220591e-01,-5.591618380844514541e-02,2.657366731421244577e-01,1.000000000000000000e+00
9.153976123063268799e-01,2.772006553886979460e-02,-4.015713588536973244e-01,0.000000000000000000e+00,6.638844108486842421e-02,-9.943513954813419931e-01,8.269597387924543241e-02,0.000000000000000000e+00,-3.970183470792377212e-01,-1.023613643084963776e-01,-9.120847456126942587e-01,0.000000000000000000e+00,4.374072333260365375e-01,-6.663945161840061082e-02,2.635530298148754946e-01,1.000000000000000000e+00
9.094690817785767711e-01,3.653533995479199548e-02,-4.141399583769098669e-01,0.000000000000000000e+00,7.201175196679093782e-02,-9.949085788283661413e-01,7.037026540807123087e-02,0.000000000000000000e+00,-4.094682793886525451e-01,-9.382433103648291084e-02,-9.074870374170934673e-01,0.000000000000000000e+00,4.333795180660454105e-01,-7.115368673771967079e-02,2.624165640747455064e-01,1.000000000000000000e+00
9.023605375243165527e-01,4.455346967311140521e-02,-4.286504351568090621e-01,0.000000000000000000e+00,7.665765571141894275e-02,-9.953642727905257503e-01,5.791644994494595661e-02,0.000000000000000000e+00,-4.240911149431359495e-01,-8.512249525443267573e-02,-9.016101635562605576e-01,0.000000000000000000e+00,4.287228674996794719e-01,-7.504491474542621110e-02,2.613406409707751399e-01,1.000000000000000000e+00
8.934242262063136764e-01,5.361129551414245409e-02,-4.459817573871753815e-01,0.000000000000000000e+00,8.225587623315358532e-02,-9.955804605767724080e-01,4.510281858228007423e-02,0.000000000000000000e+00,-4.416012050844551062e-01,-7.698205317255610303e-02,-8.939027571035311759e-01,0.000000000000000000e+00,4.232590971041494954e-01,-7.862804990803533289e-02,2.602802352902574001e-01,1.000000000000000000e+00
8.721198278744851651e-01,7.134146467249892487e-02,-4.840435395166115540e-01,0.000000000000000000e+00,9.291597326874878604e-02,-9.954491974917355490e-01,2.069454096590354203e-02,0.000000000000000000e+00,-4.803736227804538683e-01,-6.302470950471965316e-02,-8.747965869438610875e-01,0.000000000000000000e+00,4.113240608950523569e-01,-8.474279549024511804e-02,2.584438050943615450e-01,1.000000000000000000e+00
8.491294397258460913e-01,8.280453923884714684e-02,-5.216352650785039957e-01,0.000000000000000000e+00,9.690478371427109494e-02,-9.952839536180273505e-01,-2.479212924497494353e-04,0.000000000000000000e+00,-5.192057343016056592e-01,-5.033940446154215598e-02,-8.531654879487260423e-01,0.000000000000000000e+00,3.994033370660798332e-01,-8.983830040375651027e-02,2.571709102460942864e-01,1.000000000000000000e+00
8.389233959820279196e-01,8.589013190426485200e-02,-5.374115441788143155e-01,0.000000000000000000e+00,9.628690007678342155e-02,-9.953053711347948918e-01,-8.763444815815884040e-03,0.000000000000000000e+00,-5.356516028154110209e-01,-4.439468750437437078e-02,-8.432712921252981664e-01,0.000000000000000000e+00,3.943998422613059773e-01,-9.201003346222103030e-02,2.568608845494647630e-01,1.000000000000000000e+00
8.305572072869188416e-01,8.791467553928769552e-02,-5.499331615294578146e-01,0.000000000000000000e+00,9.494352497453810436e-02,-9.953487238699524342e-01,-1.572869533924180566e-02,0.000000000000000000e+00,-5.487686191859589835e-01,-3.914976533507099482e-02,-8.350570630028495422e-01,0.000000000000000000e+00,3.904282412165245297e-01,-9.393562149023924890e-02,2.566690587656183520e-01,1.000000000000000000e+00
8.237061094339171996e-01,8.840373017577390913e-02,-5.600658645851014361e-01,0.000000000000000000e+00,9.241016796255815957e-02,-9.954851729455408416e-01,-2.122211591540706932e-02,0.000000000000000000e+00,-5.594241489249438537e-01,-3.427565399432149634e-02,-8.281725672484351319e-01,0.000000000000000000e+00,3.872464562053686277e-01,-9.579664337129419061e-02,2.565552027790749534e-01,1.000000000000000000e+00
8.136180510052916093e-01,9.272610127302326199e-02,-5.739410110126859088e-01,0.000000000000000000e+00,9.094155730711818431e-02,-9.953358856317867653e-01,-3.188816127265634709e-02,0.000000000000000000e+00,-5.742320051138174453e-01,-2.625081112857443819e-02,-8.182716536811333041e-01,0.000000000000000000e+00,3.827232724409297404e-01,-9.902430538355259937e-02,2.562352515042306544e-01,1.000000000000000000e+00
8.081482620503200875e-01,1.059131286269312106e-01,-5.793613230365921574e-01,0.000000000000000000e+00,9.745108034156285681e-02,-9.941757147072207701e-01,-4.581137552898163767e-02,0.000000000000000000e+00,-5.808501666782448503e-01,-1.943737755190229691e-02,-8.137783925761115089e-01,0.000000000000000000e+00,3.803583031509444323e-01,-1.024636508027581966e-01,2.553004340396865524e-01,1.000000000000000000e+00
8.061011485140592292e-01,1.179969957149464843e-01,-5.798779132436150396e-01,0.000000000000000000e+00,1.054579458043996554e-01,-9.928677199489105432e-01,-5.543518062905643251e-02,0.000000000000000000e+00,-5.822944573147766922e-01,-1.646668780961406051e-02,-8.128111792864748386e-01,0.000000000000000000e+00,3.797548999219398369e-01,-1.041616707954455268e-01,2.546273646033628824e-01,1.000000000000000000e+00
8.031593437182605877e-01,1.355704710379777578e-01,-5.801176284873628131e-01,0.000000000000000000e+00,1.178738454150274478e-01,-9.906658866262347818e-01,-6.831986931587735734e-02,0.000000000000000000e+00,-5.839761449877599597e-01,-1.350921435443295897e-02,-8.116584030321873922e-01,0.000000000000000000e+00,3.791449355775427521e-01,-1.057948332927614171e-01,2.538194542741801230e-01,1.000000000000000000e+00
7.942120184831698015e-01,1.838826119351463784e-01,-5.791331467167162295e-01,0.000000000000000000e+00,1.531085855495478709e-01,-9.829092830508446843e-01,-1.021168410434808577e-01,0.000000000000000000e+00,-5.880241787715543289e-01,-7.567980199457725703e-03,-8.088079443574597294e-01,0.000000000000000000e+00,3.778588589019367117e-01,-1.089095456392752681e-01,2.518543679842896177e-01,1.000000000000000000e+00
7.850837682745565038e-01,2.268431362077602820e-01,-5.763388024837980961e-01,0.000000000000000000e+00,1.836142679034250824e-01,-9.739206308268508749e-01,-1.332109318837101652e-01,0.000000000000000000e+00,-5.915376245829966351e-01,-1.242310822103781911e-03,-8.062764385535070577e-01,0.000000000000000000e+00,3.766727347782287127e-01,-1.124004776331266608e-01,2.501626153336363179e-01,1.000000000000000000e+00
7.806595953925858922e-01,2.447456182305929040e-01,-5.750225433664469810e-01,0.000000000000000000e+00,1.957022238492721611e-01,-9.695748654790443677e-01,-1.469896823350223258e-01,0.000000000000000000e+00,-5.935139127905414425e-01,2.215758098474613410e-03,-8.048206792448305835e-01,0.000000000000000000e+00,3.760281797914547530e-01,-1.143305278319503571e-01,2.495046667589836675e-01,1.000000000000000000e+00
7.758895484919762220e-01,2.623055274031065309e-01,-5.737351006657199770e-01,0.000000000000000000e+00,2.072593838383784970e-01,-9.649567771641346381e-01,-1.608810520762176399e-01,0.000000000000000000e+00,-5.958410346846573225e-01,5.914057269832369464e-03,-8.030806219256733103e-01,0.000000000000000000e+00,3.752898787592688912e-01,-1.163649175646017941e-01,2.490227575025696638e-01,1.000000000000000000e+00
7.706034037549869264e-01,2.795840648264202311e-01,-5.726987792178127590e-01,0.000000000000000000e+00,2.183836288893277744e-01,-9.600625439645570358e-01,-1.748406394710338430e-01,0.000000000000000000e+00,-5.987208308127159873e-01,9.664940305053800265e-03,-8.008994666497356585e-01,0.000000000000000000e+00,3.744595738055447876e-01,-1.183416963214037887e-01,2.488187054737150961e-01,1.000000000000000000e+00
7.451513857032936450e-01,3.432355691608765524e-01,-5.717687498879935326e-01,0.000000000000000000e+00,2.583067503097108975e-01,-9.389931611331782113e-01,-2.270467198414604371e-01,0.000000000000000000e+00,-6.148292933745116429e-01,2.149286400127225008e-02,-7.883672981584292083e-01,0.000000000000000000e+00,3.708598015650825808e-01,-1.231813069633637542e-01,2.500700516980228771e-01,1.000000000000000000e+00
7.333273548810164133e-01,3.648263437049286684e-01,-5.736841259990672626e-01,0.000000000000000000e+00,2.698877369532555748e-01,-9.306963172918562011e-01,-2.468718722796001963e-01,0.000000000000000000e+00,-6.240030798764288900e-01,2.620809118839760241e-02,-7.809822611692226468e-01,0.000000000000000000e+00,3.689846154453295668e-01,-1.244936239986364074e-01,2.512536598153891632e-01,1.000000000000000000e+00
7.068188213406171316e-01,4.037524406130900689e-01,-5.808372124776804979e-01,0.000000000000000000e+00,2.863818364589336141e-01,-9.141305451307485397e-01,-2.869347262123869147e-01,0.000000000000000000e+00,-6.468240870473953574e-01,3.647033955713649411e-02,-7.617667062479762663e-01,0.000000000000000000e+00,3.645918411536733239e-01,-1.265267828767578928e-01,2.547804681166613294e-01,1.000000000000000000e+00
6.928444933508967063e-01,4.214669853743767125e-01,-5.850750679818637057e-01,0.000000000000000000e+00,2.922757365125990270e-01,-9.058910108570092934e-01,-3.064589975766610630e-01,0.000000000000000000e+00,-6.591892860472593485e-01,4.132597815240733607e-02,-7.508406280231855190e-01,0.000000000000000000e+00,3.624828106259408989e-01,-1.271030724554616798e-01,2.569567113692909355e-01,1.000000000000000000e+00
6.653688769949381854e-01,4.553435753724464075e-01,-5.915464755999650937e-01,0.000000000000000000e+00,3.030275123043159047e-01,-8.889419243508560609e-01,-3.434200472006006533e-01,0.000000000000000000e+00,-6.822377096997198631e-01,4.924710238929670691e-02,-7.294699653652224614e-01,0.000000000000000000e+00,3.595163304200145737e-01,-1.275189477622628853e-01,2.616332409700332651e-01,1.000000000000000000e+00
6.426003288181545425e-01,4.889138469919153129e-01,-5.899227191112188518e-01,0.000000000000000000e+00,3.185196431647279725e-01,-8.707179654298089488e-01,-3.746681311470151376e-01,0.000000000000000000e+00,-6.968501636147428346e-01,5.286090802296831981e-02,-7.152660860638463403e-01,0.000000000000000000e+00,3.597292180872336265e-01,-1.273599358558237804e-01,2.647485411186099036e-01,1.000000000000000000e+00
6.325862291255580638e-01,5.071247952364044131e-01,-5.853544666937720020e-01,0.000000000000000000e+00,3.299601063407817669e-01,-8.602463141113690925e-01,-3.886944226286146997e-01,0.000000000000000000e+00,-7.006790921507946024e-01,5.274013242642267008e-02,-7.115246223809698067e-01,0.000000000000000000e+00,3.612594654694191165e-01,-1.270486023213782678e-01,2.653675768453449546e-01,1.000000000000000000e+00
6.224248147565378808e-01,5.284997546235953303e-01,-5.772833846901338495e-01,0.000000000000000000e+00,3.454512530625597488e-01,-8.473530453344697566e-01,-4.032827732759179939e-01,0.000000000000000000e+00,-7.023112024253835850e-01,5.159093012263802486e-02,-7.099981344178960541e-01,0.000000000000000000e+00,3.633874792133764409e-01,-1.266247391858190685e-01,2.654548431068509684e-01,1.000000000000000000e+00
