9.995936065262159831e-01,2.101245174587657027e-02,1.875754687446922267e-02,0.000000000000000000e+00,2.466838600050758057e-02,-9.745149318270490690e-01,-2.229189657240054911e-01,0.000000000000000000e+00,1.359569726240225131e-02,2.232953904460866779e-01,-9.746560037374616403e-01,0.000000000000000000e+00,6.235319869285667060e-01,2.969164478230583715e-01,3.046940125090197293e-02,1.000000000000000000e+00
9.995924352254250689e-01,2.102151062179230881e-02,1.880974302033616707e-02,0.000000000000000000e+00,2.468896125387879531e-02,-9.745130153939336459e-01,-2.229250657087164245e-01,0.000000000000000000e+00,1.364438044947791952e-02,2.233029015940130313e-01,-9.746536025798318015e-01,0.000000000000000000e+00,6.235449880268018052e-01,2.969248052559041451e-01,3.050281718874531256e-02,1.000000000000000000e+00
9.995925927071908079e-01,2.101663756670946182e-02,1.880681928221739768e-02,0.000000000000000000e+00,2.468365306282309032e-02,-9.745115866196262244e-01,-2.229318992804330268e-01,0.000000000000000000e+00,1.364244702812763069e-02,2.233095956029492735e-01,-9.746520959556450592e-01,0.000000000000000000e+00,6.235464413623040825e-01,2.969260592621503214e-01,3.050084175315338070e-02,1.000000000000000000e+00
9.995928135313801866e-01,2.102215799586878639e-02,1.878890392823443292e-02,0.000000000000000000e+00,2.468501416352851877e-02,-9.745118646291094366e-01,-2.229305332924386707e-01,0.000000000000000000e+00,1.362379120866204045e-02,2.233078627237674862e-01,-9.746527539379581384e-01,0.000000000000000000e+00,6.235405540644523015e-01,2.969267842083674336e-01,3.048861712378155009e-02,1.000000000000000000e+00
9.995925024604628284e-01,2.102473669944676660e-02,1.880256293054127087e-02,0.000000000000000000e+00,2.469063266345057628e-02,-9.745108470187373584e-01,-2.229343594036377330e-01,0.000000000000000000e+00,1.363642786333642623e-02,2.233120608243202576e-01,-9.746516153608545396e-01,0.000000000000000000e+00,6.235441939954748936e-01,2.969287904627102015e-01,3.049807168706818172e-02,1.000000000000000000e+00
9.995923689541812429e-01,2.102665601829361783e-02,1.880751356412198663e-02,0.000000000000000000e+00,2.469364929313420942e-02,-9.745101225994945437e-01,-2.229371919104430333e-01,0.000000000000000000e+00,1.364075132791186216e-02,2.233150414403355377e-01,-9.746508719381066221e-01,0.000000000000000000e+00,6.235447002769048952e-01,2.969315985175085548e-01,3.050138733354922430e-02,1.000000000000000000e+00
9.995920275633058960e-01,2.103601801773962235e-02,1.881518745707766102e-02,0.000000000000000000e+00,2.470454541063274792e-02,-9.745089496357010050e-01,-2.229411119941435149e-01,0.000000000000000000e+00,1.364603804571045201e-02,2.233192784065162750e-01,-9.746498271367250998e-01,0.000000000000000000e+00,6.235447627069046206e-01,2.969404427384959022e-01,3.050576900380833067e-02,1.000000000000000000e+00
9.995907376232153752e-01,2.103732697008266553e-02,1.888213528810504804e-02,0.000000000000000000e+00,2.472102875523661883e-02,-9.745044254101100645e-01,-2.229590601312320675e-01,0.000000000000000000e+00,1.371052572063398596e-02,2.233388971516256094e-01,-9.746444267031744157e-01,0.000000000000000000e+00,6.235664156108351452e-01,2.969532384947087822e-01,3.054398770848358591e-02,1.000000000000000000e+00
9.995909676712436687e-01,2.103108144740458915e-02,1.887691353024964838e-02,0.000000000000000000e+00,2.471376993256116372e-02,-9.745046666344606701e-01,-2.229588105112412233e-01,0.000000000000000000e+00,1.370683932273646446e-02,2.233384328046951750e-01,-9.746445849580879228e-01,0.000000000000000000e+00,6.235666530620643799e-01,2.969511061220890813e-01,3.054028180321774477e-02,1.000000000000000000e+00
9.995910615354516304e-01,2.103366021506866343e-02,1.886906827573180123e-02,0.000000000000000000e+00,2.471455676516581476e-02,-9.745042332948801178e-01,-2.229606173194449148e-01,0.000000000000000000e+00,1.369857278696678428e-02,2.233400807945896127e-01,-9.746443235428330354e-01,0.000000000000000000e+00,6.235639421150503958e-01,2.969512421659481483e-01,3.053679352158971197e-02,1.000000000000000000e+00
9.995906303187105379e-01,2.104939514524519634e-02,1.887436473819512767e-02,0.000000000000000000e+00,2.473125307948449009e-02,-9.745009928120387244e-01,-2.229729289189108787e-01,0.000000000000000000e+00,1.369990565419781925e-02,2.233527374854381575e-01,-9.746414044369483554e-01,0.000000000000000000e+00,6.235599017736972449e-01,2.969670970121878195e-01,3.054377677675023869e-02,1.000000000000000000e+00
9.995913095374769908e-01,2.101417442517323694e-02,1.887763946017905273e-02,0.000000000000000000e+00,2.469733636081789321e-02,-9.745069214141526270e-01,-2.229507761677443356e-01,0.000000000000000000e+00,1.371152780468805690e-02,2.233301855214837595e-01,-9.746464088274274795e-01,0.000000000000000000e+00,6.235718169714730141e-01,2.969377416095562716e-01,3.053996610548307886e-02,1.000000000000000000e+00
9.995904789009110170e-01,2.105071371872042213e-02,1.888091215455510105e-02,0.000000000000000000e+00,2.473385367489855727e-02,-9.745033291572240408e-01,-2.229624292231414118e-01,0.000000000000000000e+00,1.370625737245942041e-02,2.233424191562102812e-01,-9.746436796667239388e-01,0.000000000000000000e+00,6.235617457333054725e-01,2.969635862593469344e-01,3.054560637605383683e-02,1.000000000000000000e+00
9.995900429385609076e-01,2.104645903096570916e-02,1.890871549186323025e-02,0.000000000000000000e+00,2.473583002530885949e-02,-9.745046926373929219e-01,-2.229562505108739212e-01,0.000000000000000000e+00,1.373445681734509170e-02,2.233368707208244763e-01,-9.746445541183524908e-01,0.000000000000000000e+00,6.235727980170764351e-01,2.969551458080437190e-01,3.055960310942876929e-02,1.000000000000000000e+00
9.995930330296893818e-01,2.095832404186844661e-02,1.884844484488433156e-02,0.000000000000000000e+00,2.463560519216215217e-02,-9.745208652237737912e-01,-2.228966511671534867e-01,0.000000000000000000e+00,1.369692624362475047e-02,2.232745811655890977e-01,-9.746593536291576765e-01,0.000000000000000000e+00,6.235799942905844162e-01,2.968831579061206871e-01,3.051632768700572249e-02,1.000000000000000000e+00
9.995785091754816332e-01,2.081473828411655597e-02,1.975595013896986121e-02,0.000000000000000000e+00,2.469625775087759892e-02,-9.745506078008820960e-01,-2.227598585680146681e-01,0.000000000000000000e+00,1.461676647736587752e-02,2.231581618544391243e-01,-9.746726552722684289e-01,0.000000000000000000e+00,6.239415186512127232e-01,2.967835861572513112e-01,3.101686850278163876e-02,1.000000000000000000e+00
9.995605304526827828e-01,2.089116794896230325e-02,2.056822705261920556e-02,0.000000000000000000e+00,2.493642035084074615e-02,-9.747708366832291693e-01,-2.217673055100139456e-01,0.000000000000000000e+00,1.541662668601040398e-02,2.221870212769783692e-01,-9.748821750333154235e-01,0.000000000000000000e+00,6.243162080784060430e-01,2.964837555829388793e-01,3.190605749962996396e-02,1.000000000000000000e+00
9.995288434422463508e-01,2.163328523892528096e-02,2.132695472835200584e-02,0.000000000000000000e+00,2.573925544318492881e-02,-9.759709945049012125e-01,-2.163304313210540064e-01,0.000000000000000000e+00,1.613486193545353095e-02,2.167816194732097301e-01,-9.760867767206440337e-01,0.000000000000000000e+00,6.250767892535851189e-01,2.948925391629983461e-01,3.469525770646370022e-02,1.000000000000000000e+00
9.995723547078076976e-01,2.218009001414620804e-02,1.854449276906300695e-02,0.000000000000000000e+00,2.550221057276603684e-02,-9.785965775736382710e-01,-2.041546534328152196e-01,0.000000000000000000e+00,1.361967078756470828e-02,2.045442113258650885e-01,-9.787625708928178181e-01,0.000000000000000000e+00,6.257161960378088139e-01,2.907183482984755929e-01,3.791837719527289124e-02,1.000000000000000000e+00
9.996260314421885340e-01,2.296900362584555419e-02,1.417635484827574864e-02,0.000000000000000000e+00,2.528689062650820232e-02,-9.806183492701917581e-01,-1.942394736871353167e-01,0.000000000000000000e+00,9.440288269385165021e-03,1.945290554529439386e-01,-9.808513279503555671e-01,0.000000000000000000e+00,6.256015147598538162e-01,2.876091783955599390e-01,3.976188405154747890e-02,1.000000000000000000e+00
9.996620797698726468e-01,2.561777097147940191e-02,-4.505350531161443585e-04,0.000000000000000000e+00,2.518042084455730106e-02,-9.855414258547594564e-01,-1.674956454104608583e-01,0.000000000000000000e+00,-4.734977204474857641e-03,1.674309241452990316e-01,-9.858724388229566094e-01,0.000000000000000000e+00,6.242166277206829816e-01,2.798382382792365952e-01,4.401650510830442536e-02,1.000000000000000000e+00
9.995697168511116226e-01,2.737011567818306221e-02,-9.591914467917118242e-03,0.000000000000000000e+00,2.559346481171938595e-02,-9.880133806180680933e-01,-1.521685945909866666e-01,0.000000000000000000e+00,-1.364207452879645337e-02,1.518605524697517473e-01,-9.883077791893235542e-01,0.000000000000000000e+00,6.230914702934997607e-01,2.756996206586219134e-01,4.693752828145177081e-02,1.000000000000000000e+00
9.993771984361091709e-01,2.927046726173566232e-02,-1.921462707110960927e-02,0.000000000000000000e+00,2.638882915067647730e-02,-9.903336881008826253e-01,-1.361012961355204109e-01,0.000000000000000000e+00,-2.301308409881126088e-02,1.355120895521137458e-01,-9.905083904467850697e-01,0.000000000000000000e+00,6.217478969557791446e-01,2.715182828868604181e-01,5.034162887259581443e-02,1.000000000000000000e+00
9.986751764554396837e-01,3.352244146685495058e-02,-3.879284406956405584e-02,0.000000000000000000e+00,2.943191376074184157e-02,-9.943807235013383261e-01,-1.015947148356793478e-01,0.000000000000000000e+00,-4.198136750540458484e-02,1.003203036009889665e-01,-9.940691130237281348e-01,0.000000000000000000e+00,6.185066119978623878e-01,2.631739362775602498e-01,5.850171218048795529e-02,1.000000000000000000e+00
9.975349318458692771e-01,3.837240834963413783e-02,-5.858638857204215983e-02,0.000000000000000000e+00,3.461236946858808200e-02,-9.973463868301151170e-01,-6.389769524711230719e-02,0.000000000000000000e+00,-6.088400362011054529e-02,6.171355752357044616e-02,-9.962352006032365592e-01,0.000000000000000000e+00,6.141999767747478023e-01,2.548228497987516383e-01,6.833731722191294100e-02,1.000000000000000000e+00
9.968547725456600173e-01,4.071438721037751868e-02,-6.785018812230296514e-02,0.000000000000000000e+00,3.777230063531344245e-02,-9.983034029514670227e-01,-4.409439716613584165e-02,0.000000000000000000e+00,-6.953168875389512116e-02,4.139364950969145335e-02,-9.967205777143862688e-01,0.000000000000000000e+00,6.118710143306568261e-01,2.506353385395999056e-01,7.411577645817669924e-02,1.000000000000000000e+00
9.961590454386241023e-01,4.282969745903251330e-02,-7.624644324547337482e-02,0.000000000000000000e+00,4.108071041970078052e-02,-9.988491549125889657e-01,-2.436160633102460449e-02,0.000000000000000000e+00,-7.720358203779767448e-02,2.113618338959251039e-02,-9.967912864146910579e-01,0.000000000000000000e+00,6.094885404079694036e-01,2.464999453043887623e-01,8.026614679465311764e-02,1.000000000000000000e+00
9.947464797694838268e-01,4.624417786432367949e-02,-9.122315441312732476e-02,0.000000000000000000e+00,4.792894214734637337e-02,-9.987070584879715884e-01,1.636382388526527037e-02,0.000000000000000000e+00,-9.035021614927508937e-02,-2.065048308159149124e-02,-9.956959355095692521e-01,0.000000000000000000e+00,6.045691989838472002e-01,2.381445493255374690e-01,9.418177937731490867e-02,1.000000000000000000e+00
9.931272013338611204e-01,4.751786396449873134e-02,-1.068698342668887025e-01,0.000000000000000000e+00,5.403662354568159604e-02,-9.967876602789264018e-01,5.895040740023949066e-02,0.000000000000000000e+00,-1.037273316863566996e-01,-6.432137650737636270e-02,-9.925237534615608537e-01,0.000000000000000000e+00,5.987598402385582164e-01,2.294821099226463379e-01,1.093146255191635441e-01,1.000000000000000000e+00
9.921702205673142982e-01,4.699217026106393413e-02,-1.156318998147581878e-01,0.000000000000000000e+00,5.655415586039536785e-02,-9.951108083432058660e-01,8.085080998145788289e-02,0.000000000000000000e+00,-1.112693405461369911e-01,-8.675890083459530944e-02,-9.899959732142351587e-01,0.000000000000000000e+00,5.954043120759282548e-01,2.250499312808340868e-01,1.172381134954810084e-01,1.000000000000000000e+00
9.910154755645365077e-01,4.610458151755334605e-02,-1.254728721911423373e-01,0.000000000000000000e+00,5.932119081247387571e-02,-9.928259313256623253e-01,1.037227714107627763e-01,0.000000000000000000e+00,-1.197929326047087184e-01,-1.102361942178864268e-01,-9.866598374223610746e-01,0.000000000000000000e+00,5.915260345092921979e-01,2.205091837116998355e-01,1.253327187628167916e-01,1.000000000000000000e+00
9.896354053190847821e-01,4.468041589402236419e-02,-1.364044422871791284e-01,0.000000000000000000e+00,6.231163588377944956e-02,-9.898237028697023376e-01,1.278555598009215588e-01,0.000000000000000000e+00,-1.293062001113490234e-01,-1.350325724820703177e-01,-9.823676048107645720e-01,0.000000000000000000e+00,5.872314345153692994e-01,2.157502321961670688e-01,1.335991350752330220e-01,1.000000000000000000e+00
9.864711739441727190e-01,3.822440080265283174e-02,-1.593557813877246876e-01,0.000000000000000000e+00,6.655856774545836074e-02,-9.820449768487800046e-01,1.764606681585466907e-01,0.000000000000000000e+00,-1.497523245343295728e-01,-1.846834107724127372e-01,-9.713219235052984457e-01,0.000000000000000000e+00,5.780618527611899315e-01,2.058273359261651447e-01,1.506213155248795899e-01,1.000000000000000000e+00
9.828067025408012691e-01,2.624607258744469582e-02,-1.827098136822974950e-01,0.000000000000000000e+00,6.705495781092284113e-02,-9.729728080075883412e-01,2.209259930655793069e-01,0.000000000000000000e+00,-1.719765519000994725e-01,-2.293835619428212513e-01,-9.580225712930652282e-01,0.000000000000000000e+00,5.682486161907817079e-01,1.963779655319718154e-01,1.679064697832781672e-01,1.000000000000000000e+00
9.806981648827506337e-01,1.756303533861578586e-02,-1.946879454062540316e-01,0.000000000000000000e+00,6.508344679202782146e-02,-9.684603013479673450e-01,2.404777257208703112e-01,0.000000000000000000e+00,-1.843275763590096206e-01,-2.485118114679892021e-01,-9.509286114922150812e-01,0.000000000000000000e+00,5.630793031959852035e-01,1.919378792338781170e-01,1.766248242041161265e-01,1.000000000000000000e+00
9.782710264803841094e-01,7.744007589964439948e-03,-2.071390257693377646e-01,0.000000000000000000e+00,6.232791177420936302e-02,-9.640367904407173283e-01,2.583196566114067672e-01,0.000000000000000000e+00,-1.976930183994672352e-01,-2.656222926086889702e-01,-9.435900954044674771e-01,0.000000000000000000e+00,5.576360414467497195e-01,1.877425217598854001e-01,1.852922248338191857e-01,1.000000000000000000e+00
9.752464796612387854e-01,-3.590155106649119479e-03,-2.210478717289092454e-01,0.000000000000000000e+00,5.871504247446071578e-02,-9.597444633701507355e-01,2.746340396214054791e-01,0.000000000000000000e+00,-2.131395534282609916e-01,-2.808201221709276663e-01,-9.357946301129895783e-01,0.000000000000000000e+00,5.517076343116814607e-01,1.837483969295852504e-01,1.937619871360443391e-01,1.000000000000000000e+00
9.665285331777057065e-01,-2.983215033405671804e-02,-2.547810516129622727e-01,0.000000000000000000e+00,5.020400974703827235e-02,-9.519999289483580540e-01,3.019212473292477439e-01,0.000000000000000000e+00,-2.515633464462617153e-01,-3.046123954474017070e-01,-9.186550883027612135e-01,0.000000000000000000e+00,5.380742112985390513e-01,1.764097334528045846e-01,2.099270840003514826e-01,1.000000000000000000e+00
9.546021162127996673e-01,-6.199334199383802618e-02,-2.913286325984594249e-01,0.000000000000000000e+00,3.894153577511397929e-02,-9.437187373008985025e-01,3.284193181892341995e-01,0.000000000000000000e+00,-2.952977858027467928e-01,-3.248608150946222795e-01,-8.984790862986475890e-01,0.000000000000000000e+00,5.231620960443036372e-01,1.685684653598621685e-01,2.259184698747944142e-01,1.000000000000000000e+00
9.477409618891630139e-01,-7.872552801539468847e-02,-3.091441529405167810e-01,0.000000000000000000e+00,3.397621102403949184e-02,-9.386405175154195479e-01,3.431914084939245990e-01,0.000000000000000000e+00,-3.171992596156658628e-01,-3.357665671221714554e-01,-8.869303479429856418e-01,0.000000000000000000e+00,5.157516766729597357e-01,1.638725902529637457e-01,2.338602111040846143e-01,1.000000000000000000e+00
9.407277053751739171e-01,-9.538618387673246379e-02,-3.254437081373712237e-01,0.000000000000000000e+00,2.956641936897586379e-02,-9.328997217970922406e-01,3.588936929200821080e-01,0.000000000000000000e+00,-3.378463491561789489e-01,-3.472501310111930084e-01,-8.748012293513027782e-01,0.000000000000000000e+00,5.086595715511096349e-01,1.586865871942345074e-01,2.417595850417001702e-01,1.000000000000000000e+00
9.205529506642085025e-01,-1.413874847825268288e-01,-3.641051923160374959e-01,0.000000000000000000e+00,2.091712980691418783e-02,-9.129938529414399762e-01,4.074131135260538605e-01,0.000000000000000000e+00,-3.900364272073352789e-01,-3.826687469259359986e-01,-8.375178897059279981e-01,0.000000000000000000e+00,4.900710152201922520e-01,1.408518729048876816e-01,2.661755015467927588e-01,1.000000000000000000e+00
9.136942884854077906e-01,-1.522171191731750139e-01,-3.767936341301057479e-01,0.000000000000000000e+00,2.217121993724912449e-02,-9.071367629598473536e-01,4.202286011142413735e-01,0.000000000000000000e+00,-4.057771570921371307e-01,-3.923220006437855845e-01,-8.254867331417753418e-01,0.000000000000000000e+00,4.845087699759929034e-01,1.345016182456297282e-01,2.742016575930342204e-01,1.000000000000000000e+00
9.066291690480631216e-01,-1.586162932427502281e-01,-3.909541766631442483e-01,0.000000000000000000e+00,2.662086480349331111e-02,-9.032773042224321314e-01,4.282081131120453188e-01,0.000000000000000000e+00,-4.210689252907072189e-01,-3.986411791297274076e-01,-8.147307349404401267e-01,0.000000000000000000e+00,4.792539788934563894e-01,1.284556723076136220e-01,2.820277094330662648e-01,1.000000000000000000e+00
8.984021307185006133e-01,-1.601648894493336861e-01,-4.089028816349294937e-01,0.000000000000000000e+00,3.551454992105963077e-02,-9.015627022738565977e-01,4.311660440175849596e-01,0.000000000000000000e+00,-4.377176761303983032e-01,-4.018902320738954592e-01,-8.042931538727617902e-01,0.000000000000000000e+00,4.738662753740680578e-01,1.226352158423366923e-01,2.892508339680148755e-01,1.000000000000000000e+00
8.680003960427441490e-01,-1.733978187795626180e-01,-4.652840592727602309e-01,0.000000000000000000e+00,4.942663370278708307e-02,-9.022095497486901650e-01,4.284339892262102878e-01,0.000000000000000000e+00,-4.940827534686353939e-01,-3.948858998691855415e-01,-7.745626887536964933e-01,0.000000000000000000e+00,4.572668302380537009e-01,1.042902384268506871e-01,3.086949742877378999e-01,1.000000000000000000e+00
8.559356817982628485e-01,-1.812827075936315480e-01,-4.842431573633989572e-01,0.000000000000000000e+00,5.034359279165117468e-02,-9.028483684797176112e-01,4.269790312176334757e-01,0.000000000000000000e+00,-5.146119673128962679e-01,-3.898526343965573737e-01,-7.636684140072932392e-01,0.000000000000000000e+00,4.513810304112300109e-01,9.729754836821566388e-02,3.144697667099278227e-01,1.000000000000000000e+00
8.427038915414536424e-01,-1.897483263168554257e-01,-5.038119398565804596e-01,0.000000000000000000e+00,5.018412487153525031e-02,-9.040575351313672181e-01,4.244317067377072483e-01,0.000000000000000000e+00,-5.360205065615463171e-01,-3.829609854486661913e-01,-7.523449343018729918e-01,0.000000000000000000e+00,4.452443522377478313e-01,9.013147911896621234e-02,3.195212699640161969e-01,1.000000000000000000e+00
8.158485417326686306e-01,-2.069830933535617146e-01,-5.399350913949535480e-01,0.000000000000000000e+00,4.537008662055364017e-02,-9.079408608302308448e-01,4.166121642200467101e-01,0.000000000000000000e+00,-5.764719050231087438e-01,-3.643963442718974322e-01,-7.313654674650043042e-01,0.000000000000000000e+00,4.330312195632718408e-01,7.608084730130802720e-02,3.273410036175171678e-01,1.000000000000000000e+00
8.036387188532150283e-01,-2.171614936066780521e-01,-5.540635723052800277e-01,0.000000000000000000e+00,3.895646092839923774e-02,-9.098374554517224544e-01,4.131088787599190293e-01,0.000000000000000000e+00,-5.938305649969448652e-01,-3.535814535185248797e-01,-7.227346787052192356e-01,0.000000000000000000e+00,4.273329816185721941e-01,6.941272378204051130e-02,3.300825876933345948e-01,1.000000000000000000e+00
7.816928027320626526e-01,-2.374045891554589227e-01,-5.766941738096792447e-01,0.000000000000000000e+00,2.274810315415374401e-02,-9.132323894924060381e-01,4.067798833350619869e-01,0.000000000000000000e+00,-6.232392087204845499e-01,-3.311019803925667748e-01,-7.084803224462797866e-01,0.000000000000000000e+00,4.168076716066284604e-01,5.595599839379440665e-02,3.339779381732870811e-01,1.000000000000000000e+00
7.579433504406791755e-01,-2.459947734807315933e-01,-6.041433570305392298e-01,0.000000000000000000e+00,1.830592702039574721e-02,-9.177709812528279665e-01,3.966636684993389284e-01,0.000000000000000000e+00,-6.520549849588695990e-01,-3.117139955644891436e-01,-6.911285564636365786e-01,0.000000000000000000e+00,4.052688674294165350e-01,4.244459112474973511e-02,3.371340367015188133e-01,1.000000000000000000e+00
7.462654673707442843e-01,-2.433568408503627156e-01,-6.195531027462166662e-01,0.000000000000000000e+00,2.172739420028456034e-02,-9.213606843609584152e-01,3.880762251882743374e-01,0.000000000000000000e+00,-6.652856837261551526e-01,-3.030749951898019656e-01,-6.823052882102876859e-01,0.000000000000000000e+00,3.995485444669618080e-01,3.571770620793512929e-02,3.385153240846041078e-01,1.000000000000000000e+00
7.351256329918682830e-01,-2.368782181803618658e-01,-6.351848237884862858e-01,0.000000000000000000e+00,2.710401324582679961e-02,-9.259377721573348596e-01,3.766767333662777717e-01,0.000000000000000000e+00,-6.773811757633600994e-01,-2.941264427721653751e-01,-6.742732223539952274e-01,0.000000000000000000e+00,3.943241969108897127e-01,2.880849292462060382e-02,3.397072622798751329e-01,1.000000000000000000e+00
7.238813445250497081e-01,-2.235910006808488615e-01,-6.526741992482553156e-01,0.000000000000000000e+00,3.673289494984497555e-02,-9.321855159397607338e-01,3.600855526148391550e-01,0.000000000000000000e+00,-6.889385884093773837e-01,-2.846393069570324896e-01,-6.665913938354700585e-01,0.000000000000000000e+00,3.892248895094613248e-01,2.223205177698760887e-02,3.411403114411318271e-01,1.000000000000000000e+00
6.993698994231617450e-01,-1.783205076082838847e-01,-6.921447010910136699e-01,0.000000000000000000e+00,6.467057060306279082e-02,-9.486091907952660662e-01,3.097403224280511624e-01,0.000000000000000000e+00,-7.118215811085244482e-01,-2.613894834607941031e-01,-6.519091766528979370e-01,0.000000000000000000e+00,3.798083975148441316e-01,9.746573972380356485e-03,3.444887746208543655e-01,1.000000000000000000e+00
6.753756592068000941e-01,-1.342393404899859533e-01,-7.251401694272650023e-01,0.000000000000000000e+00,8.592480531599736016e-02,-9.622624815908278340e-01,2.581638844906044006e-01,0.000000000000000000e+00,-7.324450303631540038e-01,-2.366696881809646491e-01,-6.383664591695302759e-01,0.000000000000000000e+00,3.721905929585895834e-01,-2.655569736974314893e-03,3.490628388264062631e-01,1.000000000000000000e+00
6.637995519828935320e-01,-1.166713220353656488e-01,-7.387412972773611530e-01,0.000000000000000000e+00,9.335578422533695464e-02,-9.670965727110332200e-01,2.366213504810036616e-01,0.000000000000000000e+00,-7.420553893651711252e-01,-2.260392715422741006e-01,-6.310784791408615702e-01,0.000000000000000000e+00,3.689968037650108723e-01,-8.950008325477550042e-03,3.519837838323917611e-01,1.000000000000000000e+00
6.510575171644339409e-01,-9.933718298740133734e-02,-7.524871961176606838e-01,0.000000000000000000e+00,9.993234312997988089e-02,-9.715404684209972830e-01,2.147170042592558836e-01,0.000000000000000000e+00,-7.524156316720522764e-01,-2.149950676906407787e-01,-6.226137149824465533e-01,0.000000000000000000e+00,3.657472828496999839e-01,-1.507682974202449039e-02,3.553359722654700903e-01,1.000000000000000000e+00
6.367924268878448757e-01,-8.047404249344648763e-02,-7.668116329609639958e-01,0.000000000000000000e+00,1.066923067177616424e-01,-9.757636831632299224e-01,1.910045371402982750e-01,0.000000000000000000e+00,-7.636125524165806588e-01,-2.034470616771562601e-01,-6.127847606515409717e-01,0.000000000000000000e+00,3.622697056491759882e-01,-2.100268094810913561e-02,3.588924240606128913e-01,1.000000000000000000e+00
6.078515605115003551e-01,-2.979928226487716519e-02,-7.934791932126766811e-01,0.000000000000000000e+00,1.250379971393610901e-01,-9.832262450900683959e-01,1.327117068636767816e-01,0.000000000000000000e+00,-7.841393784252005394e-01,-1.798875305986979978e-01,-5.939410000480205287e-01,0.000000000000000000e+00,3.561632466959077092e-01,-3.178066126612696940e-02,3.656335946666769976e-01,1.000000000000000000e+00
5.807861991128325796e-01,4.027339036327352156e-02,-8.130474720764618857e-01,0.000000000000000000e+00,1.513342524205071038e-01,-9.866968779626978936e-01,5.922805048454131416e-02,0.000000000000000000e+00,-7.998614877479323093e-01,-1.574437969718314179e-01,-5.791658235883372363e-01,0.000000000000000000e+00,3.521381051056963751e-01,-4.094228388834306870e-02,3.722613518613489547e-01,1.000000000000000000e+00
5.670752674839686369e-01,7.984768384936313801e-02,-8.197748076716470100e-01,0.000000000000000000e+00,1.663332902405475766e-01,-9.858761034365312037e-01,1.903397309454137737e-02,0.000000000000000000e+00,-8.066921057395112227e-01,-1.471523695393149866e-01,-5.723583027060216155e-01,0.000000000000000000e+00,3.506422382404237315e-01,-4.502241530172803458e-02,3.758940640526234334e-01,1.000000000000000000e+00
5.378123290860958861e-01,1.661682776836458930e-01,-8.265148208446404521e-01,0.000000000000000000e+00,1.971561411307020950e-01,-9.779781105608726932e-01,-6.833021424995394666e-02,0.000000000000000000e+00,-8.196834983032398325e-01,-1.262060708502933948e-01,-5.587405393292074196e-01,0.000000000000000000e+00,3.479138433150459897e-01,-5.285199921289782110e-02,3.842873557934307627e-01,1.000000000000000000e+00
5.087853235401200713e-01,2.533582789078488995e-01,-8.227562360506521788e-01,0.000000000000000000e+00,2.250831810769498842e-01,-9.616091925843034405e-01,-1.569269550932959612e-01,0.000000000000000000e+00,-8.309447013594806197e-01,-1.053484875267079873e-01,-5.462898493093558683e-01,0.000000000000000000e+00,3.458948114643131122e-01,-6.015477537543976322e-02,3.939280930891977950e-01,1.000000000000000000e+00
4.949687171940971853e-01,2.932768403820700809e-01,-8.179091702603339398e-01,0.000000000000000000e+00,2.359811088253657152e-01,-9.512996457589598664e-01,-1.982993876885063567e-01,0.000000000000000000e+00,-8.362494221953850060e-01,-9.486094573907322136e-02,-5.400817575621060795e-01,0.000000000000000000e+00,3.451674907829249683e-01,-6.353467118715654116e-02,3.991195646316016976e-01,1.000000000000000000e+00
4.687116121179904504e-01,3.674339193606226961e-01,-8.032947693532269673e-01,0.000000000000000000e+00,2.539291585765394710e-01,-9.270363459866145517e-01,-2.758701552281520586e-01,0.000000000000000000e+00,-8.460637894512015311e-01,-7.467785745873999070e-02,-5.278250484628831396e-01,0.000000000000000000e+00,3.445287449396819968e-01,-7.039447594205840153e-02,4.094105782694192341e-01,1.000000000000000000e+00
4.563563717092263272e-01,4.026129405874460110e-01,-7.934875102817487980e-01,0.000000000000000000e+00,2.623195088448588286e-01,-9.130070801605574271e-01,-3.123896505284606273e-01,0.000000000000000000e+00,-8.502482006271619985e-01,-6.558750925975197210e-02,-5.222798827825699819e-01,0.000000000000000000e+00,3.448363906557813663e-01,-7.364707963356965925e-02,4.143419263103475525e-01,1.000000000000000000e+00
4.435522155002508682e-01,4.350157028064434162e-01,-7.835837653613322296e-01,0.000000000000000000e+00,2.693479734005704285e-01,-8.985797878247206993e-01,-3.463910810617008562e-01,0.000000000000000000e+00,-8.548145510242207701e-01,-5.741527317714516243e-02,-5.157475833809149757e-01,0.000000000000000000e+00,3.453207381802430587e-01,-7.704258913099495953e-02,4.189801252344227400e-01,1.000000000000000000e+00
4.154361860807936346e-01,4.981768575295635326e-01,-7.610606682898685138e-01,0.000000000000000000e+00,2.797988515507596197e-01,-8.661005822443920144e-01,-4.142017998608999441e-01,0.000000000000000000e+00,-8.655175028609420895e-01,-4.087027182532750047e-02,-4.992084465654428316e-01,0.000000000000000000e+00,3.468775520350945718e-01,-8.305313778431139271e-02,4.272348775254765640e-01,1.000000000000000000e+00
3.839723644524620227e-01,5.455231979544586940e-01,-7.449499384062895357e-01,0.000000000000000000e+00,2.809033345537971793e-01,-8.375703479998961587e-01,-4.685616028753304962e-01,0.000000000000000000e+00,-8.795761377589494945e-01,-2.934478020424863276e-02,-4.748522946767909647e-01,0.000000000000000000e+00,3.487422112885665282e-01,-8.950697872340833416e-02,4.341594278255206940e-01,1.000000000000000000e+00
3.662711341126454467e-01,5.654931479907021608e-01,-7.389476996328024905e-01,0.000000000000000000e+00,2.794837681205909474e-01,-8.243247671867497406e-01,-4.922989421691201239e-01,0.000000000000000000e+00,-8.875416569499053887e-01,-2.620950028077719332e-02,-4.599813792683872249e-01,0.000000000000000000e+00,3.498170804447949256e-01,-9.280143101454675636e-02,4.373897677043062093e-01,1.000000000000000000e+00
3.460108914736593211e-01,5.885877323093859914e-01,-7.306310226493987203e-01,0.000000000000000000e+00,2.785602336397369760e-01,-8.080672421690499041e-01,-5.190493957891572085e-01,0.000000000000000000e+00,-8.959223516210949034e-01,-2.392846491488486577e-02,-4.435657430782319888e-01,0.000000000000000000e+00,3.511506189414710932e-01,-9.596172200027296151e-02,4.402003927039055964e-01,1.000000000000000000e+00
3.242792892933485382e-01,6.124618415865756837e-01,-7.209120487528207777e-01,0.000000000000000000e+00,2.779570449988155167e-01,-7.901461302709027468e-01,-5.462506026126217051e-01,0.000000000000000000e+00,-9.042009243013358066e-01,-2.324527312763173884e-02,-4.264743201762936087e-01,0.000000000000000000e+00,3.527120597911728717e-01,-9.906283637525374608e-02,4.427857803867165098e-01,1.000000000000000000e+00
2.825212847578871256e-01,6.610966412822204541e-01,-6.950638110600554365e-01,0.000000000000000000e+00,2.801159307159837852e-01,-7.498589509487757487e-01,-5.993557924491328404e-01,0.000000000000000000e+00,-9.174495852726182177e-01,-2.536816624808649681e-02,-3.970424594729263790e-01,0.000000000000000000e+00,3.573785505306312782e-01,-1.051091685230272216e-01,4.456818511371368197e-01,1.000000000000000000e+00
2.515150548470808101e-01,7.049928133128842145e-01,-6.631033533798956769e-01,0.000000000000000000e+00,2.931111371846741864e-01,-7.084379451915082671e-01,-6.420142412535323473e-01,0.000000000000000000e+00,-9.224007623193191119e-01,-3.288736406233223192e-02,-3.848314630559340199e-01,0.000000000000000000e+00,3.643843407410278790e-01,-1.120435181756016113e-01,4.446340438071417211e-01,1.000000000000000000e+00
2.372425623963896335e-01,7.255024070941413772e-01,-6.460208748867253270e-01,0.000000000000000000e+00,3.034820865125008593e-01,-6.870746627409245466e-01,-6.601573887238343374e-01,0.000000000000000000e+00,-9.228281166174154837e-01,-3.943909188023503321e-02,-3.831877153720038010e-01,0.000000000000000000e+00,3.683208374477764391e-01,-1.159993455141481722e-01,4.429223306257603077e-01,1.000000000000000000e+00
2.214732967141796738e-01,7.473663906765648512e-01,-6.263974807028245273e-01,0.000000000000000000e+00,3.140219518860071779e-01,-6.627926168908254700e-01,-6.797623905674113898e-01,0.000000000000000000e+00,-9.232209646693243510e-01,-4.615423053746227355e-02,-3.814876634945576495e-01,0.000000000000000000e+00,3.718755882744951280e-01,-1.198560872709887731e-01,4.412866072299402309e-01,1.000000000000000000e+00
2.043654683331329325e-01,7.694660092384899563e-01,-6.050930200231857681e-01,0.000000000000000000e+00,3.241749316386478563e-01,-6.364591091495155339e-01,-6.998651034155733974e-01,0.000000000000000000e+00,-9.236571558694828266e-01,-5.312875166460354764e-02,-3.795191617792950112e-01,0.000000000000000000e+00,3.752243723879812309e-01,-1.236497468019295137e-01,4.391494769582144353e-01,1.000000000000000000e+00
1.708745961103465549e-01,8.087388750652342306e-01,-5.627824191137759113e-01,0.000000000000000000e+00,3.410312231353039292e-01,-5.844238321335248898e-01,-7.362929010810931318e-01,0.000000000000000000e+00,-9.243899479456791912e-01,-6.611389755567029236e-02,-3.756756269536029036e-01,0.000000000000000000e+00,3.809522467624411046e-01,-1.306216792746983935e-01,4.346000053328804569e-01,1.000000000000000000e+00
1.377817841469900773e-01,8.383615960195346384e-01,-5.273962089151374988e-01,0.000000000000000000e+00,3.502652530864441283e-01,-5.393099844292269518e-01,-7.657935361939565144e-01,0.000000000000000000e+00,-9.264597696645364699e-01,-7.921769207350740083e-02,-3.679631129008462120e-01,0.000000000000000000e+00,3.847153884841948979e-01,-1.379048273208262898e-01,4.308438218447050438e-01,1.000000000000000000e+00
1.205776170907005979e-01,8.523012258743358771e-01,-5.089444031827454751e-01,0.000000000000000000e+00,3.533429466940520847e-01,-5.159570193194840115e-01,-7.803318929389763126e-01,0.000000000000000000e+00,-9.276891270966456382e-01,-8.574300575214000020e-02,-3.633744906171210709e-01,0.000000000000000000e+00,3.860205492731170751e-01,-1.417083203314781770e-01,4.290923316463312598e-01,1.000000000000000000e+00
1.034218131625224135e-01,8.652862785086806729e-01,-4.904735789907369026e-01,0.000000000000000000e+00,3.571655531466678135e-01,-4.925362905139243352e-01,-7.936129516794860894e-01,0.000000000000000000e+00,-9.282963073067299620e-01,-9.310516929512116513e-02,-3.599963795529277366e-01,0.000000000000000000e+00,3.872054292219094251e-01,-1.457148686185911479e-01,4.272946254616989403e-01,1.000000000000000000e+00
4.799776619785314780e-02,9.129428771703399503e-01,-4.052311246253997856e-01,0.000000000000000000e+00,3.634110326454104700e-01,-3.938551636333988970e-01,-8.442696715695247045e-01,0.000000000000000000e+00,-9.303902668647457963e-01,-1.067444583178467216e-01,-3.506844335606824625e-01,0.000000000000000000e+00,3.890582186131769649e-01,-1.554561426899649657e-01,4.217262902113244616e-01,1.000000000000000000e+00
3.022728679998874096e-02,9.273901220818440150e-01,-3.728466434057597367e-01,0.000000000000000000e+00,3.624764546923849862e-01,-3.577953475001570682e-01,-8.605661252931638971e-01,0.000000000000000000e+00,-9.315012526223990230e-01,-1.091376516040724193e-01,-3.469789465734909317e-01,0.000000000000000000e+00,3.893246167940652702e-01,-1.582859378877261303e-01,4.200370214637029753e-01,1.000000000000000000e+00
1.355495805579129236e-02,9.397957590819961959e-01,-3.414395132740329353e-01,0.000000000000000000e+00,3.631300268265000852e-01,-3.227834694258280290e-01,-8.740298406711403123e-01,0.000000000000000000e+00,-9.316385051956876939e-01,-1.121416608594947018e-01,-3.456500304302293491e-01,0.000000000000000000e+00,3.898743150561166937e-01,-1.612235633941052348e-01,4.182140132165266255e-01,1.000000000000000000e+00
-1.615629848154187184e-02,9.548170185304751811e-01,-2.967223989609780177e-01,0.000000000000000000e+00,3.676651897525188839e-01,-2.702961043746749947e-01,-8.897994555546364648e-01,0.000000000000000000e+00,-9.298164736110030582e-01,-1.234727399433249162e-01,-3.466926706645049316e-01,0.000000000000000000e+00,3.915905535384599512e-01,-1.681303985223388808e-01,4.150289265389440208e-01,1.000000000000000000e+00
-4.185643481899387064e-02,9.601311419025693183e-01,-2.763638473359350534e-01,0.000000000000000000e+00,3.689659810647202831e-01,-2.421995864564379375e-01,-8.973205737296383599e-01,0.000000000000000000e+00,-9.284985131175810258e-01,-1.395301845576082944e-01,-3.441247429868438124e-01,0.000000000000000000e+00,3.928828231483693090e-01,-1.753838687547121244e-01,4.138154008601331313e-01,1.000000000000000000e+00
-5.672836233810929496e-02,9.638068547164972966e-01,-2.604591841520230155e-01,0.000000000000000000e+00,3.650387162033653654e-01,-2.227926020466095280e-01,-9.039308264724176256e-01,0.000000000000000000e+00,-9.292609972616144853e-01,-1.463590195236062763e-01,-3.391946880074012127e-01,0.000000000000000000e+00,3.929162625959156663e-01,-1.784961433877775283e-01,4.139466985339108618e-01,1.000000000000000000e+00
-8.826344528805907252e-02,9.720162290477104561e-01,-2.176574409363465912e-01,0.000000000000000000e+00,3.548954592883813430e-01,-1.734832870374425629e-01,-9.186585377583892376e-01,0.000000000000000000e+00,-9.307288553707891987e-01,-1.583326534487031756e-01,-3.296582603728802074e-01,0.000000000000000000e+00,3.927559008942168584e-01,-1.842735984115274062e-01,4.143929449006564236e-01,1.000000000000000000e+00
-1.029938363348453095e-01,9.757451485399289970e-01,-1.931176368927271791e-01,0.000000000000000000e+00,3.486717334693790749e-01,-1.464145460113600583e-01,-9.257275786628342829e-01,0.000000000000000000e+00,-9.315673604407331831e-01,-1.626820280795082119e-01,-3.251412165527826081e-01,0.000000000000000000e+00,3.926148070482380903e-01,-1.869137111559847075e-01,4.143824951977959081e-01,1.000000000000000000e+00
-1.152908867869485293e-01,9.783136818226184639e-01,-1.720206333082164030e-01,0.000000000000000000e+00,3.421570230074045815e-01,-1.234646845626082290e-01,-9.314857970864474090e-01,0.000000000000000000e+00,-9.325417272607802177e-01,-1.662530922513414666e-01,-3.205087147556950344e-01,0.000000000000000000e+00,3.924558350256028283e-01,-1.894901910626372310e-01,4.141521524645296881e-01,1.000000000000000000e+00
-1.297786975168848944e-01,9.805488643064202980e-01,-1.471807096035978313e-01,0.000000000000000000e+00,3.325806068928581771e-01,-9.678873864302162122e-02,-9.380846587019100458e-01,0.000000000000000000e+00,-9.341012662925122223e-01,-1.706961413194637567e-01,-3.135564568771794791e-01,0.000000000000000000e+00,3.926258650326706068e-01,-1.941190578364434816e-01,4.119805872422951376e-01,1.000000000000000000e+00
-1.294709474908086744e-01,9.812557229008496140e-01,-1.426717453855939899e-01,0.000000000000000000e+00,3.304421281817527811e-01,-9.296095932418994845e-02,-9.392268133233041549e-01,0.000000000000000000e+00,-9.349025877668043494e-01,-1.687505895781342413e-01,-3.122184970560920036e-01,0.000000000000000000e+00,3.933220591148560152e-01,-1.973756673850741439e-01,4.073385796534693126e-01,1.000000000000000000e+00
-1.282758040368685570e-01,9.817448000228292670e-01,-1.403681325231554977e-01,0.000000000000000000e+00,3.275198465889573307e-01,-9.165943832392701995e-02,-9.403776073246834510e-01,0.000000000000000000e+00,-9.360949129624066556e-01,-1.666042505558978648e-01,-3.097891825461502879e-01,0.000000000000000000e+00,3.935341892832490696e-01,-1.987369241043761559e-01,4.046009288325451703e-01,1.000000000000000000e+00
-1.272862862770789416e-01,9.822788964346593765e-01,-1.375031557678059735e-01,0.000000000000000000e+00,3.231567704202090163e-01,-8.999573658811833854e-02,-9.420462918714508360e-01,0.000000000000000000e+00,-9.377449442524192769e-01,-1.643478139386192749e-01,-3.059807438101686539e-01,0.000000000000000000e+00,3.936571646369962929e-01,-1.997922121075332569e-01,4.018588442895904556e-01,1.000000000000000000e+00
-1.253139996158977865e-01,9.833898258110100876e-01,-1.312310896581525277e-01,0.000000000000000000e+00,3.123666528877632742e-01,-8.643785330646724940e-02,-9.460107391465879534e-01,0.000000000000000000e+00,-9.416587995117222665e-01,-1.595436773435632838e-01,-2.963520209511567582e-01,0.000000000000000000e+00,3.936842313597855858e-01,-2.015113655248153279e-01,3.964881912573934297e-01,1.000000000000000000e+00
-1.244715764503048078e-01,9.838959162735729791e-01,-1.282045221408769919e-01,0.000000000000000000e+00,3.071926907860070277e-01,-8.464699845334520967e-02,-9.478651187176897475e-01,0.000000000000000000e+00,-9.434709122105511270e-01,-1.573687875532499281e-01,-2.917151050539049661e-01,0.000000000000000000e+00,3.937046707766761466e-01,-2.022766224949457403e-01,3.939042416166756988e-01,1.000000000000000000e+00
