9.995847574788671031e-01,2.131390276048261354e-02,1.888854325349696717e-02,0.000000000000000000e+00,2.499147305933863833e-02,-9.745076796550370402e-01,-2.229146820397633622e-01,0.000000000000000000e+00,1.365611152361402049e-02,2.232984700925503829e-01,-9.746544535743839610e-01,0.000000000000000000e+00,6.234958888050777803e-01,2.970877625609009698e-01,3.054821772682824940e-02,1.000000000000000000e+00
9.995846802722908597e-01,2.131154746216292611e-02,1.889528541510708537e-02,0.000000000000000000e+00,2.499072582544395113e-02,-9.745069961439505324e-01,-2.229177538699418926e-01,0.000000000000000000e+00,1.366312859696532447e-02,2.233016778755700649e-01,-9.746536203056436198e-01,0.000000000000000000e+00,6.234972830622423912e-01,2.970892452395422767e-01,3.055276058043912210e-02,1.000000000000000000e+00
9.995846119578050137e-01,2.131500111382746143e-02,1.889500372824056557e-02,0.000000000000000000e+00,2.499405910038111564e-02,-9.745064343577062305e-01,-2.229198360539596802e-01,0.000000000000000000e+00,1.366202919299662824e-02,2.233037999497013149e-01,-9.746531495287713565e-01,0.000000000000000000e+00,6.234976856682045154e-01,2.970896423613358373e-01,3.055199690449329764e-02,1.000000000000000000e+00
9.995849113071896275e-01,2.131222424524636602e-02,1.888229556824319241e-02,0.000000000000000000e+00,2.498851204519863048e-02,-9.745065982547251870e-01,-2.229197414429214263e-01,0.000000000000000000e+00,1.365026891310098210e-02,2.233033497305451920e-01,-9.746534174555168129e-01,0.000000000000000000e+00,6.234924380852844283e-01,2.970921465204666156e-01,3.054752514003130498e-02,1.000000000000000000e+00
9.995850080001693616e-01,2.131979392729656600e-02,1.886862659039047554e-02,0.000000000000000000e+00,2.499279496700506156e-02,-9.745072031612996843e-01,-2.229166168944939075e-01,0.000000000000000000e+00,1.363533871345884788e-02,2.232999872142500675e-01,-9.746543968239639311e-01,0.000000000000000000e+00,6.234877274836689853e-01,2.970896815744560882e-01,3.053771413204925400e-02,1.000000000000000000e+00
9.995849579217566117e-01,2.132042108469577382e-02,1.887057080586068344e-02,0.000000000000000000e+00,2.499387981297490971e-02,-9.745065350341101107e-01,-2.229194160429178173e-01,0.000000000000000000e+00,1.363702130706404697e-02,2.233028431556264570e-01,-9.746537189630398723e-01,0.000000000000000000e+00,6.234891527237234055e-01,2.970905042911465843e-01,3.053807543586383247e-02,1.000000000000000000e+00
9.995849887763568198e-01,2.132607071479946867e-02,1.886255078312546254e-02,0.000000000000000000e+00,2.499762638009413521e-02,-9.745059473770776304e-01,-2.229215649130292520e-01,0.000000000000000000e+00,1.362788924276677957e-02,2.233048682693398457e-01,-9.746533827171584008e-01,0.000000000000000000e+00,6.234829703061839368e-01,2.970980557319851667e-01,3.053456383358040677e-02,1.000000000000000000e+00
9.995863575386837452e-01,2.130523907429957703e-02,1.881349281081043032e-02,0.000000000000000000e+00,2.496597784387163607e-02,-9.745130247620795716e-01,-2.228941708985913150e-01,0.000000000000000000e+00,1.358544174799235227e-02,2.232759684040858117e-01,-9.746605961593655110e-01,0.000000000000000000e+00,6.234738219619929689e-01,2.970686263209467715e-01,3.050322369765382652e-02,1.000000000000000000e+00
9.995866129498238717e-01,2.129342633768225440e-02,1.881329602990266386e-02,0.000000000000000000e+00,2.495433184210215857e-02,-9.745147278041740302e-01,-2.228880291004418923e-01,0.000000000000000000e+00,1.358804584246750199e-02,2.232696619406049354e-01,-9.746620045262414100e-01,0.000000000000000000e+00,6.234765603915131127e-01,2.970608291725113093e-01,3.050073997341490664e-02,1.000000000000000000e+00
9.995857288343457103e-01,2.129547451567639915e-02,1.885789959327575233e-02,0.000000000000000000e+00,2.496635370932827683e-02,-9.745133765986641050e-01,-2.228925905317157841e-01,0.000000000000000000e+00,1.363093436452647404e-02,2.232753642925277560e-01,-9.746600993825432768e-01,0.000000000000000000e+00,6.234897840121318424e-01,2.970662116192361868e-01,3.052906815740896382e-02,1.000000000000000000e+00
9.995860452688752895e-01,2.125445479881374680e-02,1.888738087039214253e-02,0.000000000000000000e+00,2.493278141761806621e-02,-9.745169373971712679e-01,-2.228807798757601322e-01,0.000000000000000000e+00,1.366912627291330500e-02,2.232637307799119342e-01,-9.746622294442163215e-01,0.000000000000000000e+00,6.235126581668224421e-01,2.970355572270579336e-01,3.054157618583914699e-02,1.000000000000000000e+00
9.995567777203069326e-01,2.260455819079277423e-02,1.886872978248353358e-02,0.000000000000000000e+00,2.622998108102652173e-02,-9.747303987634063915e-01,-2.217958176346620791e-01,0.000000000000000000e+00,1.337858561807260191e-02,2.221967171873083513e-01,-9.749100637074391562e-01,0.000000000000000000e+00,6.235791114573905336e-01,2.966140822141331013e-01,3.069392523945792609e-02,1.000000000000000000e+00
9.995282266564623486e-01,2.451775296880022784e-02,1.797083213311638852e-02,0.000000000000000000e+00,2.787459493195068930e-02,-9.750770632712725261e-01,-2.200647053501736949e-01,0.000000000000000000e+00,1.212768763354092963e-02,2.204660590094511541e-01,-9.753192482554132736e-01,0.000000000000000000e+00,6.233594257040755426e-01,2.963131881369080456e-01,3.090393803238140544e-02,1.000000000000000000e+00
9.995396635090795234e-01,2.612059265658164126e-02,1.479603367911563189e-02,0.000000000000000000e+00,2.870126603497155995e-02,-9.759759044186014920e-01,-2.159352176544876156e-01,0.000000000000000000e+00,8.800385925919437455e-03,2.162646434575587473e-01,-9.762951178807204311e-01,0.000000000000000000e+00,6.226900533032170282e-01,2.955772552755545624e-01,3.130423531968284240e-02,1.000000000000000000e+00
9.995405433402076989e-01,2.696834422787157751e-02,1.312088144821750568e-02,0.000000000000000000e+00,2.914886736987757493e-02,-9.765095856598211554e-01,-2.134481659484246951e-01,0.000000000000000000e+00,7.056458751083075770e-03,2.137366696933861443e-01,-9.768658262106799661e-01,0.000000000000000000e+00,6.223278567458049304e-01,2.951058300914013444e-01,3.162739272944497387e-02,1.000000000000000000e+00
9.995543966733838603e-01,2.894514960389652988e-02,5.825230169147921182e-03,0.000000000000000000e+00,2.952505209117434540e-02,-9.788090881774201835e-01,-2.025877269271489090e-01,0.000000000000000000e+00,-1.621469553637693527e-04,2.026733454762287556e-01,-9.792463881689010829e-01,0.000000000000000000e+00,6.211493367562093137e-01,2.922212314736843952e-01,3.209623872252012622e-02,1.000000000000000000e+00
9.995499843003574636e-01,2.967054248439442848e-02,-4.844533469076361672e-04,0.000000000000000000e+00,2.902036567821503904e-02,-9.807949646367674079e-01,-1.928206488430985743e-01,0.000000000000000000e+00,-6.196361955784886189e-03,1.927235280357473268e-01,-9.812335332834724033e-01,0.000000000000000000e+00,6.204364960283086372e-01,2.891999902543417877e-01,3.222126214776221964e-02,1.000000000000000000e+00
9.994212236008042094e-01,3.005859945687944929e-02,-1.531160723669109519e-02,0.000000000000000000e+00,2.711612979944262938e-02,-9.858430222117546826e-01,-1.654055560200506370e-01,0.000000000000000000e+00,-2.006708686309389283e-02,1.648978064524203035e-01,-9.861064980274742986e-01,0.000000000000000000e+00,6.194774545260109955e-01,2.800683403619508294e-01,3.331181513270827649e-02,1.000000000000000000e+00
9.992559639902380830e-01,2.977689904157963807e-02,-2.411641794744294812e-02,0.000000000000000000e+00,2.588816824547031034e-02,-9.886363284761190418e-01,-1.480160790703570206e-01,0.000000000000000000e+00,-2.825037064574095064e-02,1.472844555743771378e-01,-9.886906521781911872e-01,0.000000000000000000e+00,6.189854850281681919e-01,2.742002825920690778e-01,3.446981120807606630e-02,1.000000000000000000e+00
9.990176170193307836e-01,2.893222964629578453e-02,-3.327873005269370299e-02,0.000000000000000000e+00,2.439002539527517985e-02,-9.912556595313621877e-01,-1.296074496681048627e-01,0.000000000000000000e+00,-3.673826932994628258e-02,1.286709337584745760e-01,-9.910066046058231271e-01,0.000000000000000000e+00,6.185345168103801861e-01,2.679308902737703169e-01,3.605037693746479532e-02,1.000000000000000000e+00
9.983796486429982187e-01,2.729831081437097962e-02,-4.973556376853385114e-02,0.000000000000000000e+00,2.261032799697080750e-02,-9.954466744981936843e-01,-9.249561178545179230e-02,0.000000000000000000e+00,-5.203507735364938658e-02,9.122295531002834468e-02,-9.944700715201559849e-01,0.000000000000000000e+00,6.178716264031565153e-01,2.560099785757369850e-01,4.185888963792299550e-02,1.000000000000000000e+00
9.973171318630456028e-01,2.673272742689195014e-02,-6.800475481902897024e-02,0.000000000000000000e+00,2.309722526390964314e-02,-9.982805864852065669e-01,-5.369483897981821435e-02,0.000000000000000000e+00,-6.932457073201009345e-02,5.198106246265937064e-02,-9.962389638224734556e-01,0.000000000000000000e+00,6.159572268504632797e-01,2.449626330797537721e-01,4.989828740981804012e-02,1.000000000000000000e+00
9.965612810826869339e-01,2.657680614159836988e-02,-7.835836473124262180e-02,0.000000000000000000e+00,2.405562241009032501e-02,-9.991579917435415847e-01,-3.294512811759373050e-02,0.000000000000000000e+00,-7.916948688241999543e-02,3.094747568246227973e-02,-9.963806732848935477e-01,0.000000000000000000e+00,6.143214034965459591e-01,2.393833706004991901e-01,5.453136217554994947e-02,1.000000000000000000e+00
9.956239310281402854e-01,2.633580806159491194e-02,-8.955534645694863960e-02,0.000000000000000000e+00,2.536863793952370827e-02,-9.995974541616523545e-01,-1.192093720496387871e-02,0.000000000000000000e+00,-8.983497344069349411e-02,9.597057974836040867e-03,-9.959104246994996412e-01,0.000000000000000000e+00,6.121464584287629185e-01,2.338213402152555520e-01,5.932783415919409137e-02,1.000000000000000000e+00
9.945790485546058823e-01,2.615905400810874387e-02,-1.005433586609483509e-01,0.000000000000000000e+00,2.716935486078196973e-02,-9.995834250702142487e-01,8.691914780807880395e-03,0.000000000000000000e+00,-1.002760331745619626e-01,-1.137671356015795658e-02,-9.948946112826947408e-01,0.000000000000000000e+00,6.096768921576214417e-01,2.285438432311795998e-01,6.479706748248252601e-02,1.000000000000000000e+00
9.921521749205395313e-01,2.560434513350274069e-02,-1.223079155735055379e-01,0.000000000000000000e+00,3.183161798712722673e-02,-9.982702398324799775e-01,4.923437074171672229e-02,0.000000000000000000e+00,-1.208380648992735396e-01,-5.274226230956285261e-02,-9.912701023625538621e-01,0.000000000000000000e+00,6.036984025470519821e-01,2.184361267268294104e-01,7.664738493935523145e-02,1.000000000000000000e+00
9.896365312693313765e-01,2.450028182521163042e-02,-1.414214236560339399e-01,0.000000000000000000e+00,3.750509464424280764e-02,-9.952222980366027816e-01,9.003717158861657133e-02,0.000000000000000000e+00,-1.385424855360607999e-01,-9.440991573863781461e-02,-9.858462088539539092e-01,0.000000000000000000e+00,5.970036148211017579e-01,2.086221900133066187e-01,9.002024359046195690e-02,1.000000000000000000e+00
9.884472531561091513e-01,2.341521268358104715e-02,-1.496813363259893448e-01,0.000000000000000000e+00,4.023327134289510221e-02,-9.930697736114787455e-01,1.103379151402793384e-01,0.000000000000000000e+00,-1.460632371989769029e-01,-1.150875947515829917e-01,-9.825580778118160330e-01,0.000000000000000000e+00,5.935858859628839745e-01,2.037233388493816799e-01,9.714161356279718551e-02,1.000000000000000000e+00
9.871972140294653641e-01,2.183802028053986530e-02,-1.579414713870207210e-01,0.000000000000000000e+00,4.287307805423100360e-02,-9.904413463687503638e-01,1.310289490250953481e-01,0.000000000000000000e+00,-1.535733074839350787e-01,-1.361254713027058028e-01,-9.787160442595496113e-01,0.000000000000000000e+00,5.899237745371546104e-01,1.987101525814706782e-01,1.044722147223786368e-01,1.000000000000000000e+00
9.858783263426015298e-01,1.946383695675432679e-02,-1.662703569492780253e-01,0.000000000000000000e+00,4.516253575094603123e-02,-9.873060447616796020e-01,1.522099413402463186e-01,0.000000000000000000e+00,-1.612002426034567226e-01,-1.575727069241651679e-01,-9.742614247814485040e-01,0.000000000000000000e+00,5.860849132119102523e-01,1.935117694206792971e-01,1.121379216593595129e-01,1.000000000000000000e+00
9.815845993610190501e-01,7.593965989806481832e-03,-1.908264994151016580e-01,0.000000000000000000e+00,4.963269193474762614e-02,-9.750096537612712444e-01,2.165029280745291440e-01,0.000000000000000000e+00,-1.844171138516139397e-01,-2.219914467962362803e-01,-9.574498032105674961e-01,0.000000000000000000e+00,5.738310812215663415e-01,1.770421170613805384e-01,1.357361984136510324e-01,1.000000000000000000e+00
9.801503916237156444e-01,2.126100363807081374e-03,-1.981954499940108971e-01,0.000000000000000000e+00,5.009714517720727234e-02,-9.701235351798680462e-01,2.373422622214967359e-01,0.000000000000000000e+00,-1.917731493620889183e-01,-2.425648076212750803e-01,-9.509917840272856804e-01,0.000000000000000000e+00,5.696990259461203188e-01,1.714718290707544501e-01,1.437363855465073337e-01,1.000000000000000000e+00
9.772966830824039164e-01,-1.112675450075028064e-02,-2.115375509729173764e-01,0.000000000000000000e+00,4.917095509410324833e-02,-9.594179709185214344e-01,2.776330692747697171e-01,0.000000000000000000e+00,-2.060460499555754332e-01,-2.817368054423741164e-01,-9.371069297347184301e-01,0.000000000000000000e+00,5.613899535121017470e-01,1.603099556077574039e-01,1.599109204387212935e-01,1.000000000000000000e+00
9.759044345446553637e-01,-1.862700320171742363e-02,-2.173575770223073467e-01,0.000000000000000000e+00,4.801154390024034435e-02,-9.535712206872685170e-01,2.972836450774182793e-01,0.000000000000000000e+00,-2.128075306598752325e-01,-3.005618871476145593e-01,-9.297179716928736237e-01,0.000000000000000000e+00,5.572226519410674594e-01,1.546466728795038992e-01,1.680010298145846737e-01,1.000000000000000000e+00
9.729013285774084085e-01,-3.512196078889329165e-02,-2.284955133560948592e-01,0.000000000000000000e+00,4.443662807095787731e-02,-9.415401287560423160e-01,3.339286135223318297e-01,0.000000000000000000e+00,-2.268702906920161133e-01,-3.350396124395335629e-01,-9.144825472898251428e-01,0.000000000000000000e+00,5.485004719874220225e-01,1.435490188083714813e-01,1.834275093020624747e-01,1.000000000000000000e+00
9.683788804499405822e-01,-4.957059793880770615e-02,-2.444705434601825156e-01,0.000000000000000000e+00,4.511755157533443167e-02,-9.290753654456364030e-01,3.671023273735978809e-01,0.000000000000000000e+00,-2.453337648138105009e-01,-3.665311100054983728e-01,-8.974777374622833204e-01,0.000000000000000000e+00,5.383082706869142253e-01,1.319819392967012672e-01,1.974624293755574689e-01,1.000000000000000000e+00
9.650184734743429971e-01,-5.716532814331579115e-02,-2.558363109738804875e-01,0.000000000000000000e+00,4.705000529737062703e-02,-9.223069870389922764e-01,3.835581645093506520e-01,0.000000000000000000e+00,-2.578908106829708169e-01,-3.821851724388969362e-01,-8.873707363515717095e-01,0.000000000000000000e+00,5.322416336940728465e-01,1.256974501760716734e-01,2.042516177202127192e-01,1.000000000000000000e+00
9.607029251722289942e-01,-6.538055783340110394e-02,-2.697332369659399265e-01,0.000000000000000000e+00,4.960667779134177169e-02,-9.157494772987977427e-01,3.986512501506708772e-01,0.000000000000000000e+00,-2.730773694630777571e-01,-3.963736233396291109e-01,-8.765367653485729438e-01,0.000000000000000000e+00,5.255237361661430073e-01,1.193543860798144535e-01,2.108960455120596489e-01,1.000000000000000000e+00
9.557600979942291186e-01,-7.242267531309436179e-02,-2.850584818660266140e-01,0.000000000000000000e+00,5.377416858622988127e-02,-9.098333192013257076e-01,4.114515973540102123e-01,0.000000000000000000e+00,-2.891596973851018326e-01,-4.085856684079881007e-01,-8.657045806623375750e-01,0.000000000000000000e+00,5.186035894330081053e-01,1.130578846880446880e-01,2.174997023054394130e-01,1.000000000000000000e+00
9.446139465392466850e-01,-8.070160539691305368e-02,-3.180762326724809186e-01,0.000000000000000000e+00,6.698272193437324051e-02,-9.014540897602421055e-01,4.276383821852335898e-01,0.000000000000000000e+00,-3.212484097971959329e-01,-4.252669794418541538e-01,-8.461367829134806007e-01,0.000000000000000000e+00,5.049844524851896388e-01,1.012201781497931441e-01,2.304113982305293629e-01,1.000000000000000000e+00
9.332254561740462862e-01,-8.348489061130662248e-02,-3.494299184236657752e-01,0.000000000000000000e+00,8.077182502264036723e-02,-8.989607314426116824e-01,4.304953687415056240e-01,0.000000000000000000e+00,-3.500703737616195355e-01,-4.299816075815671157e-01,-8.322058342477365311e-01,0.000000000000000000e+00,4.926412043601770541e-01,9.075765578856455351e-02,2.429136995428664569e-01,1.000000000000000000e+00
9.272225330574008773e-01,-8.404563635811970745e-02,-3.649321198537947009e-01,0.000000000000000000e+00,8.698010885189425001e-02,-8.994974148123233704e-01,4.281583916160796033e-01,0.000000000000000000e+00,-3.642473557662369021e-01,-4.287481986639050668e-01,-8.267398901466899153e-01,0.000000000000000000e+00,4.866243357267459602e-01,8.596969624259820364e-02,2.488728922493693152e-01,1.000000000000000000e+00
9.202230066332132141e-01,-8.577451443390643471e-02,-3.818548122490603713e-01,0.000000000000000000e+00,9.249478954614845372e-02,-9.003744663115840208e-01,4.251485401858414725e-01,0.000000000000000000e+00,-3.802865540785774767e-01,-4.265592609992899797e-01,-8.206274024444837334e-01,0.000000000000000000e+00,4.802914194805667503e-01,8.086232191821918214e-02,2.548209301517190828e-01,1.000000000000000000e+00
9.120672648963876750e-01,-8.684206006213507356e-02,-4.007149957386112460e-01,0.000000000000000000e+00,9.920037416308094547e-02,-9.015308166793180034e-01,4.211676854230808065e-01,0.000000000000000000e+00,-3.978396464436373958e-01,-4.238924976607337247e-01,-8.136576467683115377e-01,0.000000000000000000e+00,4.735865453584333640e-01,7.571341822281175971e-02,2.608807463241397673e-01,1.000000000000000000e+00
8.932756139867875644e-01,-8.892114130570172303e-02,-4.406046470324925801e-01,0.000000000000000000e+00,1.132765660187668444e-01,-9.040552730518879310e-01,4.121082743154774741e-01,0.000000000000000000e+00,-4.349844673734693523e-01,-4.180445018080379271e-01,-7.975132021803078564e-01,0.000000000000000000e+00,4.596768520935518021e-01,6.542789597663424550e-02,2.736690599421224279e-01,1.000000000000000000e+00
8.731299004365828953e-01,-9.180878602769575181e-02,-4.787442643760150274e-01,0.000000000000000000e+00,1.247706475416597988e-01,-9.072890556703587794e-01,4.015465127155652958e-01,0.000000000000000000e+00,-4.712340021141828150e-01,-4.103433989230476642e-01,-7.807411928492890008e-01,0.000000000000000000e+00,4.464393627361490369e-01,5.562801815239229453e-02,2.870966844851339794e-01,1.000000000000000000e+00
8.628551642965797130e-01,-9.305411145999138711e-02,-4.967923557064075624e-01,0.000000000000000000e+00,1.297418924345361269e-01,-9.091839436395461327e-01,3.956416874859824961e-01,0.000000000000000000e+00,-4.885011239770715719e-01,-4.058440673905776008e-01,-7.724359163302869646e-01,0.000000000000000000e+00,4.402576328645790849e-01,5.085351189372812331e-02,2.941973223189628395e-01,1.000000000000000000e+00
8.518567051509394750e-01,-9.236425772762765773e-02,-5.155480042488941317e-01,0.000000000000000000e+00,1.364144378995177098e-01,-9.112190573566244511e-01,3.886536730096238346e-01,0.000000000000000000e+00,-5.056846104701793188e-01,-4.014131569917878117e-01,-7.636429480637593192e-01,0.000000000000000000e+00,4.342308338326590911e-01,4.631140183535399635e-02,3.016750843416752259e-01,1.000000000000000000e+00
8.393685050664312364e-01,-8.935298602152733083e-02,-5.361504485615855575e-01,0.000000000000000000e+00,1.451558484523827741e-01,-9.137131187055539394e-01,3.795245226156634955e-01,0.000000000000000000e+00,-5.238094327694493568e-01,-3.963939362546582412e-01,-7.539864225848404988e-01,0.000000000000000000e+00,4.281850672296260707e-01,4.172075114260510170e-02,3.093770288845429928e-01,1.000000000000000000e+00
7.986284057928270119e-01,-7.069119977043328285e-02,-5.976421760861867494e-01,0.000000000000000000e+00,1.734714185782920415e-01,-9.238759589547805851e-01,3.410888832885469180e-01,0.000000000000000000e+00,-5.762703159207954728e-01,-3.760843479713815718e-01,-7.255846512981702912e-01,0.000000000000000000e+00,4.103719229453225981e-01,2.847099471344457372e-02,3.328936218021187332e-01,1.000000000000000000e+00
7.848883741496393007e-01,-6.169945954862846721e-02,-6.165421021449801753e-01,0.000000000000000000e+00,1.818645135926836853e-01,-9.282565119944488075e-01,3.244162350080596058e-01,0.000000000000000000e+00,-5.923369319250907372e-01,-3.667647221166589477e-01,-7.173706139006952309e-01,0.000000000000000000e+00,4.048253101037301294e-01,2.431586709684968248e-02,3.406678770957949354e-01,1.000000000000000000e+00
7.702273390279540388e-01,-4.925549657162226619e-02,-6.358494233484909275e-01,0.000000000000000000e+00,1.918261714640180082e-01,-9.329419616011012106e-01,3.046354594044406450e-01,0.000000000000000000e+00,-6.082272893880504849e-01,-3.566179857804962494e-01,-7.091425644124926819e-01,0.000000000000000000e+00,3.994151733825646589e-01,2.035175085953684973e-02,3.481824115575096745e-01,1.000000000000000000e+00
7.300791103519145286e-01,1.353876198673418813e-03,-6.833472079025447732e-01,0.000000000000000000e+00,2.211053069972687413e-01,-9.466641825414650047e-01,2.343504120157494375e-01,0.000000000000000000e+00,-6.465954934829919454e-01,-3.221922377030640439e-01,-6.914524060059219490e-01,0.000000000000000000e+00,3.865796603799572795e-01,8.319529086877835641e-03,3.700998436280416026e-01,1.000000000000000000e+00
7.171275454742116473e-01,1.919734485593591403e-02,-6.966636867053020987e-01,0.000000000000000000e+00,2.315538197231657991e-01,-9.493878322320046248e-01,2.121940609033034220e-01,0.000000000000000000e+00,-6.573431206444028119e-01,-3.134913794593258696e-01,-6.852905783287603914e-01,0.000000000000000000e+00,3.832543545649380601e-01,3.796157903344251922e-03,3.771075362787796870e-01,1.000000000000000000e+00
7.028065072161264748e-01,3.687747622676427334e-02,-7.104110162877694812e-01,0.000000000000000000e+00,2.424819338580525563e-01,-9.512573442523799550e-01,1.905064924341850763e-01,0.000000000000000000e+00,-6.687711739532331556e-01,-3.061569340828855235e-01,-6.775050174000056824e-01,0.000000000000000000e+00,3.800476151268786240e-01,-1.018826873908771323e-03,3.841072302954142148e-01,1.000000000000000000e+00
6.679935076684624384e-01,7.411313560750286411e-02,-7.404543630396241971e-01,0.000000000000000000e+00,2.625307664157707221e-01,-9.545115757234641229e-01,1.413010806620599025e-01,0.000000000000000000e+00,-6.963134008543683251e-01,-2.887858159553318704e-01,-6.570771646417465917e-01,0.000000000000000000e+00,3.733492081179139443e-01,-1.016858083710994037e-02,3.976355126780535820e-01,1.000000000000000000e+00
6.488968533049757070e-01,9.607877633476304136e-02,-7.547731377110100670e-01,0.000000000000000000e+00,2.725159695035168639e-01,-9.555231854959567173e-01,1.126553826784397749e-01,0.000000000000000000e+00,-7.103931188260317331e-01,-2.787948243707310536e-01,-6.462314311674393075e-01,0.000000000000000000e+00,3.705312564038181766e-01,-1.434540669042558454e-02,4.040777474603369779e-01,1.000000000000000000e+00
6.100688808274971064e-01,1.463415913153895132e-01,-7.787045949513672349e-01,0.000000000000000000e+00,2.920476630989267686e-01,-9.551218698267545104e-01,4.930642106570391758e-02,0.000000000000000000e+00,-7.365563896447491210e-01,-2.575041280695234969e-01,-6.254408916121867446e-01,0.000000000000000000e+00,3.661827476468114684e-01,-2.198298636540824136e-02,4.160446063832352048e-01,1.000000000000000000e+00
5.736740788710306127e-01,2.033590212578090528e-01,-7.934254259889514937e-01,0.000000000000000000e+00,3.104179024921310259e-01,-9.503971783472486834e-01,-1.914878855652015280e-02,0.000000000000000000e+00,-7.579779584125051484e-01,-2.353128233837934735e-01,-6.083562194240792476e-01,0.000000000000000000e+00,3.642310186080632284e-01,-2.895856130441381432e-02,4.265826238471738252e-01,1.000000000000000000e+00
5.566177902502421615e-01,2.322674957335283397e-01,-7.976272267819228823e-01,0.000000000000000000e+00,3.183943494400009455e-01,-9.464421897284874818e-01,-5.341316923598952299e-02,0.000000000000000000e+00,-7.673289756207518630e-01,-2.242335989280964392e-01,-6.007707851456836057e-01,0.000000000000000000e+00,3.639683779427593247e-01,-3.218951809072495562e-02,4.315281459786802776e-01,1.000000000000000000e+00
5.395575965957897235e-01,2.602305904065795872e-01,-8.007111755643394613e-01,0.000000000000000000e+00,3.245551672483940053e-01,-9.418111162440497841e-01,-8.738713654029484079e-02,0.000000000000000000e+00,-7.768744494236806686e-01,-2.127286518236222168e-01,-5.926319351215872944e-01,0.000000000000000000e+00,3.640089679450275728e-01,-3.550944801087613928e-02,4.360214249770558159e-01,1.000000000000000000e+00
5.219250307534375466e-01,2.883992086869538451e-01,-8.027458536815811341e-01,0.000000000000000000e+00,3.299123059767572474e-01,-9.361092743985435227e-01,-1.218115086982301531e-01,0.000000000000000000e+00,-7.866033258853810661e-01,-2.012631352169500232e-01,-5.837365485462604475e-01,0.000000000000000000e+00,3.642016062988127079e-01,-3.860118306880973987e-02,4.403300334430175766e-01,1.000000000000000000e+00
4.810536470230086237e-01,3.467281897366088494e-01,-8.052004086120703175e-01,0.000000000000000000e+00,3.378072528520981721e-01,-9.208450112619860350e-01,-1.947086851058261459e-01,0.000000000000000000e+00,-8.089913448395600337e-01,-1.783406485615435244e-01,-5.601139322006980503e-01,0.000000000000000000e+00,3.644585800776638518e-01,-4.434831366749437953e-02,4.483334832547462567e-01,1.000000000000000000e+00
4.336512271039274502e-01,4.056965577034238324e-01,-8.045729694689343070e-01,0.000000000000000000e+00,3.395308323184083044e-01,-9.006556625001136407e-01,-2.711437596789912918e-01,0.000000000000000000e+00,-8.346613606088911785e-01,-1.555985016316374370e-01,-5.283270950807876787e-01,0.000000000000000000e+00,3.647268683312698268e-01,-4.955725264591329116e-02,4.552725709723833836e-01,1.000000000000000000e+00
4.088473872245668717e-01,4.337501229367841105e-01,-8.029230297563881846e-01,0.000000000000000000e+00,3.375617115178374816e-01,-8.892952438561790851e-01,-3.085235924092927240e-01,0.000000000000000000e+00,-8.478741018852250511e-01,-1.448997972580888527e-01,-5.100132901277059094e-01,0.000000000000000000e+00,3.650802108307412142e-01,-5.178215848377767244e-02,4.582003917538734483e-01,1.000000000000000000e+00
3.840354385469704201e-01,4.588181637187579431e-01,-8.012386794725973038e-01,0.000000000000000000e+00,3.334059825731995330e-01,-8.781429657357155971e-01,-3.430541202412377699e-01,0.000000000000000000e+00,-8.610181490269582794e-01,-1.353954364747397277e-01,-4.902201779078512733e-01,0.000000000000000000e+00,3.655320191329816115e-01,-5.394361218051083734e-02,4.608638192523251131e-01,1.000000000000000000e+00
3.591668800717667809e-01,4.800241029436626561e-01,-8.003478992000001568e-01,0.000000000000000000e+00,3.269900884697579668e-01,-8.679377430447509090e-01,-3.738212181539888324e-01,0.000000000000000000e+00,-8.741121735559641559e-01,-1.274440834305261561e-01,-4.687066392103075851e-01,0.000000000000000000e+00,3.661568675582411170e-01,-5.623655287436288286e-02,4.630921889982460571e-01,1.000000000000000000e+00
3.136039608121706790e-01,5.118667815037899471e-01,-7.997660286965668774e-01,0.000000000000000000e+00,3.112484085701482384e-01,-8.511355873787647131e-01,-4.226977489426260726e-01,0.000000000000000000e+00,-8.970915366923746248e-01,-1.163684558188540497e-01,-4.262454190783154795e-01,0.000000000000000000e+00,3.680929627386392844e-01,-6.127247859962653420e-02,4.670622276727620092e-01,1.000000000000000000e+00
2.841161426037254745e-01,5.430766387380111526e-01,-7.901433596950692140e-01,0.000000000000000000e+00,3.041639697976788459e-01,-8.325900750355361701e-01,-4.628809710178689585e-01,0.000000000000000000e+00,-9.092628671413282015e-01,-1.088232802092284068e-01,-4.017443616560603115e-01,0.000000000000000000e+00,3.731260669154813914e-01,-6.584597128291537482e-02,4.673404182572074017e-01,1.000000000000000000e+00
2.766196021681494588e-01,5.670955316700316828e-01,-7.757995878817074420e-01,0.000000000000000000e+00,3.082275313647749315e-01,-8.170068309752145375e-01,-4.873154768215577914e-01,0.000000000000000000e+00,-9.102055164629969664e-01,-1.043237870340051610e-01,-4.008022770135079016e-01,0.000000000000000000e+00,3.769663563795994654e-01,-6.760436630861919871e-02,4.655191231370637839e-01,1.000000000000000000e+00
2.671805286952888547e-01,5.978118712915623245e-01,-7.557885144206644146e-01,0.000000000000000000e+00,3.150916854403237322e-01,-7.953861776493145186e-01,-5.177439570598553198e-01,0.000000000000000000e+00,-9.106747547271762944e-01,-9.981349438827069598e-02,-4.008849678406510297e-01,0.000000000000000000e+00,3.806827453563318420e-01,-6.924476044341917880e-02,4.631366916986454640e-01,1.000000000000000000e+00
2.330130364541762311e-01,6.868808495220143362e-01,-6.883896936354645391e-01,0.000000000000000000e+00,3.341487369658251994e-01,-7.213272623829666275e-01,-6.066402138240150066e-01,0.000000000000000000e+00,-9.132613816999792800e-01,-8.867117560514121977e-02,-3.976066791595015970e-01,0.000000000000000000e+00,3.891528060853026161e-01,-7.551499220869334339e-02,4.549554646315053241e-01,1.000000000000000000e+00
2.246091297704075895e-01,7.056968232678129116e-01,-6.719549682491423592e-01,0.000000000000000000e+00,3.381888294739351375e-01,-7.031668254659060313e-01,-6.254322330072683567e-01,0.000000000000000000e+00,-9.138795768960946697e-01,-8.677154520637950230e-02,-3.966041072337910811e-01,0.000000000000000000e+00,3.913672343191977876e-01,-7.854318959741254935e-02,4.515867333740804512e-01,1.000000000000000000e+00
2.082571646644060526e-01,7.424428932270535908e-01,-6.367010684487600658e-01,0.000000000000000000e+00,3.466739199818526518e-01,-6.647439577258945631e-01,-6.617502631450465911e-01,0.000000000000000000e+00,-9.145725764482733888e-01,-8.291501810828849628e-02,-3.958309009929229516e-01,0.000000000000000000e+00,3.950571726185861943e-01,-8.496595458655442634e-02,4.439741944504794202e-01,1.000000000000000000e+00
1.987386280558992024e-01,7.638585317023354193e-01,-6.140063909807612630e-01,0.000000000000000000e+00,3.515891666544841976e-01,-6.403700723440997056e-01,-6.828557499490109928e-01,0.000000000000000000e+00,-9.148141205392770203e-01,-8.016972393611968006e-02,-3.958382753422861611e-01,0.000000000000000000e+00,3.966279268266029723e-01,-8.818834127678139290e-02,4.398391547765062581e-01,1.000000000000000000e+00
1.879986899375355458e-01,7.857980993212324572e-01,-5.892016518867859709e-01,0.000000000000000000e+00,3.563353049111221971e-01,-6.135945889436915657e-01,-7.046329383403305835e-01,0.000000000000000000e+00,-9.152477904175112533e-01,-7.748477280638203790e-02,-3.953701962958346416e-01,0.000000000000000000e+00,3.980141532892416678e-01,-9.156464228787784820e-02,4.358770076837378271e-01,1.000000000000000000e+00
1.618803818049390497e-01,8.245675567377104276e-01,-5.420920892832679083e-01,0.000000000000000000e+00,3.608981203455035591e-01,-5.607516785781756496e-01,-7.451784005216799400e-01,0.000000000000000000e+00,-9.184466650057956372e-01,-7.501169629485417156e-02,-3.883670544197856955e-01,0.000000000000000000e+00,3.996651821233515589e-01,-9.963257903856689857e-02,4.290049157329544616e-01,1.000000000000000000e+00
1.300101455888281188e-01,8.571308822532628380e-01,-4.984022066894598368e-01,0.000000000000000000e+00,3.640870326732200679e-01,-5.088224331369295417e-01,-7.800776314425587055e-01,0.000000000000000000e+00,-9.222446080194902640e-01,-8.004531519727647870e-02,-3.782296002350228892e-01,0.000000000000000000e+00,4.006016767792105471e-01,-1.101762224812309898e-01,4.233748694573133409e-01,1.000000000000000000e+00
1.108168280898327168e-01,8.740076938856889965e-01,-4.730865972968756883e-01,0.000000000000000000e+00,3.685496160437113922e-01,-4.782176863788706878e-01,-7.971573068408024376e-01,0.000000000000000000e+00,-9.229777676143632315e-01,-8.601909569060552097e-02,-3.751169893062387128e-01,0.000000000000000000e+00,4.013838374567846867e-01,-1.161238008531187832e-01,4.206009831273440636e-01,1.000000000000000000e+00
9.025414859026627268e-02,8.896775309518556440e-01,-4.475587408183026028e-01,0.000000000000000000e+00,3.753744274475517839e-01,-4.466385240241467769e-01,-8.121507341480167508e-01,0.000000000000000000e+00,-9.224669956789364189e-01,-9.470395639095699480e-02,-3.742803795645404663e-01,0.000000000000000000e+00,4.025936831859593945e-01,-1.226074761245952160e-01,4.176795470419504830e-01,1.000000000000000000e+00
6.813499233544786926e-02,9.030069242988443268e-01,-4.241660811392136132e-01,0.000000000000000000e+00,3.829643078642095966e-01,-4.162563557611950182e-01,-8.246512790820763605e-01,0.000000000000000000e+00,-9.212453791438260930e-01,-1.062549068394970098e-01,-3.741882496534033598e-01,0.000000000000000000e+00,4.039848617479698256e-01,-1.294270424927237706e-01,4.150680242381520890e-01,1.000000000000000000e+00
1.959719388000723261e-02,9.215616524393337450e-01,-3.877122872008601506e-01,0.000000000000000000e+00,3.899506207936301871e-01,-3.641203595987720920e-01,-8.457751615941033752e-01,0.000000000000000000e+00,-9.206256178432165038e-01,-1.346164190458544740e-01,-3.665063321336574087e-01,0.000000000000000000e+00,4.058294273384605577e-01,-1.432490265001049312e-01,4.120340263840033268e-01,1.000000000000000000e+00
-2.946942413320789017e-02,9.351144378110569644e-01,-3.530910479462436857e-01,0.000000000000000000e+00,3.826381634534059550e-01,-3.157832535681958097e-01,-8.682451955157007850e-01,0.000000000000000000e+00,-9.234266366373464763e-01,-1.606958899301055843e-01,-3.485112303903699638e-01,0.000000000000000000e+00,4.061156556812272056e-01,-1.556533411979207082e-01,4.112149481741201873e-01,1.000000000000000000e+00
-5.123685782177010706e-02,9.418866974251796087e-01,-3.319713549619127124e-01,0.000000000000000000e+00,3.772359676624694180e-01,-2.895275887611997723e-01,-8.796860502185392949e-01,0.000000000000000000e+00,-9.246972578389091035e-01,-1.703071633487609482e-01,-3.404856112338677243e-01,0.000000000000000000e+00,4.061517984317999930e-01,-1.610002904680627178e-01,4.107863968240474395e-01,1.000000000000000000e+00
-6.955020768181199853e-02,9.488458150872202124e-01,-3.079531371882643920e-01,0.000000000000000000e+00,3.710964905781833911e-01,-2.619368979667872077e-01,-8.908744036424560697e-01,0.000000000000000000e+00,-9.259845672110537107e-01,-1.762442215122581313e-01,-3.339020150740268922e-01,0.000000000000000000e+00,4.061459258164218378e-01,-1.654801777020632192e-01,4.099438092119568888e-01,1.000000000000000000e+00
-8.368077115029148860e-02,9.600513986030709823e-01,-2.669823729784201460e-01,0.000000000000000000e+00,3.650856882379707735e-01,-2.197552241022530661e-01,-9.046550882102990521e-01,0.000000000000000000e+00,-9.272040054452231894e-01,-1.731770129868453745e-01,-3.321181332888775151e-01,0.000000000000000000e+00,4.063038393063295728e-01,-1.720568749713270729e-01,4.056719971622194665e-01,1.000000000000000000e+00
-8.137300988460541284e-02,9.658167950826657133e-01,-2.460835193583198188e-01,0.000000000000000000e+00,3.572466254229761939e-01,-2.022322552440245502e-01,-9.118430295089280380e-01,0.000000000000000000e+00,-9.304572516623886846e-01,-1.621150399332873249e-01,-3.285848697921179840e-01,0.000000000000000000e+00,4.053703959806190804e-01,-1.775445804525157822e-01,4.012416938173538061e-01,1.000000000000000000e+00
-8.091141593587063141e-02,9.689596916496326928e-01,-2.335619952618780415e-01,0.000000000000000000e+00,3.517041309236582647e-01,-1.915010706201713542e-01,-9.163036020576207363e-01,0.000000000000000000e+00,-9.326065834227174056e-01,-1.562871494419230678e-01,-3.252987664838647985e-01,0.000000000000000000e+00,4.046046778480049122e-01,-1.799619549367213744e-01,3.994374619412152660e-01,1.000000000000000000e+00
-8.188522153059545061e-02,9.724571682724950650e-01,-2.181802311657353444e-01,0.000000000000000000e+00,3.465352133178332128e-01,-1.774744950359146978e-01,-9.210846304459320288e-01,0.000000000000000000e+00,-9.344547689657101142e-01,-1.510332598195161524e-01,-3.224643223451735263e-01,0.000000000000000000e+00,4.039364953940370317e-01,-1.821247505228988095e-01,3.977619815219097799e-01,1.000000000000000000e+00
-8.344573859919955650e-02,9.780373039946755886e-01,-1.909465569358845261e-01,0.000000000000000000e+00,3.375272693787391698e-01,-1.525482116580577086e-01,-9.288622785143494376e-01,0.000000000000000000e+00,-9.376085663137135873e-01,-1.419620020558566842e-01,-3.173908731319090015e-01,0.000000000000000000e+00,4.028655499047608113e-01,-1.857986507860861225e-01,3.945970089118713831e-01,1.000000000000000000e+00
-8.376734366106093621e-02,9.814966144474942533e-01,-1.721283674043444512e-01,0.000000000000000000e+00,3.310549679882318630e-01,-1.355127482914227355e-01,-9.338199238193758411e-01,0.000000000000000000e+00,-9.398847775526877335e-01,-1.352101688517737266e-01,-3.135838247802486545e-01,0.000000000000000000e+00,4.024096628447677015e-01,-1.885605686083330346e-01,3.917138602020573401e-01,1.000000000000000000e+00
-8.362817758849883099e-02,9.828056294308827878e-01,-1.645605346776717048e-01,0.000000000000000000e+00,3.283007657499251164e-01,-1.287456609617013137e-01,-9.357477805972910234e-01,0.000000000000000000e+00,-9.408627558273471303e-01,-1.322827779741233833e-01,-3.118950806736429104e-01,0.000000000000000000e+00,4.021887180922840699e-01,-1.897276683787962326e-01,3.905319036940077537e-01,1.000000000000000000e+00
-8.312042875256571428e-02,9.838447983522571327e-01,-1.584965424872237794e-01,0.000000000000000000e+00,3.261144715698912067e-01,-1.234345372839838195e-01,-9.372267672977484532e-01,0.000000000000000000e+00,-9.416677572877728553e-01,-1.295932020057667666e-01,-3.105920747194119147e-01,0.000000000000000000e+00,4.020438783374791769e-01,-1.908154329143114947e-01,3.894273838032348278e-01,1.000000000000000000e+00
-8.250643437763571786e-02,9.846477919976803772e-01,-1.537600757725813283e-01,0.000000000000000000e+00,3.241387565158808104e-01,-1.193832805661796670e-01,-9.384361703103751839e-01,0.000000000000000000e+00,-9.424036294828851412e-01,-1.272690723900488097e-01,-3.093185774415451172e-01,0.000000000000000000e+00,4.019465505079466983e-01,-1.918010316268413673e-01,3.881988437434317762e-01,1.000000000000000000e+00
-8.107890875582084156e-02,9.858111438221894840e-01,-1.469127161690238492e-01,0.000000000000000000e+00,3.197780182047291753e-01,-1.138766979494595100e-01,-9.406140885817050323e-01,0.000000000000000000e+00,-9.440159607966657207e-01,-1.232457939516065082e-01,-3.060136272037347616e-01,0.000000000000000000e+00,4.018280344753202837e-01,-1.932638204859882525e-01,3.858472718543249358e-01,1.000000000000000000e+00
-8.176166627443355595e-02,9.869297724478176548e-01,-1.387998598174203513e-01,0.000000000000000000e+00,3.148363738106096932e-01,-1.065582378209733727e-01,-9.431352748039293354e-01,0.000000000000000000e+00,-9.456167566745297126e-01,-1.208138821821117537e-01,-3.020148264049802855e-01,0.000000000000000000e+00,4.019444286835786029e-01,-1.936336153718124509e-01,3.831667964344466770e-01,1.000000000000000000e+00
-8.260094532625526786e-02,9.874855359001002419e-01,-1.342763833312065613e-01,0.000000000000000000e+00,3.125134190291271596e-01,-1.022741127189612242e-01,-9.443813401881058223e-01,0.000000000000000000e+00,-9.463141312534737448e-01,-1.199722729357375478e-01,-3.001603216892869130e-01,0.000000000000000000e+00,4.022327136442543916e-01,-1.932772055677740020e-01,3.815085498309171985e-01,1.000000000000000000e+00
-8.369999250015730530e-02,9.877161172369219866e-01,-1.318784664268632112e-01,0.000000000000000000e+00,3.099246811181159411e-01,-9.997583928891094762e-02,-9.454799154363460190e-01,0.000000000000000000e+00,-9.470686453716329334e-01,-1.200113640754119498e-01,-2.977553583845285456e-01,0.000000000000000000e+00,4.025380859889482466e-01,-1.929417104995124754e-01,3.799649447385491929e-01,1.000000000000000000e+00
