9.996609032185811428e-01,2.029735502337231753e-02,1.571123344853389905e-02,0.000000000000000000e+00,2.327536452335755845e-02,-9.748707066985883296e-01,-2.215087120826361444e-01,0.000000000000000000e+00,1.082058861502904062e-02,2.218035542826818085e-01,-9.750313318912339211e-01,0.000000000000000000e+00,6.227669095785181019e-01,2.957459308863386593e-01,2.873529090986420148e-02,1.000000000000000000e+00
9.996612017774784142e-01,2.030386982479897434e-02,1.568379520885273756e-02,0.000000000000000000e+00,2.327566318541584439e-02,-9.748700350717951491e-01,-2.215116365422010458e-01,0.000000000000000000e+00,1.079232633800730236e-02,2.218059099793204259e-01,-9.750311092423973314e-01,0.000000000000000000e+00,6.227541291006989388e-01,2.957546121404404649e-01,2.872232154413277214e-02,1.000000000000000000e+00
9.996609260167408362e-01,2.029039510936857249e-02,1.571877103549232380e-02,0.000000000000000000e+00,2.327029313538720584e-02,-9.748699322341162210e-01,-2.215126533280912802e-01,0.000000000000000000e+00,1.082938649567067452e-02,2.218075950436491917e-01,-9.750303150000414476e-01,0.000000000000000000e+00,6.227695370423271815e-01,2.957509988053859673e-01,2.873995005895572247e-02,1.000000000000000000e+00
9.996610879321878862e-01,2.029425527365238610e-02,1.570348299997957262e-02,0.000000000000000000e+00,2.327062742165520240e-02,-9.748707141881379767e-01,-2.215091768277799023e-01,0.000000000000000000e+00,1.081371010486061567e-02,2.218038050073066203e-01,-9.750313511667452193e-01,0.000000000000000000e+00,6.227644639436196172e-01,2.957494859434623424e-01,2.873134012396979728e-02,1.000000000000000000e+00
9.996611098975785037e-01,2.028242836451779260e-02,1.571735853088346291e-02,0.000000000000000000e+00,2.326220247069386501e-02,-9.748702916732099322e-01,-2.215119212376875368e-01,0.000000000000000000e+00,1.082979472805233392e-02,2.218067438836141825e-01,-9.750305040940497880e-01,0.000000000000000000e+00,6.227719244187742698e-01,2.957450980934135942e-01,2.873956696526477547e-02,1.000000000000000000e+00
9.996611495788947366e-01,2.028706509773043828e-02,1.570884825603859059e-02,0.000000000000000000e+00,2.326480977734153924e-02,-9.748707714997086882e-01,-2.215095356926994330e-01,0.000000000000000000e+00,1.082052697704522642e-02,2.218042108781333455e-01,-9.750311832103973897e-01,0.000000000000000000e+00,6.227681973722067887e-01,2.957458593265477331e-01,2.873207551083882191e-02,1.000000000000000000e+00
9.996611483175128487e-01,2.027224908317223212e-02,1.572804383352726168e-02,0.000000000000000000e+00,2.325453680147003543e-02,-9.748727081120537319e-01,-2.215020911811629856e-01,0.000000000000000000e+00,1.084270387607660230e-02,2.217970534796161464e-01,-9.750325650153517376e-01,0.000000000000000000e+00,6.227782638033823037e-01,2.957357846767241782e-01,2.874182916581329017e-02,1.000000000000000000e+00
9.996633843287338062e-01,2.019853005103985216e-02,1.568069888135793788e-02,0.000000000000000000e+00,2.317163142329542458e-02,-9.748851623033223390e-01,-2.214559611282032880e-01,0.000000000000000000e+00,1.081400399123946983e-02,2.217490323121567852e-01,-9.750438061883679453e-01,0.000000000000000000e+00,6.227871838739665877e-01,2.956722573891529815e-01,2.870272473637414112e-02,1.000000000000000000e+00
9.996632950755939273e-01,2.017622030766802813e-02,1.571507282550391876e-02,0.000000000000000000e+00,2.315742357429479564e-02,-9.748870267123913580e-01,-2.214492397423892256e-01,0.000000000000000000e+00,1.085262091999875632e-02,2.217428665280986866e-01,-9.750447793630140358e-01,0.000000000000000000e+00,6.228058064334720534e-01,2.956561751704560037e-01,2.871742983961327739e-02,1.000000000000000000e+00
9.996631905187323142e-01,2.017747342976437472e-02,1.572011415697396886e-02,0.000000000000000000e+00,2.315979544429129858e-02,-9.748863230639442934e-01,-2.214520893535432688e-01,0.000000000000000000e+00,1.085718967428647534e-02,2.217458461131208147e-01,-9.750440508838319476e-01,0.000000000000000000e+00,6.228065064965655484e-01,2.956621936978054421e-01,2.872267721128670195e-02,1.000000000000000000e+00
9.996634074659120905e-01,2.017568440381459910e-02,1.570861017683987740e-02,0.000000000000000000e+00,2.315552968446834420e-02,-9.748858050539055409e-01,-2.214548158217343465e-01,0.000000000000000000e+00,1.084630742983089084e-02,2.217482863150057326e-01,-9.750436170405382130e-01,0.000000000000000000e+00,6.228049663756457521e-01,2.956601770776524640e-01,2.871254969442314439e-02,1.000000000000000000e+00
9.996641172562267252e-01,2.012097491971009955e-02,1.573359271804923923e-02,0.000000000000000000e+00,2.310742662605059020e-02,-9.748928561088074929e-01,-2.214287985875862119e-01,0.000000000000000000e+00,1.088341337830241520e-02,2.217222561549647697e-01,-9.750491230901083828e-01,0.000000000000000000e+00,6.228299785051328863e-01,2.956203992560405558e-01,2.872093700448659359e-02,1.000000000000000000e+00
9.996639565511742376e-01,2.007618496424483021e-02,1.580087563844050774e-02,0.000000000000000000e+00,2.307861444365095355e-02,-9.748946071514907885e-01,-2.214240939995240076e-01,0.000000000000000000e+00,1.095904837715320525e-02,2.217186169704913334e-01,-9.750491034544669366e-01,0.000000000000000000e+00,6.228642450957738719e-01,2.955994490805466390e-01,2.875623485913006774e-02,1.000000000000000000e+00
9.996660146040188266e-01,1.990260205102232366e-02,1.589001505740815501e-02,0.000000000000000000e+00,2.292841910092693891e-02,-9.749117481631938142e-01,-2.213642197649071663e-01,0.000000000000000000e+00,1.108585182064153116e-02,2.216588878935357998e-01,-9.750612500285362749e-01,0.000000000000000000e+00,6.229500627596123996e-01,2.954758427521622099e-01,2.881051336422629436e-02,1.000000000000000000e+00
9.996641353718639378e-01,1.936427353926016212e-02,1.665497711583727516e-02,0.000000000000000000e+00,2.256917892488398067e-02,-9.749911388880536656e-01,-2.210512568470059114e-01,0.000000000000000000e+00,1.195818833472337382e-02,2.213571645186998837e-01,-9.751194836777659081e-01,0.000000000000000000e+00,6.233774736309787290e-01,2.950400620711922106e-01,2.935039537111467159e-02,1.000000000000000000e+00
9.996420274808504036e-01,1.807389296148693980e-02,1.923273741306618170e-02,0.000000000000000000e+00,2.183057552247747585e-02,-9.757619662002471328e-01,-2.176987785693653976e-01,0.000000000000000000e+00,1.483219481758944400e-02,2.180449081559427682e-01,-9.758260213911901237e-01,0.000000000000000000e+00,6.248890065536877314e-01,2.928840530072702730e-01,3.230335562136697064e-02,1.000000000000000000e+00
9.996383243077899827e-01,1.587318501919272873e-02,2.126051442624060303e-02,0.000000000000000000e+00,2.000920824443027518e-02,-9.772278660137929673e-01,-2.112015065589436247e-01,0.000000000000000000e+00,1.742426202420629261e-02,2.115545992500006689e-01,-9.772108506505049474e-01,0.000000000000000000e+00,6.265636449274216702e-01,2.885958327681097946e-01,3.654214865945257240e-02,1.000000000000000000e+00
9.996300789505461193e-01,1.436077924828292954e-02,2.267642339337287705e-02,0.000000000000000000e+00,1.875596496753462530e-02,-9.780650660473079183e-01,-2.074070569127780539e-01,0.000000000000000000e+00,1.920086026115505606e-02,2.077596508964593136e-01,-9.779914388299179029e-01,0.000000000000000000e+00,6.275236049130111793e-01,2.858679819860547866e-01,3.909172133879368349e-02,1.000000000000000000e+00
9.996397666182400554e-01,1.305615146124050260e-02,2.303520795781824684e-02,0.000000000000000000e+00,1.744431899243258782e-02,-9.792195724256823608e-01,-2.020036425774606736e-01,0.000000000000000000e+00,1.991951984646129700e-02,2.023366032444518237e-01,-9.791134314861500432e-01,0.000000000000000000e+00,6.281205247515909695e-01,2.825387323401104545e-01,4.160046694249482785e-02,1.000000000000000000e+00
9.996766050788674640e-01,1.214870117600345446e-02,2.190527833502215263e-02,0.000000000000000000e+00,1.620029223668421198e-02,-9.805596591581707822e-01,-1.955020518160003329e-01,0.000000000000000000e+00,1.910470407590101130e-02,1.957974690639402437e-01,-9.804582405132447054e-01,0.000000000000000000e+00,6.281281614394896851e-01,2.788752344869126487e-01,4.394940677939826457e-02,1.000000000000000000e+00
9.997286735673690528e-01,1.041310924941103028e-02,2.036892987362458329e-02,0.000000000000000000e+00,1.394787424263161518e-02,-9.832010341550488919e-01,-1.819393584185743096e-01,0.000000000000000000e+00,1.813254760812938945e-02,1.821776042172453813e-01,-9.830984341554530603e-01,0.000000000000000000e+00,6.277990584083752434e-01,2.710291183481197130e-01,4.965233410787277257e-02,1.000000000000000000e+00
9.997304988356388034e-01,8.191590963837851874e-03,2.127379694680522210e-02,0.000000000000000000e+00,1.165904519153166015e-02,-9.856448724798678729e-01,-1.683716096038020416e-01,0.000000000000000000e+00,1.958955468263056526e-02,1.685775110584413206e-01,-9.854937199762752176e-01,0.000000000000000000e+00,6.271701557775770652e-01,2.623641981238482579e-01,5.636186417204412658e-02,1.000000000000000000e+00
9.996799513020749872e-01,7.124243574222552042e-03,2.387440092199583780e-02,0.000000000000000000e+00,1.090733269159656002e-02,-9.866733087118416679e-01,-1.622885050470002921e-01,0.000000000000000000e+00,2.240048259067157349e-02,1.625000994864095050e-01,-9.864542239995791606e-01,0.000000000000000000e+00,6.270111382599465877e-01,2.578441250634112003e-01,6.024832767882445234e-02,1.000000000000000000e+00
9.995832473081242009e-01,6.444051439343502670e-03,2.779483410998061579e-02,0.000000000000000000e+00,1.071759727630214147e-02,-9.876158052352036476e-01,-1.564637378418772817e-01,0.000000000000000000e+00,2.644286620297770646e-02,1.566994419461394394e-01,-9.872922868739225644e-01,0.000000000000000000e+00,6.268279494949081654e-01,2.534178487233386123e-01,6.454053674714570199e-02,1.000000000000000000e+00
9.992888958663411758e-01,4.665434385313469920e-03,3.715754595547870326e-02,0.000000000000000000e+00,9.986692917384768983e-03,-9.894681353967101911e-01,-1.443392597332395499e-01,0.000000000000000000e+00,3.609349727864374913e-02,1.446104846899629592e-01,-9.888301508206203128e-01,0.000000000000000000e+00,6.262989101162490524e-01,2.441633105235112289e-01,7.374478874945997187e-02,1.000000000000000000e+00
9.988396134406488658e-01,2.695530231382480685e-03,4.788431517433790197e-02,0.000000000000000000e+00,8.939217489805900002e-03,-9.913772451243971773e-01,-1.306598451760878354e-01,0.000000000000000000e+00,4.712013010802355850e-02,1.309387985332161886e-01,-9.902700259915375725e-01,0.000000000000000000e+00,6.253223884411406308e-01,2.348171125216301225e-01,8.398453935394432912e-02,1.000000000000000000e+00
9.985287861441753954e-01,1.470273336179924849e-03,5.402636799716062366e-02,0.000000000000000000e+00,8.138790606540199923e-03,-9.923116486463301467e-01,-1.234183898350369457e-01,0.000000000000000000e+00,5.343056423379883429e-02,1.236789054883946914e-01,-9.908827898106065124e-01,0.000000000000000000e+00,6.249524886987652961e-01,2.300269341174581150e-01,8.946565858115766712e-02,1.000000000000000000e+00
9.981633696851394122e-01,3.714176808778007263e-04,6.041933770674980109e-02,0.000000000000000000e+00,7.372201724215101185e-03,-9.932486295821875144e-01,-1.156873259093338518e-01,0.000000000000000000e+00,5.996961066003489438e-02,1.159225064726105425e-01,-9.914462256170990528e-01,0.000000000000000000e+00,6.244929105573240324e-01,2.251925548779223907e-01,9.517063085778394715e-02,1.000000000000000000e+00
9.977396000567684275e-01,-8.301499757476846599e-04,6.705034101916482192e-02,0.000000000000000000e+00,6.402638524946527646e-03,-9.941658133449849943e-01,-1.075829386902577844e-01,0.000000000000000000e+00,6.674975192788941414e-02,1.077711322465257082e-01,-9.919323836188971288e-01,0.000000000000000000e+00,6.240563300941625036e-01,2.202699540102666387e-01,1.010354151150053281e-01,1.000000000000000000e+00
9.970178422350142178e-01,-3.643665573702391941e-03,7.696033307770729082e-02,0.000000000000000000e+00,3.188906483316853585e-03,-9.960640262868020178e-01,-8.847052228835243504e-02,0.000000000000000000e+00,7.698125835387616134e-02,8.845381154841974736e-02,-9.931011071813434787e-01,0.000000000000000000e+00,6.222139390403539361e-01,2.097258320799777476e-01,1.123592221606543456e-01,1.000000000000000000e+00
9.966134186616467661e-01,-7.768818709314174488e-03,8.174402792018281572e-02,0.000000000000000000e+00,-2.525414642402445172e-03,-9.979336927300229698e-01,-6.405243239965624502e-02,0.000000000000000000e+00,8.207431156104635916e-02,6.363030114285092576e-02,-9.945928775927618259e-01,0.000000000000000000e+00,6.194193924540554175e-01,1.974749038405999579e-01,1.235133565247556325e-01,1.000000000000000000e+00
9.964787158708572345e-01,-1.002120609560534607e-02,8.312936392133245256e-02,0.000000000000000000e+00,-5.826889213978225790e-03,-9.986951563050714409e-01,-5.054482205018939051e-02,0.000000000000000000e+00,8.352902136628712060e-02,4.988341418679704403e-02,-9.952560211215296659e-01,0.000000000000000000e+00,6.178148305731104850e-01,1.909875597990504381e-01,1.288979583207361390e-01,1.000000000000000000e+00
9.962504927786210995e-01,-1.310860876551652419e-02,8.540413875097629948e-02,0.000000000000000000e+00,-9.923165507403925584e-03,-9.992333463268583404e-01,-3.761644953939858455e-02,0.000000000000000000e+00,8.583341523368433201e-02,3.662863220103902695e-02,-9.956359616508450028e-01,0.000000000000000000e+00,6.165515348180702349e-01,1.843799823352040290e-01,1.344265059176334709e-01,1.000000000000000000e+00
9.947467049201386136e-01,-2.391427246054167802e-02,9.943765647086416637e-02,0.000000000000000000e+00,-2.344934173042804645e-02,-9.996983283572280499e-01,-5.841879267977850322e-03,0.000000000000000000e+00,9.954927987429944281e-02,3.479509556245344477e-03,-9.950265493391401428e-01,0.000000000000000000e+00,6.140011706410108960e-01,1.663639988798473190e-01,1.515816217600020888e-01,1.000000000000000000e+00
9.943456987364523991e-01,-2.776122070358206725e-02,1.024045552237379114e-01,0.000000000000000000e+00,-2.839218002360984275e-02,-9.995761399382473433e-01,4.708660198893589027e-03,0.000000000000000000e+00,1.022324001581372821e-01,-7.589670707411389633e-03,-9.947315885486192055e-01,0.000000000000000000e+00,6.127869023172312080e-01,1.604273898299941603e-01,1.567217596176383732e-01,1.000000000000000000e+00
9.940997183701101303e-01,-3.095390718838302024e-02,1.038669941196392194e-01,0.000000000000000000e+00,-3.282404073269273165e-02,-9.993178727724422172e-01,1.634375748558791058e-02,0.000000000000000000e+00,1.032922291580797292e-01,-1.965703761818492212e-02,-9.944567945705997669e-01,0.000000000000000000e+00,6.111835983107628545e-01,1.544334789724736146e-01,1.616188673118754138e-01,1.000000000000000000e+00
9.942422125730333571e-01,-3.388867187080304294e-02,1.015614472027665943e-01,0.000000000000000000e+00,-3.713595315087085680e-02,-9.988424979148305960e-01,3.025445825074665751e-02,0.000000000000000000e+00,1.004205396141380630e-01,-3.385249242205838616e-02,-9.943690079545015603e-01,0.000000000000000000e+00,6.087105005709693151e-01,1.481617586805332731e-01,1.658700835484238634e-01,1.000000000000000000e+00
9.955787182619125764e-01,-4.383406033034033950e-02,8.295985655804631598e-02,0.000000000000000000e+00,-4.909931794562671231e-02,-9.968250621598165884e-01,6.252838818137203269e-02,0.000000000000000000e+00,7.995713045287450305e-02,-6.632648192476976734e-02,-9.945891891053436629e-01,0.000000000000000000e+00,6.006189381439434039e-01,1.350583838861664221e-01,1.722102644959747075e-01,1.000000000000000000e+00
9.971906160930434915e-01,-5.354110540784399325e-02,5.220126539549588968e-02,0.000000000000000000e+00,-5.837810978287753111e-02,-9.936557561155087148e-01,9.602594200477050645e-02,0.000000000000000000e+00,4.672965244459785505e-02,-9.880548178241724266e-02,-9.940089619073619875e-01,0.000000000000000000e+00,5.902670771444208375e-01,1.222831897801685691e-01,1.774850880760864003e-01,1.000000000000000000e+00
9.983442517545765282e-01,-5.517330173738868582e-02,1.566552473421091787e-02,0.000000000000000000e+00,-5.667745825244731306e-02,-9.908848170741112460e-01,1.221298158487746782e-01,0.000000000000000000e+00,8.784594560339272981e-03,-1.228178463687247257e-01,-9.923903503721499542e-01,0.000000000000000000e+00,5.794303112136814926e-01,1.115704153195027359e-01,1.828269354364771559e-01,1.000000000000000000e+00
9.985269500428949341e-01,-5.392585933591718256e-02,-4.083948349938209925e-03,0.000000000000000000e+00,-5.294658583908753990e-02,-9.901844507732974199e-01,1.292755173881569297e-01,0.000000000000000000e+00,-1.101536760008248531e-02,-1.288713381435458716e-01,-9.916001411263145604e-01,0.000000000000000000e+00,5.740239617970146480e-01,1.072707173023644683e-01,1.855110889954855735e-01,1.000000000000000000e+00
9.984040546245006587e-01,-5.109171010827660842e-02,-2.365856649878278137e-02,0.000000000000000000e+00,-4.754760005523325089e-02,-9.901374322613567536e-01,1.317111911155727233e-01,0.000000000000000000e+00,-3.015516285891160428e-02,-1.303785893833077358e-01,-9.910055951322229717e-01,0.000000000000000000e+00,5.689329293929764608e-01,1.035349153464187877e-01,1.882591195893625058e-01,1.000000000000000000e+00
9.964875319917070318e-01,-5.202339670496590462e-02,-6.547451169395886172e-02,0.000000000000000000e+00,-4.361250160126529940e-02,-9.913251767825441707e-01,1.239075884776437569e-01,0.000000000000000000e+00,-7.135399929549030018e-02,-1.206191820840653295e-01,-9.901311123775023981e-01,0.000000000000000000e+00,5.583913294750745271e-01,9.763349777879025415e-02,1.929413442132347778e-01,1.000000000000000000e+00
9.947251956649091342e-01,-5.396602710402808450e-02,-8.712175347881699616e-02,0.000000000000000000e+00,-4.373102102335695712e-02,-9.923478109578729445e-01,1.153870304175510092e-01,0.000000000000000000e+00,-9.268384541371446628e-02,-1.109705997042364778e-01,-9.894924106836842093e-01,0.000000000000000000e+00,5.530030257621029177e-01,9.514717024904520426e-02,1.949618209913135669e-01,1.000000000000000000e+00
9.904144348349330773e-01,-5.107206330521878862e-02,-1.282639408468183029e-01,0.000000000000000000e+00,-3.917862032362576241e-02,-9.948294690647402350e-01,9.359545977830614760e-02,0.000000000000000000e+00,-1.323834102105454491e-01,-8.767477817096297477e-02,-9.873134081808566664e-01,0.000000000000000000e+00,5.428275230425310127e-01,9.084088713650313729e-02,1.983816438336452326e-01,1.000000000000000000e+00
9.877958255305863133e-01,-4.703706356012737899e-02,-1.484172113240120050e-01,0.000000000000000000e+00,-3.495324463225752548e-02,-9.959266197278200394e-01,8.300111871778534378e-02,0.000000000000000000e+00,-1.517197015544455019e-01,-7.680197416474729422e-02,-9.854352281731292296e-01,0.000000000000000000e+00,5.377673784163313764e-01,8.901042670758130271e-02,1.996148681345934484e-01,1.000000000000000000e+00
9.815015210139739210e-01,-3.561624645266359829e-02,-1.880611446766373429e-01,0.000000000000000000e+00,-2.364790760984225929e-02,-9.975623299633190610e-01,6.550512350220258351e-02,0.000000000000000000e+00,-1.899394172041256601e-01,-5.984727802286198689e-02,-9.799700613311670416e-01,0.000000000000000000e+00,5.276390305313616302e-01,8.528888549835500488e-02,2.022034354465832018e-01,1.000000000000000000e+00
9.777428044101069693e-01,-2.981474190946049874e-02,-2.076314920486297955e-01,0.000000000000000000e+00,-1.789582394932251116e-02,-9.980851015727525422e-01,5.904757746843898591e-02,0.000000000000000000e+00,-2.089984109807131174e-01,-5.401864738593182419e-02,-9.764228847902589603e-01,0.000000000000000000e+00,5.226249571499113067e-01,8.337420939437313605e-02,2.033333865465931645e-01,1.000000000000000000e+00
9.691270860216891769e-01,-2.122779434630810147e-02,-2.456070414045746220e-01,0.000000000000000000e+00,-8.315633007925059272e-03,-9.985241109832819761e-01,5.349015735565265661e-02,0.000000000000000000e+00,-2.463847744000367823e-01,-4.979734106156964712e-02,-9.678919194657226166e-01,0.000000000000000000e+00,5.128085565740068130e-01,7.930284495668840639e-02,2.063071997884911857e-01,1.000000000000000000e+00
9.641902872030173599e-01,-1.792569601525596107e-02,-2.645685287159829646e-01,0.000000000000000000e+00,-3.844692166154465001e-03,-9.985430716814732710e-01,5.364419111407739416e-02,0.000000000000000000e+00,-2.651497857522206458e-01,-5.070699975416615574e-02,-9.628729881409502367e-01,0.000000000000000000e+00,5.079948475395775764e-01,7.727722616354981700e-02,2.079943600708758500e-01,1.000000000000000000e+00
9.588780461005993461e-01,-1.087596181805332470e-02,-2.835760093203180676e-01,0.000000000000000000e+00,4.806463111214753087e-03,-9.984899696691554860e-01,5.454745900276310178e-02,0.000000000000000000e+00,-2.837465200263123433e-01,-5.366839181919536017e-02,-9.573962691030809546e-01,0.000000000000000000e+00,5.032697400379193553e-01,7.518760865011452077e-02,2.099291524504900419e-01,1.000000000000000000e+00
9.473972510881435438e-01,-3.275150407982542716e-04,-3.200298240254110804e-01,0.000000000000000000e+00,1.964920730417691469e-02,-9.980437020770074330e-01,5.918973135559493087e-02,0.000000000000000000e+00,-3.194292858762523002e-01,-6.236572186813525709e-02,-9.455556292786024830e-01,0.000000000000000000e+00,4.940702580660771837e-01,7.076443108144858662e-02,2.141640624707575602e-01,1.000000000000000000e+00
9.346746864902248930e-01,1.145966066167409571e-02,-3.552923493591264026e-01,0.000000000000000000e+00,3.434313339561429618e-02,-9.977063190059443087e-01,5.816697607223823147e-02,0.000000000000000000e+00,-3.538176603289329147e-01,-6.657033435810931488e-02,-9.329423636124630770e-01,0.000000000000000000e+00,4.851661686954838459e-01,6.713847223915586637e-02,2.181697830173710828e-01,1.000000000000000000e+00
9.279900142640159499e-01,1.629832397390679546e-02,-3.722225744942419534e-01,0.000000000000000000e+00,3.956616819504980148e-02,-9.976948369581492004e-01,5.495705180066944723e-02,0.000000000000000000e+00,-3.704759657476456303e-01,-6.572828174594701200e-02,-9.265135464644187469e-01,0.000000000000000000e+00,4.808199408394180363e-01,6.595985705268656019e-02,2.202304502554401078e-01,1.000000000000000000e+00
9.209202854585155640e-01,2.144276546512614498e-02,-3.891359435228541330e-01,0.000000000000000000e+00,4.443309993611328085e-02,-9.977418953274688196e-01,5.017526123126693494e-02,0.000000000000000000e+00,-3.871887920558663154e-01,-6.349915471883758877e-02,-9.198112288161697236e-01,0.000000000000000000e+00,4.764579816901337028e-01,6.504064422909111576e-02,2.222487631517192919e-01,1.000000000000000000e+00
9.133558413029052581e-01,2.641681506538035018e-02,-4.062806984596631921e-01,0.000000000000000000e+00,4.853449477315138066e-02,-9.978320868344470185e-01,4.422981123559083932e-02,0.000000000000000000e+00,-4.042392892997475062e-01,-6.011734233270554784e-02,-9.126754637532923375e-01,0.000000000000000000e+00,4.720311146266775726e-01,6.425731850118321375e-02,2.242138978056010257e-01,1.000000000000000000e+00
8.966290805123865448e-01,3.743416310045882128e-02,-4.411753872483013539e-01,0.000000000000000000e+00,5.605595171894427187e-02,-9.979895615499890793e-01,2.924572131700617708e-02,0.000000000000000000e+00,-4.392020981861934903e-01,-5.095405144395236813e-02,-8.969421394885470633e-01,0.000000000000000000e+00,4.629786233009662855e-01,6.283377421551321340e-02,2.279753053147052788e-01,1.000000000000000000e+00
8.788075661917494896e-01,5.385375602626221031e-02,-4.741073522602299306e-01,0.000000000000000000e+00,6.786451870244711304e-02,-9.976068879249659904e-01,1.247602369177251876e-02,0.000000000000000000e+00,-4.723099729251680756e-01,-4.313992186792688088e-02,-8.803761903962737945e-01,0.000000000000000000e+00,4.543366417094141796e-01,6.060037784214972884e-02,2.317066717532455800e-01,1.000000000000000000e+00
8.701633110633519852e-01,6.344311971179442122e-02,-4.886425375892968215e-01,0.000000000000000000e+00,7.460098576330935483e-02,-9.971980957148015579e-01,3.376052002599379959e-03,0.000000000000000000e+00,-4.870685982777819834e-01,-3.939168999104945140e-02,-8.724749138693705941e-01,0.000000000000000000e+00,4.504717142665780605e-01,5.918257195168066115e-02,2.335180010069228262e-01,1.000000000000000000e+00
8.618513843156557774e-01,7.292083534952752133e-02,-5.018719856958773207e-01,0.000000000000000000e+00,8.090586542502564704e-02,-9.966947446689918833e-01,-5.879948150205625140e-03,0.000000000000000000e+00,-5.006515804649360746e-01,-3.553743008799428726e-02,-8.649191210978643962e-01,0.000000000000000000e+00,4.469104898078857802e-01,5.764825701360705434e-02,2.352610449177187646e-01,1.000000000000000000e+00
8.379802357756809261e-01,1.105786968973975493e-01,-5.343615097880983766e-01,0.000000000000000000e+00,1.078265922550573769e-01,-9.934899025573081799e-01,-3.649638914386262728e-02,0.000000000000000000e+00,-5.349287864795153613e-01,-2.703564837299221937e-02,-8.444644854063462214e-01,0.000000000000000000e+00,4.379134741047377988e-01,5.217212822810220890e-02,2.398078669905880089e-01,1.000000000000000000e+00
8.292871859922952282e-01,1.270051899160314912e-01,-5.441812122671833007e-01,0.000000000000000000e+00,1.204046973640083978e-01,-9.915574239129415490e-01,-4.793047920709062049e-02,0.000000000000000000e+00,-5.456848467161957705e-01,-2.577433818517843936e-02,-8.375940135623211047e-01,0.000000000000000000e+00,4.350681467009827608e-01,5.011866551088509786e-02,2.411755793027079431e-01,1.000000000000000000e+00
8.202802770154788981e-01,1.429394930907388894e-01,-5.537953731800042689e-01,0.000000000000000000e+00,1.330000729512330893e-01,-9.893860108943260956e-01,-5.836993183812653335e-02,0.000000000000000000e+00,-5.562714735406169009e-01,-2.577561743595182392e-02,-8.306007857393021832e-01,0.000000000000000000e+00,4.322939954663126971e-01,4.774894959390342530e-02,2.425535843362139898e-01,1.000000000000000000e+00
8.013243584134644992e-01,1.722668051523930932e-01,-5.728736050448171024e-01,0.000000000000000000e+00,1.557292491240287180e-01,-9.846841983509374563e-01,-7.826990089712819454e-02,0.000000000000000000e+00,-5.775940127816995284e-01,-2.649410833081316391e-02,-8.158941221889574047e-01,0.000000000000000000e+00,4.266598589624425175e-01,4.234128224999710033e-02,2.452421501878569443e-01,1.000000000000000000e+00
7.911577611104647634e-01,1.874479073494751957e-01,-5.821627143386867154e-01,0.000000000000000000e+00,1.668582325120707144e-01,-9.819096701148665174e-01,-8.940065368368321774e-02,0.000000000000000000e+00,-5.884004927709732824e-01,-2.640912899635754554e-02,-8.081382418946213564e-01,0.000000000000000000e+00,4.238393156178271171e-01,3.952299014504500468e-02,2.466403037240965102e-01,1.000000000000000000e+00
7.700342116112470769e-01,2.170278015158015883e-01,-5.999391579307613576e-01,0.000000000000000000e+00,1.872944345721944126e-01,-9.758183688249575383e-01,-1.126057402768142757e-01,0.000000000000000000e+00,-6.098819688543480888e-01,-2.565548687302623629e-02,-7.920768776196234207e-01,0.000000000000000000e+00,4.182512326871264396e-01,3.396673977493372409e-02,2.496874972766276735e-01,1.000000000000000000e+00
7.589067629791922398e-01,2.322840234320819874e-01,-6.083464510160772054e-01,0.000000000000000000e+00,1.971905224982180849e-01,-9.723194458357947711e-01,-1.252658771879290311e-01,0.000000000000000000e+00,-6.206162948669226020e-01,-2.489551248311791878e-02,-7.837191001907864996e-01,0.000000000000000000e+00,4.155122839025022219e-01,3.122073925702898919e-02,2.513067460776906015e-01,1.000000000000000000e+00
7.345057444734537366e-01,2.655133837771573857e-01,-6.244875509342917574e-01,0.000000000000000000e+00,2.177217956863156667e-01,-9.638212606291818307e-01,-1.537092845065296809e-01,0.000000000000000000e+00,-6.427186251611994861e-01,-2.306464259005545567e-02,-7.657550464300514337e-01,0.000000000000000000e+00,4.097656082930519750e-01,2.580676747786094655e-02,2.548166038546331724e-01,1.000000000000000000e+00
7.210804942239256166e-01,2.840636865574117653e-01,-6.319268072572961081e-01,0.000000000000000000e+00,2.286242866241021687e-01,-9.585455530377859912e-01,-1.700061917058135474e-01,0.000000000000000000e+00,-6.540358087114253038e-01,-2.188608814650758877e-02,-7.561469169869274864e-01,0.000000000000000000e+00,4.067776613356862137e-01,2.308711079231564461e-02,2.567188758198755694e-01,1.000000000000000000e+00
7.067117700280562964e-01,3.047558316338339068e-01,-6.384850069423639862e-01,0.000000000000000000e+00,2.404011134687717988e-01,-9.522031227366877237e-01,-1.884071776623263972e-01,0.000000000000000000e+00,-6.653984145267511918e-01,-2.034332826243638939e-02,-7.462111624335920901e-01,0.000000000000000000e+00,4.037640921538280803e-01,2.025274889596754765e-02,2.587115244003975745e-01,1.000000000000000000e+00
6.779951371012711281e-01,3.461962959745730761e-01,-6.484222895781134310e-01,0.000000000000000000e+00,2.616110984382370441e-01,-9.380230496822247188e-01,-2.272732679837334013e-01,0.000000000000000000e+00,-6.869294426224193950e-01,-1.554459622392838011e-02,-7.265578479286336488e-01,0.000000000000000000e+00,3.981926022660920994e-01,1.398857417083296598e-02,2.630855477605960613e-01,1.000000000000000000e+00
6.513923434310087135e-01,3.830851990893346937e-01,-6.549156373605319326e-01,0.000000000000000000e+00,2.773168884857060701e-01,-9.236552230621146720e-01,-2.644562708121889205e-01,0.000000000000000000e+00,-7.062391295593516416e-01,-9.354556898286688071e-03,-7.079115652004042136e-01,0.000000000000000000e+00,3.937714935741739586e-01,7.669810800830918936e-03,2.685845500335651281e-01,1.000000000000000000e+00
6.385539490921137151e-01,3.997435662790856936e-01,-6.575976598335435686e-01,0.000000000000000000e+00,2.829170620433786865e-01,-9.165989240747676181e-01,-2.824625555554747813e-01,0.000000000000000000e+00,-7.156796758270627112e-01,-5.678126927646947458e-03,-6.984055845156622588e-01,0.000000000000000000e+00,3.917870018709109781e-01,4.359643855596232603e-03,2.719241658454925048e-01,1.000000000000000000e+00
6.252760535760678584e-01,4.159070919138872502e-01,-6.603271118326734523e-01,0.000000000000000000e+00,2.875054148158921463e-01,-9.093944792426228441e-01,-3.005379584608056098e-01,0.000000000000000000e+00,-7.255076665788082746e-01,-1.928468714450679846e-03,-6.882113823119976326e-01,0.000000000000000000e+00,3.897532449922477826e-01,1.057872582631370515e-03,2.756160880976792904e-01,1.000000000000000000e+00
5.976150305469603019e-01,4.487890733854816849e-01,-6.643985172886560653e-01,0.000000000000000000e+00,2.946839072529011672e-01,-8.936030503134206882e-01,-3.385494501220197017e-01,0.000000000000000000e+00,-7.456601919576234527e-01,6.534814744105878377e-03,-6.662943601186942510e-01,0.000000000000000000e+00,3.856063373590580268e-01,-5.548409122443177799e-03,2.835674039816204473e-01,1.000000000000000000e+00
5.674133311474532926e-01,4.873530128156431940e-01,-6.637091979450596702e-01,0.000000000000000000e+00,3.025045049951440856e-01,-8.730431325400448417e-01,-3.824492908654907874e-01,0.000000000000000000e+00,-7.658493163946469284e-01,1.623211625841301450e-02,-6.428151701536184426e-01,0.000000000000000000e+00,3.812922577424449067e-01,-1.206330770185626289e-02,2.913475200049199243e-01,1.000000000000000000e+00
5.530563439558576766e-01,5.062735512808778093e-01,-6.616619367810399055e-01,0.000000000000000000e+00,3.058385397597897515e-01,-8.621041957183284143e-01,-4.040048146045562838e-01,0.000000000000000000e+00,-7.749734047099930967e-01,2.107611092645822470e-02,-6.316423193077050913e-01,0.000000000000000000e+00,3.792336471625432637e-01,-1.536981188872418337e-02,2.950003214395567341e-01,1.000000000000000000e+00
5.403024652541952300e-01,5.240409898192348592e-01,-6.583578312215356831e-01,0.000000000000000000e+00,3.087368311228079754e-01,-8.512861463517779059e-01,-4.242336773984293208e-01,0.000000000000000000e+00,-7.827818082551087908e-01,2.595569091348428822e-02,-6.217547287910770715e-01,0.000000000000000000e+00,3.775244309716453417e-01,-1.885610056065661899e-02,2.984792886443846660e-01,1.000000000000000000e+00
5.285143868726639438e-01,5.424256106841375269e-01,-6.530143540870759766e-01,0.000000000000000000e+00,3.120527415218352640e-01,-8.395091893347274015e-01,-4.447787702133094156e-01,0.000000000000000000e+00,-7.894861471306613421e-01,3.129766216426378006e-02,-6.129698849306023378e-01,0.000000000000000000e+00,3.760207555268110236e-01,-2.217371603720353843e-02,3.017481039742327398e-01,1.000000000000000000e+00
5.079349080461259547e-01,5.782928568507432754e-01,-6.384044547187837093e-01,0.000000000000000000e+00,3.194534501257595971e-01,-8.147443584439444386e-01,-4.838614166140160489e-01,0.000000000000000000e+00,-7.999654306346445365e-01,4.183040388423722028e-02,-5.985862737320404303e-01,0.000000000000000000e+00,3.737109430555652922e-01,-2.945564793725789429e-02,3.078156506353724731e-01,1.000000000000000000e+00
4.913776839763085991e-01,6.123378968678260259e-01,-6.193311058317472195e-01,0.000000000000000000e+00,3.308368980489644895e-01,-7.890353631274298341e-01,-5.176397294691668094e-01,0.000000000000000000e+00,-8.056600787175336453e-01,4.945998173998655129e-02,-5.903097049576077060e-01,0.000000000000000000e+00,3.727574281282536317e-01,-3.756713898651031780e-02,3.131305940027967472e-01,1.000000000000000000e+00
4.837159381840386851e-01,6.291250226438750426e-01,-6.084417342123132899e-01,0.000000000000000000e+00,3.379538948939516674e-01,-7.755301765908905187e-01,-5.332174575387778059e-01,0.000000000000000000e+00,-8.073409144415203409e-01,5.230153580303167904e-02,-5.877628749941371522e-01,0.000000000000000000e+00,3.725408645113352235e-01,-4.201297213714848960e-02,3.154715134074289606e-01,1.000000000000000000e+00
4.758879103678019806e-01,6.462709074187606983e-01,-5.965277511491874352e-01,0.000000000000000000e+00,3.462164876325284357e-01,-7.611496416930040310e-01,-5.484214743636642853e-01,0.000000000000000000e+00,-8.084912938948310979e-01,5.446045519007468305e-02,-5.859828380735667697e-01,0.000000000000000000e+00,3.724220532770041170e-01,-4.637665257131419472e-02,3.176409211109997299e-01,1.000000000000000000e+00
4.677848443307480730e-01,6.643407635695935953e-01,-5.829317594499681121e-01,0.000000000000000000e+00,3.560635548463597644e-01,-7.453076196993425606e-01,-5.636630587766791045e-01,0.000000000000000000e+00,-8.089434036137438389e-01,5.611336205834669549e-02,-5.852024097253193391e-01,0.000000000000000000e+00,3.724961911370970324e-01,-5.074859363999526668e-02,3.196105707883998837e-01,1.000000000000000000e+00
4.403645713680909846e-01,7.191947716600950447e-01,-5.374185255476310319e-01,0.000000000000000000e+00,3.900918095731637503e-01,-6.923997623737128126e-01,-6.069527955862540347e-01,0.000000000000000000e+00,-8.086413054654641996e-01,5.763905227035590745e-02,-5.854715866278097369e-01,0.000000000000000000e+00,3.728924724207139385e-01,-6.455048291811034400e-02,3.245506979254514923e-01,1.000000000000000000e+00
4.306276175192143008e-01,7.352658296937463200e-01,-5.233782204254401327e-01,0.000000000000000000e+00,4.009428098857317213e-01,-6.753901352199398467e-01,-6.189295398910393819e-01,0.000000000000000000e+00,-8.085777963624571907e-01,5.668451019764676052e-02,-5.856524682209452992e-01,0.000000000000000000e+00,3.729797795680448447e-01,-6.946407119851316647e-02,3.260672819983674309e-01,1.000000000000000000e+00
4.125449265170134105e-01,7.621624859130639029e-01,-4.988945535612703264e-01,0.000000000000000000e+00,4.215405956920336705e-01,-6.452346842819661754e-01,-6.371471378609224745e-01,0.000000000000000000e+00,-8.075292636822636316e-01,5.254852359554671587e-02,-5.874820345888964734e-01,0.000000000000000000e+00,3.737470990425031947e-01,-7.946014147978355813e-02,3.290475390871882566e-01,1.000000000000000000e+00
4.031143874662556637e-01,7.758064883764460573e-01,-4.853903893897373312e-01,0.000000000000000000e+00,4.315146223982008755e-01,-6.288695016789460634e-01,-6.467604095921613006e-01,0.000000000000000000e+00,-8.070236721883682351e-01,5.126636279328804918e-02,-5.882895142474902084e-01,0.000000000000000000e+00,3.742554665765154831e-01,-8.435589987198167938e-02,3.306940274316034767e-01,1.000000000000000000e+00
3.834179449596674116e-01,8.057039260866237784e-01,-4.514560996073859744e-01,0.000000000000000000e+00,4.497047405109707574e-01,-5.898224993276457440e-01,-6.707129136598295460e-01,0.000000000000000000e+00,-8.066905241122174219e-01,5.414246129748435943e-02,-5.884887358244048627e-01,0.000000000000000000e+00,3.755027019641131725e-01,-9.287653001722713519e-02,3.344748709611976567e-01,1.000000000000000000e+00
3.748293506420870003e-01,8.202204838014968136e-01,-4.321134836485412412e-01,0.000000000000000000e+00,4.578514078357237560e-01,-5.690650128903238514e-01,-6.830211170587550118e-01,0.000000000000000000e+00,-8.061440969950505187e-01,5.817371497296391220e-02,-5.888527097384191888e-01,0.000000000000000000e+00,3.764993243708620874e-01,-9.641105516450397539e-02,3.363886676084243410e-01,1.000000000000000000e+00
3.598510411504908801e-01,8.446369938404274524e-01,-3.963285552673714851e-01,0.000000000000000000e+00,4.691914039421183902e-01,-5.309898453815785624e-01,-7.056131783560165571e-01,0.000000000000000000e+00,-8.064489587040134522e-01,6.796299411090982179e-02,-5.873849746432852070e-01,0.000000000000000000e+00,3.785775974223304363e-01,-1.030053548165327792e-01,3.398860829346707080e-01,1.000000000000000000e+00
3.519743371563737733e-01,8.548897093783212053e-01,-3.811277970492172873e-01,0.000000000000000000e+00,4.721768960633602741e-01,-5.137479844016140662e-01,-7.163049170908002417e-01,0.000000000000000000e+00,-8.081808999181872011e-01,7.216259753433931778e-02,-5.844965290953629822e-01,0.000000000000000000e+00,3.793904456797437263e-01,-1.059697606247900353e-01,3.417394828569091936e-01,1.000000000000000000e+00
3.426043136212690854e-01,8.648784883210428598e-01,-3.668626877031992417e-01,0.000000000000000000e+00,4.733968129490426779e-01,-4.962268302146355947e-01,-7.277603570998029126e-01,0.000000000000000000e+00,-8.114870097910078517e-01,7.566366723639347813e-02,-5.794513287591883666e-01,0.000000000000000000e+00,3.799203256749175139e-01,-1.088741624469265062e-01,3.438025597875370987e-01,1.000000000000000000e+00
3.201891895341641980e-01,8.829071202916789485e-01,-3.434161422311390877e-01,0.000000000000000000e+00,4.704495339547730692e-01,-4.628339153342532208e-01,-7.512940501024285567e-01,0.000000000000000000e+00,-8.222833354683229956e-01,7.899778989120398442e-02,-5.635685099465674863e-01,0.000000000000000000e+00,3.800935740110759631e-01,-1.145415399345691421e-01,3.479409720620060265e-01,1.000000000000000000e+00
2.936919924437612628e-01,8.992498129365814608e-01,-3.241535660904339977e-01,0.000000000000000000e+00,4.610728463178163650e-01,-4.303200104555442440e-01,-7.760265883918772145e-01,0.000000000000000000e+00,-8.373476519315121713e-01,7.845589809191494401e-02,-5.410116282108677899e-01,0.000000000000000000e+00,3.800580879917550003e-01,-1.207805242709826671e-01,3.529745856095454770e-01,1.000000000000000000e+00
2.813334903393489017e-01,9.059192873945339786e-01,-3.164529330584053279e-01,0.000000000000000000e+00,4.559930762371577351e-01,-4.163698428862293577e-01,-7.865667265145909193e-01,0.000000000000000000e+00,-8.443436826230996672e-01,7.698869839658840919e-02,-5.302419126527644355e-01,0.000000000000000000e+00,3.804876481934525989e-01,-1.238732571466712590e-01,3.552286559623065165e-01,1.000000000000000000e+00
2.690556921348228325e-01,9.119681813690281302e-01,-3.096834151218420539e-01,0.000000000000000000e+00,4.519887678433957001e-01,-4.034950750338126002e-01,-7.955366899572104966e-01,0.000000000000000000e+00,-8.504762554772954397e-01,7.407167562191536991e-02,-5.207720477712678431e-01,0.000000000000000000e+00,3.813615303544828916e-01,-1.272066952233864290e-01,3.575767998673090586e-01,1.000000000000000000e+00
2.564401867341253305e-01,9.179865022352777792e-01,-3.025226590568306784e-01,0.000000000000000000e+00,4.486231169260839757e-01,-3.902784505603062448e-01,-8.039905328354184366e-01,0.000000000000000000e+00,-8.561370149944755870e-01,7.045818066425411919e-02,-5.119229007710361934e-01,0.000000000000000000e+00,3.825665987860078499e-01,-1.306445897555932323e-01,3.596948583402433397e-01,1.000000000000000000e+00
