9.995910510029391016e-01,2.152507299891745843e-02,1.830707208811120992e-02,0.000000000000000000e+00,2.506676291116583313e-02,-9.745178891791586029e-01,-2.228615892614987104e-01,0.000000000000000000e+00,1.304370840265483590e-02,2.232336472131806471e-01,-9.746776905331360208e-01,0.000000000000000000e+00,6.231875334147772838e-01,2.971065314586587847e-01,3.037085823591724812e-02,1.000000000000000000e+00
9.995910942146568612e-01,2.153219331789408067e-02,1.829633621450969805e-02,0.000000000000000000e+00,2.507131153978557972e-02,-9.745177019304811505e-01,-2.228618963910551642e-01,0.000000000000000000e+00,1.303164898485207994e-02,2.232337779595397476e-01,-9.746778218994450738e-01,0.000000000000000000e+00,6.231816845699416074e-01,2.971109166576269001e-01,3.036762441465306120e-02,1.000000000000000000e+00
9.995913955079342994e-01,2.152625019722410535e-02,1.828686632956785449e-02,0.000000000000000000e+00,2.506336610689841038e-02,-9.745185373918316962e-01,-2.228591368113166937e-01,0.000000000000000000e+00,1.302381944011485847e-02,2.232307038754786643e-01,-9.746786306134190836e-01,0.000000000000000000e+00,6.231812434302296255e-01,2.971058195635640220e-01,3.036088952355810860e-02,1.000000000000000000e+00
9.995912069565010549e-01,2.152829990187874951e-02,1.829475825990748913e-02,0.000000000000000000e+00,2.506717897345168283e-02,-9.745175426368456462e-01,-2.228630578013436614e-01,0.000000000000000000e+00,1.303095100337027697e-02,2.232348488758378602e-01,-9.746775859551349841e-01,0.000000000000000000e+00,6.231822711154285654e-01,2.971110772584918958e-01,3.036706403325865194e-02,1.000000000000000000e+00
9.995914003129742209e-01,2.152737131125929265e-02,1.828528386389038224e-02,0.000000000000000000e+00,2.506415512394168793e-02,-9.745176721117808638e-01,-2.228628317395406622e-01,0.000000000000000000e+00,1.302193204715006332e-02,2.232343732009329507e-01,-9.746778154381815495e-01,0.000000000000000000e+00,6.231787276636757689e-01,2.971113425814035369e-01,3.036218059382808296e-02,1.000000000000000000e+00
9.995912930402931496e-01,2.153461426335208026e-02,1.828261928093368599e-02,0.000000000000000000e+00,2.507069642678556864e-02,-9.745162195347729650e-01,-2.228684476222205224e-01,0.000000000000000000e+00,1.301757360246313076e-02,2.232400157965354071e-01,-9.746765812948759988e-01,0.000000000000000000e+00,6.231768308347500618e-01,2.971136480863463825e-01,3.035941093228958915e-02,1.000000000000000000e+00
9.995913566982546072e-01,2.152895061145300437e-02,1.828580873029432216e-02,0.000000000000000000e+00,2.506581621569984805e-02,-9.745175573280294712e-01,-2.228631468369322299e-01,0.000000000000000000e+00,1.302208269169321739e-02,2.232347219859165677e-01,-9.746777335418314037e-01,0.000000000000000000e+00,6.231794961799110855e-01,2.971096911900200088e-01,3.036003400261102006e-02,1.000000000000000000e+00
9.995913022187880026e-01,2.153400816438033605e-02,1.828283134888969777e-02,0.000000000000000000e+00,2.507007553668649455e-02,-9.745175599249273901e-01,-2.228626563867500132e-01,0.000000000000000000e+00,1.301806457055463412e-02,2.232342228270568496e-01,-9.746779015416512371e-01,0.000000000000000000e+00,6.231774923030619640e-01,2.971115402223173385e-01,3.036007438670397171e-02,1.000000000000000000e+00
9.995915619806691188e-01,2.153273513084576901e-02,1.827012413857346043e-02,0.000000000000000000e+00,2.506602079808179992e-02,-9.745172574218360362e-01,-2.228644352281925478e-01,0.000000000000000000e+00,1.300592081870322048e-02,2.232356662096651734e-01,-9.746777330767254499e-01,0.000000000000000000e+00,6.231728570055906635e-01,2.971130887194405323e-01,3.035278267182802900e-02,1.000000000000000000e+00
9.995910335869135910e-01,2.155221212683055415e-02,1.827606703571666574e-02,0.000000000000000000e+00,2.508646107512220100e-02,-9.745145916961031052e-01,-2.228737915128475022e-01,0.000000000000000000e+00,1.300712120031541873e-02,2.232454236282552795e-01,-9.746754822129882756e-01,0.000000000000000000e+00,6.231695788237818778e-01,2.971264418304401245e-01,3.035924084949331858e-02,1.000000000000000000e+00
9.995912683636706264e-01,2.154856772107571067e-02,1.826752149271910000e-02,0.000000000000000000e+00,2.508096729341656797e-02,-9.745152918463977354e-01,-2.228713484016398572e-01,0.000000000000000000e+00,1.299967097861678272e-02,2.232427190539319484e-01,-9.746762010759548733e-01,0.000000000000000000e+00,6.231674966437302787e-01,2.971239341606183304e-01,3.035322539034831721e-02,1.000000000000000000e+00
9.995906133897939361e-01,2.156451076112321508e-02,1.828453991373596779e-02,0.000000000000000000e+00,2.510031888314060919e-02,-9.745146509383542099e-01,-2.228719722164949901e-01,0.000000000000000000e+00,1.301267752275334436e-02,2.232439773360959390e-01,-9.746757393137726044e-01,0.000000000000000000e+00,6.231691470565964286e-01,2.971318035742768759e-01,3.036216172792717202e-02,1.000000000000000000e+00
9.995905690764760321e-01,2.155678950599172403e-02,1.829606353207107253e-02,0.000000000000000000e+00,2.509540878479424655e-02,-9.745140200977623346e-01,-2.228752834928771076e-01,0.000000000000000000e+00,1.302554563437538851e-02,2.232474768589428893e-01,-9.746747658768244449e-01,0.000000000000000000e+00,6.231745498848535458e-01,2.971299282939667274e-01,3.036804766751462908e-02,1.000000000000000000e+00
9.995900840319827951e-01,2.157082456958537078e-02,1.830601905193810289e-02,0.000000000000000000e+00,2.511137558958008789e-02,-9.745125697445027324e-01,-2.228798266491901492e-01,0.000000000000000000e+00,1.303199493363274911e-02,2.232524522707799719e-01,-9.746735400446309150e-01,0.000000000000000000e+00,6.231738812355375190e-01,2.971393595771753549e-01,3.037836377066437457e-02,1.000000000000000000e+00
9.995899883564915989e-01,2.157356164971188650e-02,1.830801781797661287e-02,0.000000000000000000e+00,2.511450574245914502e-02,-9.745122256634539681e-01,-2.228809784054744947e-01,0.000000000000000000e+00,1.303330159454727834e-02,2.232536897531788023e-01,-9.746732391222899805e-01,0.000000000000000000e+00,6.231723137647926514e-01,2.971433340091181319e-01,3.037951809389578470e-02,1.000000000000000000e+00
9.995893084051490352e-01,2.163747554524239960e-02,1.826967638885385048e-02,0.000000000000000000e+00,2.516850767758763846e-02,-9.745064793069961873e-01,-2.229000110165417214e-01,0.000000000000000000e+00,1.298117440620881816e-02,2.232725870351606745e-01,-9.746696060664158390e-01,0.000000000000000000e+00,6.231396632603808383e-01,2.971907233501048240e-01,3.036676288209246705e-02,1.000000000000000000e+00
9.995890768069335408e-01,2.163656166230221514e-02,1.828342497739693720e-02,0.000000000000000000e+00,2.517065403630119880e-02,-9.745069921318902928e-01,-2.228975265960774776e-01,0.000000000000000000e+00,1.299483959295195772e-02,2.232704372452122277e-01,-9.746699164313449293e-01,0.000000000000000000e+00,6.231452096766665338e-01,2.971868602450205565e-01,3.037480928031609934e-02,1.000000000000000000e+00
9.995892930739205262e-01,2.163002549833686547e-02,1.827933451002937068e-02,0.000000000000000000e+00,2.516324709156705572e-02,-9.745092645027837452e-01,-2.228884279079123565e-01,0.000000000000000000e+00,1.299254859685856738e-02,2.232611519667879185e-01,-9.746720739322641824e-01,0.000000000000000000e+00,6.231467005942493698e-01,2.971790903199782452e-01,3.036991605555534532e-02,1.000000000000000000e+00
9.995798904090732462e-01,2.180966146288999818e-02,1.857762788592796574e-02,0.000000000000000000e+00,2.540524789257687585e-02,-9.744986695942170485e-01,-2.229072974126821705e-01,0.000000000000000000e+00,1.324259592588246381e-02,2.232899201837419689e-01,-9.746621184787486181e-01,0.000000000000000000e+00,6.231878222996255490e-01,2.972822689396389939e-01,3.064792716967435632e-02,1.000000000000000000e+00
9.995379686238978767e-01,2.229045255617669377e-02,2.019237245249778587e-02,0.000000000000000000e+00,2.621172615793527366e-02,-9.748234858778033196e-01,-2.213884904282014121e-01,0.000000000000000000e+00,1.474943323220866478e-02,2.218197496540736668e-01,-9.749761293912444504e-01,0.000000000000000000e+00,6.236593168845028234e-01,2.969701682726402781e-01,3.219441352388408700e-02,1.000000000000000000e+00
9.995026983731152281e-01,2.271573694605270172e-02,2.142657557957270906e-02,0.000000000000000000e+00,2.687686757624963702e-02,-9.751322257092202017e-01,-2.199443640420896962e-01,0.000000000000000000e+00,1.589785210080574274e-02,2.204151082603466594e-01,-9.752765958173919003e-01,0.000000000000000000e+00,6.239872072106555922e-01,2.966261837867862350e-01,3.347478883797731092e-02,1.000000000000000000e+00
9.994873735241995849e-01,2.347182515404010184e-02,2.132628638190764425e-02,0.000000000000000000e+00,2.754490550432287660e-02,-9.757757053893655330e-01,-2.169880131570686987e-01,0.000000000000000000e+00,1.571687003074783220e-02,2.174683968402693901e-01,-9.759408160191679338e-01,0.000000000000000000e+00,6.239556380556413595e-01,2.958238497653475352e-01,3.458393749493365171e-02,1.000000000000000000e+00
9.994883773403293592e-01,2.443435537543206873e-02,2.016662441240501744e-02,0.000000000000000000e+00,2.817040231640113510e-02,-9.766798694091141098e-01,-2.127994549465201946e-01,0.000000000000000000e+00,1.449699770379793071e-02,2.132627898160261160e-01,-9.768873115858663914e-01,0.000000000000000000e+00,6.236657811861536782e-01,2.946099649338158044e-01,3.562197288900596781e-02,1.000000000000000000e+00
9.995146920133890500e-01,2.732005681322310572e-02,1.430880310544722575e-02,0.000000000000000000e+00,2.963293139201741283e-02,-9.793092089788393295e-01,-2.001402245615915010e-01,0.000000000000000000e+00,8.545064863973578229e-03,2.004709663802157760e-01,-9.796623773040653571e-01,0.000000000000000000e+00,6.222918092800648893e-01,2.910514357156683274e-01,3.807569153203853307e-02,1.000000000000000000e+00
9.994821088629681771e-01,3.182362935578453983e-02,1.875520905779320567e-03,0.000000000000000000e+00,3.164243661815779873e-02,-9.831999441931441597e-01,-1.797146984658530289e-01,0.000000000000000000e+00,-3.875236514179949705e-03,1.796844313498185131e-01,-9.837166704252051641e-01,0.000000000000000000e+00,6.195575790437067853e-01,2.856939235444750369e-01,4.117276627072176398e-02,1.000000000000000000e+00
9.993933660259414209e-01,3.416823088890865584e-02,-5.116526406584214794e-03,0.000000000000000000e+00,3.282919466073492415e-02,-9.853125691528988872e-01,-1.675175571349159231e-01,0.000000000000000000e+00,-1.076536361555113612e-02,1.672511839556858337e-01,-9.858555413505807330e-01,0.000000000000000000e+00,6.181572473998574457e-01,2.825021817050184514e-01,4.346247644955600342e-02,1.000000000000000000e+00
9.992421286500179356e-01,3.664590463842242601e-02,-1.236903009217461477e-02,0.000000000000000000e+00,3.430307125131264873e-02,-9.874252489066878136e-01,-1.542576546739296284e-01,0.000000000000000000e+00,-1.786674791068992851e-02,1.537194110713829276e-01,-9.879529958348033380e-01,0.000000000000000000e+00,6.167015077326958306e-01,2.791007908960634332e-01,4.646106923977210562e-02,1.000000000000000000e+00
9.990400038658165949e-01,3.896383581682952291e-02,-1.953553366142365272e-02,0.000000000000000000e+00,3.585007091561296516e-02,-9.894711064704075909e-01,-1.401515207794098439e-01,0.000000000000000000e+00,-2.479116425932137088e-02,1.393193079225243380e-01,-9.899371336679194666e-01,0.000000000000000000e+00,6.152298434846618091e-01,2.754067230621908835e-01,4.993755105450502219e-02,1.000000000000000000e+00
9.979838963416365338e-01,4.496369428060999901e-02,-4.457752506155318595e-02,0.000000000000000000e+00,4.092509208230635243e-02,-9.952959368286988795e-01,-8.770337434526311038e-02,0.000000000000000000e+00,-4.831222743916933904e-02,8.570386599844841136e-02,-9.951486200727938103e-01,0.000000000000000000e+00,6.101135267770622095e-01,2.619220984668778063e-01,6.391080138612138806e-02,1.000000000000000000e+00
9.974448060837001195e-01,4.611875036813677109e-02,-5.438443327221734180e-02,0.000000000000000000e+00,4.245887002283846301e-02,-9.968641593495807252e-01,-6.663211734475990577e-02,0.000000000000000000e+00,-5.728798531317629006e-02,6.415399294348364534e-02,-9.962943098945034048e-01,0.000000000000000000e+00,6.080150554340230107e-01,2.565509431781406446e-01,6.972005886174044431e-02,1.000000000000000000e+00
9.968183702123143419e-01,4.639482081315510903e-02,-6.466377896619522614e-02,0.000000000000000000e+00,4.357576990960110308e-02,-9.980558349964259168e-01,-4.434466605558051722e-02,0.000000000000000000e+00,-6.659670693877600689e-02,4.138660061172701882e-02,-9.969212746825679705e-01,0.000000000000000000e+00,6.056515348416396938e-01,2.507924050521519455e-01,7.593184323035338801e-02,1.000000000000000000e+00
9.961641200997403134e-01,4.558762076733707813e-02,-7.456246750136186208e-02,0.000000000000000000e+00,4.413409696305911623e-02,-9.987946582127050776e-01,-2.102757979960694079e-02,0.000000000000000000e+00,-7.543264388922310548e-02,1.765651330098735872e-02,-9.969945655689070874e-01,0.000000000000000000e+00,6.032168251619219879e-01,2.447925365661655361e-01,8.279816098807848967e-02,1.000000000000000000e+00
9.939671998832286803e-01,4.065728894699217194e-02,-1.017690390687792379e-01,0.000000000000000000e+00,4.620516095863560352e-02,-9.975278949652151006e-01,5.276294882075430182e-02,0.000000000000000000e+00,-9.937417011972600467e-02,-5.714799560373107212e-02,-9.934077113207303578e-01,0.000000000000000000e+00,5.950530913473466299e-01,2.256574245674757839e-01,1.064448004631736028e-01,1.000000000000000000e+00
9.931887708538613690e-01,3.878405817826403174e-02,-1.097843758566300482e-01,0.000000000000000000e+00,4.750703659811203461e-02,-9.958121118112127634e-01,7.798760379039131052e-02,0.000000000000000000e+00,-1.063019820456387460e-01,-8.267353443386440959e-02,-9.908910007247928586e-01,0.000000000000000000e+00,5.920520437277257964e-01,2.191580333454480611e-01,1.151704223451141956e-01,1.000000000000000000e+00
9.923904564931327332e-01,3.596600605624548225e-02,-1.176791195196599249e-01,0.000000000000000000e+00,4.824940606615157890e-02,-9.934742893923438345e-01,1.032549177126665663e-01,0.000000000000000000e+00,-1.131996920901749831e-01,-1.081492247549537683e-01,-9.876687576792091416e-01,0.000000000000000000e+00,5.888250510850510100e-01,2.125940466282909835e-01,1.241502695489093838e-01,1.000000000000000000e+00
9.909104025586438214e-01,2.770980859465131674e-02,-1.315655255373625043e-01,0.000000000000000000e+00,4.787528912151520905e-02,-9.871053978264305862e-01,1.526814892993375028e-01,0.000000000000000000e+00,-1.256406845538827199e-01,-1.575954477991107772e-01,-9.794784802219135278e-01,0.000000000000000000e+00,5.820369684722707104e-01,1.995961223498348702e-01,1.429316351683612984e-01,1.000000000000000000e+00
9.894208489864593226e-01,1.829188986251931853e-02,-1.438490085380512151e-01,0.000000000000000000e+00,4.724439342181591117e-02,-9.785390196549830222e-01,2.005245650888631825e-01,0.000000000000000000e+00,-1.370965340669451082e-01,-2.052031953829664135e-01,-9.690697544302221411e-01,0.000000000000000000e+00,5.747691185620502630e-01,1.867839849827953591e-01,1.621838399786726947e-01,1.000000000000000000e+00
9.886664791505027639e-01,1.296048976795868488e-02,-1.495037310916735862e-01,0.000000000000000000e+00,4.655021911352347913e-02,-9.735967709118832358e-01,2.234348935856825258e-01,0.000000000000000000e+00,-1.426632708880581080e-01,-2.278664081357979210e-01,-9.631843495317033987e-01,0.000000000000000000e+00,5.709588826037900189e-01,1.805050638330749913e-01,1.719120890023922987e-01,1.000000000000000000e+00
9.878047413500465890e-01,6.233605107917416024e-03,-1.555110350905517802e-01,0.000000000000000000e+00,4.489782780591713290e-02,-9.681218732771714741e-01,2.463837868891113614e-01,0.000000000000000000e+00,-1.490206444838672595e-01,-2.503660008776081858e-01,-9.566136697341128814e-01,0.000000000000000000e+00,5.667817685984570808e-01,1.741158093429124032e-01,1.815417802361469213e-01,1.000000000000000000e+00
9.852532353089276107e-01,-1.115597756775260456e-02,-1.706820241824165696e-01,0.000000000000000000e+00,3.952489723626097240e-02,-9.560053834708369669e-01,2.906410779199137817e-01,0.000000000000000000e+00,-1.664185233979035283e-01,-2.931068950161624387e-01,-9.414845846661782369e-01,0.000000000000000000e+00,5.569974543512579146e-01,1.610211562146762476e-01,2.005806429350461273e-01,1.000000000000000000e+00
9.807339977071745096e-01,-3.036684408807626204e-02,-1.929233718932015784e-01,0.000000000000000000e+00,3.514454296625960789e-02,-9.442603771903006482e-01,3.272887839039587132e-01,0.000000000000000000e+00,-1.921123221428039651e-01,-3.277697517589567844e-01,-9.250188352205436226e-01,0.000000000000000000e+00,5.449561549066547217e-01,1.485284570197690779e-01,2.188432127948695127e-01,1.000000000000000000e+00
9.778601377948598072e-01,-3.823625403408827117e-02,-2.056897826593893919e-01,0.000000000000000000e+00,3.505102630664470864e-02,-9.393102276952907115e-01,3.412454667875900460e-01,0.000000000000000000e+00,-2.062584360545032247e-01,-3.409065406650924057e-01,-9.171914675181569443e-01,0.000000000000000000e+00,5.386797710539604767e-01,1.427085842642859537e-01,2.277935363780910771e-01,1.000000000000000000e+00
9.698377912836559922e-01,-4.346452176882137364e-02,-2.398045888773935597e-01,0.000000000000000000e+00,4.643001756648197642e-02,-9.329855212899259564e-01,3.568795559195704348e-01,0.000000000000000000e+00,-2.392504149004789638e-01,-3.572562898320706948e-01,-9.028439413018024551e-01,0.000000000000000000e+00,5.253190935107391324e-01,1.320671424781151293e-01,2.451690531297257281e-01,1.000000000000000000e+00
9.640609714457908375e-01,-4.231389061707989396e-02,-2.622531694699830052e-01,0.000000000000000000e+00,5.656910809691034769e-02,-9.318776624113415119e-01,3.583081149082480987e-01,0.000000000000000000e+00,-2.595542781312514813e-01,-3.602732336040192496e-01,-8.960104764188133730e-01,0.000000000000000000e+00,5.178991524702859506e-01,1.271710952022314656e-01,2.535861539231211714e-01,1.000000000000000000e+00
9.566221008050718178e-01,-4.090716974374073583e-02,-2.884120431189665101e-01,0.000000000000000000e+00,6.724034702907490113e-02,-9.323337301273367794e-01,3.552651098819927800e-01,0.000000000000000000e+00,-2.834346231235236324e-01,-3.592542983832384129e-01,-8.891575583146066331e-01,0.000000000000000000e+00,5.098965619651262271e-01,1.223181616056730342e-01,2.616948451380905483e-01,1.000000000000000000e+00
9.371844553634144370e-01,-3.953751525008730033e-02,-3.465585497635833567e-01,0.000000000000000000e+00,8.571945780580324248e-02,-9.369702258609027279e-01,3.387029927604069401e-01,0.000000000000000000e+00,-3.381130271110400765e-01,-3.471406743175175502e-01,-8.747416379321315549e-01,0.000000000000000000e+00,4.930198054983945255e-01,1.128143831364106786e-01,2.776566489944190530e-01,1.000000000000000000e+00
9.114771474745309021e-01,-4.709538142477985578e-02,-4.086222969703869334e-01,0.000000000000000000e+00,9.463502327169720507e-02,-9.427538613533753553e-01,3.197500839325522759e-01,0.000000000000000000e+00,-4.002967074193808372e-01,-3.301212308473820967e-01,-8.548581864689674958e-01,0.000000000000000000e+00,4.752284650621985684e-01,1.018201959432966930e-01,2.941723885471236311e-01,1.000000000000000000e+00
8.963970233250532216e-01,-5.117429345290728376e-02,-4.402661867152506403e-01,0.000000000000000000e+00,9.891516443546607973e-02,-9.451545441692195126e-01,3.112545980097126685e-01,0.000000000000000000e+00,-4.320561395746276845e-01,-3.225629077419863711e-01,-8.421880210528432942e-01,0.000000000000000000e+00,4.664071791015690915e-01,9.569719663230100148e-02,3.029307725296683240e-01,1.000000000000000000e+00
8.808891444496742551e-01,-5.577330339682289723e-02,-4.700046815938488387e-01,0.000000000000000000e+00,1.025905287752836015e-01,-9.469153983201794578e-01,3.046426738507787557e-01,0.000000000000000000e+00,-4.620544945409178483e-01,-3.165805482994173414e-01,-8.284216320889850049e-01,0.000000000000000000e+00,4.579367508464859404e-01,8.905138844727923664e-02,3.119999230303197035e-01,1.000000000000000000e+00
8.656272767038568627e-01,-5.980312891966892141e-02,-4.970852547590705606e-01,0.000000000000000000e+00,1.063990641250947417e-01,-9.481799618747946967e-01,2.993572213153131156e-01,0.000000000000000000e+00,-4.892381957566471207e-01,-3.120271896358653985e-01,-8.144231214428555576e-01,0.000000000000000000e+00,4.500389540853742543e-01,8.199838093132619243e-02,3.210331540144777396e-01,1.000000000000000000e+00
8.340659647510699770e-01,-5.761483933128827561e-02,-5.486303342268862293e-01,0.000000000000000000e+00,1.201681399699181529e-01,-9.516627695231927309e-01,2.826275608301940245e-01,0.000000000000000000e+00,-5.384049707867114565e-01,-3.016637239456758102e-01,-7.868412070344229514e-01,0.000000000000000000e+00,4.356122965682750481e-01,6.771232198736110153e-02,3.383264972489678502e-01,1.000000000000000000e+00
7.996714438127623392e-01,-4.378571720139185636e-02,-5.988231289961838399e-01,0.000000000000000000e+00,1.378352259907232036e-01,-9.573055145656487186e-01,2.540636714673959462e-01,0.000000000000000000e+00,-5.843922950701125885e-01,-2.857118851355153200e-01,-7.595092916844380371e-01,0.000000000000000000e+00,4.221697383929385872e-01,5.406008963869570610e-02,3.542244933666472417e-01,1.000000000000000000e+00
7.814654191419969642e-01,-3.570872424878197837e-02,-6.229104531142141132e-01,0.000000000000000000e+00,1.451437662616351654e-01,-9.605583990640003123e-01,2.371531066720410919e-01,0.000000000000000000e+00,-6.068219856981541538e-01,-2.757438300382330509e-01,-7.454746259056675983e-01,0.000000000000000000e+00,4.157389840412033521e-01,4.730115750140644754e-02,3.616095833976256113e-01,1.000000000000000000e+00
7.624376769649110486e-01,-2.742150212191785466e-02,-6.464654645585762305e-01,0.000000000000000000e+00,1.511835166892209481e-01,-9.638878041764288307e-01,2.191907665542292272e-01,0.000000000000000000e+00,-6.291428301284952562e-01,-2.648593205765261138e-01,-7.307727687877046963e-01,0.000000000000000000e+00,4.095090610590754188e-01,4.078764654388353922e-02,3.684863406173080058e-01,1.000000000000000000e+00
7.427448990487770519e-01,-2.031672977274194200e-02,-6.692518153352828847e-01,0.000000000000000000e+00,1.554336388232729349e-01,-9.669925427936602036e-01,2.018577543836649613e-01,0.000000000000000000e+00,-6.512751431933561097e-01,-2.539579518260877133e-01,-7.150846429359057899e-01,0.000000000000000000e+00,4.035504246158063135e-01,3.413240621737365782e-02,3.751782421558914615e-01,1.000000000000000000e+00
7.024643504758593116e-01,-2.274036052298668113e-03,-7.117017717919282838e-01,0.000000000000000000e+00,1.658866741459396887e-01,-9.719192798011188072e-01,1.668390595540549526e-01,0.000000000000000000e+00,-6.921093967601392727e-01,-2.352648610875906487e-01,-6.823745511475004522e-01,0.000000000000000000e+00,3.930535649294150113e-01,2.084512916465975155e-02,3.882501511160286745e-01,1.000000000000000000e+00
6.596677050410890697e-01,2.706935046277617399e-02,-7.510569326572751336e-01,0.000000000000000000e+00,1.790709401537363965e-01,-9.762206274999499778e-01,1.220968129693355553e-01,0.000000000000000000e+00,-7.299062416231965056e-01,-2.150399356293571651e-01,-6.488410471941660207e-01,0.000000000000000000e+00,3.845379647026946346e-01,8.195841613609686216e-03,4.008243174028279787e-01,1.000000000000000000e+00
6.376946931528281182e-01,4.672204733477851313e-02,-7.688584235857570670e-01,0.000000000000000000e+00,1.860833757011388645e-01,-9.779292031251721751e-01,9.491152650675785396e-02,0.000000000000000000e+00,-7.474690357544198083e-01,-2.036002676055534977e-01,-6.323266336469666182e-01,0.000000000000000000e+00,3.808054083050916860e-01,2.314839245350446516e-03,4.068942244703462330e-01,1.000000000000000000e+00
5.951166607644283735e-01,9.628017798090875157e-02,-7.978389776826955160e-01,0.000000000000000000e+00,1.999293378555601075e-01,-9.793115510952137281e-01,3.094984099041815997e-02,0.000000000000000000e+00,-7.783680565567110410e-01,-1.779336103182437567e-01,-6.020654439936274915e-01,0.000000000000000000e+00,3.747403396223410454e-01,-9.165072567148827704e-03,4.186436797835129120e-01,1.000000000000000000e+00
5.549350612588973553e-01,1.556230311240473230e-01,-8.171959966070294623e-01,0.000000000000000000e+00,2.130210548121495850e-01,-9.761670113452848296e-01,-4.124006630865380274e-02,0.000000000000000000e+00,-8.041531602541628354e-01,-1.511973054788407766e-01,-5.748713505378233446e-01,0.000000000000000000e+00,3.699617598358834747e-01,-1.969329014925278593e-02,4.301486054200681086e-01,1.000000000000000000e+00
5.350202563630822583e-01,1.860197596088623839e-01,-8.240938788860472375e-01,0.000000000000000000e+00,2.179517030252156595e-01,-9.728203453018799962e-01,-7.809211110187570803e-02,0.000000000000000000e+00,-8.162376826583512823e-01,-1.378344567946235832e-01,-5.610327155600247639e-01,0.000000000000000000e+00,3.677225310574385730e-01,-2.456813945456203657e-02,4.359620773265602822e-01,1.000000000000000000e+00
4.945659386079476194e-01,2.435000391027785094e-01,-8.343218864604916574e-01,0.000000000000000000e+00,2.217282706568969308e-01,-9.635274125827867353e-01,-1.497739833690430455e-01,0.000000000000000000e+00,-8.403781592131294165e-01,-1.109217739799953778e-01,-5.305288960788872021e-01,0.000000000000000000e+00,3.632141476134617131e-01,-3.404004399984799506e-02,4.479834633488719020e-01,1.000000000000000000e+00
4.738703001992757846e-01,2.706565104614955808e-01,-8.379574803264561167e-01,0.000000000000000000e+00,2.215906726749371225e-01,-9.576139617052621400e-01,-1.839940787955692547e-01,0.000000000000000000e+00,-8.522553863455120116e-01,-9.849612874048638278e-02,-5.137696653834279426e-01,0.000000000000000000e+00,3.611480519056488592e-01,-3.841843218568705837e-02,4.537346670252285219e-01,1.000000000000000000e+00
4.538517187485779369e-01,2.984162876068527925e-01,-8.396112693271299277e-01,0.000000000000000000e+00,2.207989451206366638e-01,-9.505226957951585787e-01,-2.184838152200914430e-01,0.000000000000000000e+00,-8.632853170984752245e-01,-8.622768767263312706e-02,-4.972959351943428974e-01,0.000000000000000000e+00,3.594713303185412268e-01,-4.257684272796287417e-02,4.593079114913858341e-01,1.000000000000000000e+00
4.171111642187521062e-01,3.589968538702350553e-01,-8.349372925534939149e-01,0.000000000000000000e+00,2.206347670435666042e-01,-9.311869919648608773e-01,-2.901582886430672525e-01,0.000000000000000000e+00,-8.816656334749484181e-01,-6.318915004184418038e-02,-4.676246807710296993e-01,0.000000000000000000e+00,3.578633052728368846e-01,-4.926840018573663132e-02,4.691933962992360097e-01,1.000000000000000000e+00
3.825887069641804583e-01,4.190296067063332131e-01,-8.234201946201102906e-01,0.000000000000000000e+00,2.207496895875825649e-01,-9.068733955401979685e-01,-3.589303078726926444e-01,0.000000000000000000e+00,-8.971575666576502295e-01,-4.444792574357293857e-02,-4.394686365214447443e-01,0.000000000000000000e+00,3.579058659027603562e-01,-5.557328094676041580e-02,4.773035857650839708e-01,1.000000000000000000e+00
3.665269263145147782e-01,4.482731898811743720e-01,-8.152851687731104136e-01,0.000000000000000000e+00,2.201971511454541286e-01,-8.931683490155463145e-01,-3.921023614382823097e-01,0.000000000000000000e+00,-9.039732887788538562e-01,-3.580808761299154874e-02,-4.260869324866029539e-01,0.000000000000000000e+00,3.584568823381357183e-01,-5.854756177070961909e-02,4.801928180506060961e-01,1.000000000000000000e+00
3.546543285899398379e-01,4.755413878670939898e-01,-8.050226347992119891e-01,0.000000000000000000e+00,2.197833089019447239e-01,-8.792659957959028105e-01,-4.225723046608236833e-01,0.000000000000000000e+00,-9.087971460188090100e-01,-2.706396249208819355e-02,-4.163595673480969261e-01,0.000000000000000000e+00,3.595874341353920145e-01,-6.120956604417017444e-02,4.820977902336227028e-01,1.000000000000000000e+00
3.471760989926073182e-01,5.003446678860961061e-01,-7.931612172234822067e-01,0.000000000000000000e+00,2.206564254818517423e-01,-8.656072698911451146e-01,-4.494613922311667675e-01,0.000000000000000000e+00,-9.114692754558875176e-01,-1.897423153351968442e-02,-4.109303328273932743e-01,0.000000000000000000e+00,3.614697853073200462e-01,-6.389748942547271437e-02,4.824856010446590404e-01,1.000000000000000000e+00
3.401559448573296396e-01,5.465223313005067585e-01,-7.652372321504519181e-01,0.000000000000000000e+00,2.276617313091981176e-01,-8.374168865620557067e-01,-4.968740696587214400e-01,0.000000000000000000e+00,-9.123929217325102980e-01,-5.200664622671380410e-03,-4.092824323861162794e-01,0.000000000000000000e+00,3.662104335545465217e-01,-6.936204179700183881e-02,4.798685737018950070e-01,1.000000000000000000e+00
3.286683441535242500e-01,5.931757124241667789e-01,-7.349152608584688107e-01,0.000000000000000000e+00,2.337572686212171791e-01,-8.050269978196146203e-01,-5.452245583697552522e-01,0.000000000000000000e+00,-9.150582096489537909e-01,7.406411341268213239e-03,-4.032537886060035826e-01,0.000000000000000000e+00,3.691518876031132934e-01,-7.446487035361007423e-02,4.757183056446079861e-01,1.000000000000000000e+00
3.220616711623199291e-01,6.147495169283598848e-01,-7.199583726200357026e-01,0.000000000000000000e+00,2.356416763388708702e-01,-7.885986844197294676e-01,-5.679488200576588985e-01,0.000000000000000000e+00,-9.169221418481885433e-01,1.326260365026496121e-02,-3.988456958937206531e-01,0.000000000000000000e+00,3.700701476925959965e-01,-7.686901621581559985e-02,4.730218994152607381e-01,1.000000000000000000e+00
3.157741874096394175e-01,6.355017482810154661e-01,-7.045601020486208510e-01,0.000000000000000000e+00,2.374260559689124750e-01,-7.718541434533024992e-01,-5.897887724280819199e-01,0.000000000000000000e+00,-9.186471168763655770e-01,1.895950916365078676e-02,-3.946238863361091198e-01,0.000000000000000000e+00,3.708250275747733693e-01,-7.924197815744535300e-02,4.701713703091570662e-01,1.000000000000000000e+00
3.061976805842410165e-01,6.778390093098515257e-01,-6.683995846526824547e-01,0.000000000000000000e+00,2.453384761566679562e-01,-7.345966917751366454e-01,-6.325800182201120059e-01,0.000000000000000000e+00,-9.198092457075416339e-01,2.971097082875284734e-02,-3.912393253794105852e-01,0.000000000000000000e+00,3.729754413458934992e-01,-8.409045553582272792e-02,4.638426981657151060e-01,1.000000000000000000e+00
2.993314875888185012e-01,7.190846226057264756e-01,-6.271353226944351711e-01,0.000000000000000000e+00,2.572173066992135548e-01,-6.937535494920008539e-01,-6.727005400643446542e-01,0.000000000000000000e+00,-9.188236603126171964e-01,4.005116582890943383e-02,-3.926308512654972938e-01,0.000000000000000000e+00,3.756606397575972811e-01,-8.914015502297947813e-02,4.568850844798701960e-01,1.000000000000000000e+00
2.950095457005114663e-01,7.402769198920255977e-01,-6.041028031071877802e-01,0.000000000000000000e+00,2.636487111837911290e-01,-6.707642621628040480e-01,-6.932138260288258635e-01,0.000000000000000000e+00,-9.183984489719284605e-01,4.523464133537016818e-02,-3.930624837722580533e-01,0.000000000000000000e+00,3.767729287782246583e-01,-9.172509599206142561e-02,4.536414685888352505e-01,1.000000000000000000e+00
2.899605606741895159e-01,7.628697232603880440e-01,-5.778697132462792263e-01,0.000000000000000000e+00,2.710696775375742718e-01,-6.445506980595393509e-01,-7.148820703107922059e-01,0.000000000000000000e+00,-9.178458855796728377e-01,5.064562418004894123e-02,-3.936927114843239428e-01,0.000000000000000000e+00,3.777647957287170177e-01,-9.442166245679352310e-02,4.505282653170286089e-01,1.000000000000000000e+00
2.856565094912580371e-01,7.843124782105622694e-01,-5.506678145757979426e-01,0.000000000000000000e+00,2.800690681518203662e-01,-6.178491848278921950e-01,-7.347138550301663962e-01,0.000000000000000000e+00,-9.164925500825678029e-01,5.565184508381168516e-02,-3.961619337870806445e-01,0.000000000000000000e+00,3.789919862350299984e-01,-9.736470939188267282e-02,4.471394295797737617e-01,1.000000000000000000e+00
2.743720486572148176e-01,8.202442218733320134e-01,-5.018965454157495731e-01,0.000000000000000000e+00,2.986922216482763015e-01,-5.688050123671385405e-01,-7.663057885296473692e-01,0.000000000000000000e+00,-9.140567643769459405e-01,6.034145666896303939e-02,-4.010724873433927362e-01,0.000000000000000000e+00,3.811449288545800673e-01,-1.044511269324843311e-01,4.403805766449064851e-01,1.000000000000000000e+00
2.518114986942781020e-01,8.550710051279085677e-01,-4.532386702567399173e-01,0.000000000000000000e+00,3.154658829700269784e-01,-5.152748648382030616e-01,-7.968399069130014389e-01,0.000000000000000000e+00,-9.149148096313337586e-01,5.767322425875287539e-02,-3.995055573091064183e-01,0.000000000000000000e+00,3.816984158817910977e-01,-1.132214841961591278e-01,4.348970929335819746e-01,1.000000000000000000e+00
2.371816048009054989e-01,8.707714270772538567e-01,-4.306770890483010983e-01,0.000000000000000000e+00,3.239812555756428902e-01,-4.888490768040751333e-01,-8.099651060660835178e-01,0.000000000000000000e+00,-9.158482015897745354e-01,5.257853193162739802e-02,-3.980672928346292716e-01,0.000000000000000000e+00,3.816443753699682584e-01,-1.185275232542318535e-01,4.325147420468764548e-01,1.000000000000000000e+00
2.036804155970565466e-01,8.968089916594378375e-01,-3.927195789392234349e-01,0.000000000000000000e+00,3.442612446641155621e-01,-4.411176940241645639e-01,-8.287823130004197125e-01,0.000000000000000000e+00,-9.165126311951264926e-01,3.360924198388703238e-02,-3.985912890581712609e-01,0.000000000000000000e+00,3.819928221103238708e-01,-1.307198403571705192e-01,4.273475298220208440e-01,1.000000000000000000e+00
1.663199083961488245e-01,9.146533185267081700e-01,-3.684124616247190787e-01,0.000000000000000000e+00,3.602431368982683679e-01,-4.041527136275313570e-01,-8.407533605561184897e-01,0.000000000000000000e+00,-9.179104200149632575e-01,7.116098070285335232e-03,-3.967238611127495429e-01,0.000000000000000000e+00,3.820631763817412541e-01,-1.428760873649437824e-01,4.229593219292414052e-01,1.000000000000000000e+00
1.464842836679041138e-01,9.204666664375932283e-01,-3.623040401607106609e-01,0.000000000000000000e+00,3.626778627215340167e-01,-3.907250745935562097e-01,-8.460374878672980437e-01,0.000000000000000000e+00,-9.203282984274384626e-01,-7.468603368187570583e-03,-3.910754953680742330e-01,0.000000000000000000e+00,3.815655865464052110e-01,-1.485439576468645106e-01,4.216886870955119937e-01,1.000000000000000000e+00
1.053643449542828320e-01,9.313573619941462045e-01,-3.485004533323709519e-01,0.000000000000000000e+00,3.613457017879546651e-01,-3.623541367008160652e-01,-8.591329992011627059e-01,0.000000000000000000e+00,-9.264582618376496770e-01,-3.540783690394900401e-02,-3.747284005230243076e-01,0.000000000000000000e+00,3.802714069638851724e-01,-1.582412177706370715e-01,4.202103834140880068e-01,1.000000000000000000e+00
8.425271027668472523e-02,9.389213639259944566e-01,-3.336298848658368899e-01,0.000000000000000000e+00,3.610485722923390539e-01,-3.408340483178534108e-01,-8.680189092722204736e-01,0.000000000000000000e+00,-9.287318034712329640e-01,-4.732455907168257175e-02,-3.677194900052783155e-01,0.000000000000000000e+00,3.799351766504771577e-01,-1.620385360506408912e-01,4.193700141975233442e-01,1.000000000000000000e+00
6.389406020299175093e-02,9.473692532945645617e-01,-3.136714744507124175e-01,0.000000000000000000e+00,3.626109289002927838e-01,-3.148700931330835062e-01,-8.771264934965984361e-01,0.000000000000000000e+00,-9.297463380603376848e-01,-5.769864261665302169e-02,-3.636517750590366749e-01,0.000000000000000000e+00,3.800521658333708142e-01,-1.652179503294786966e-01,4.179031546120280938e-01,1.000000000000000000e+00
2.718046066572715400e-02,9.620901185874435324e-01,-2.713384845089358843e-01,0.000000000000000000e+00,3.696394958687490018e-01,-2.618724728279060998e-01,-8.914988491131677906e-01,0.000000000000000000e+00,-9.287761951954301987e-01,-7.606753575759273023e-02,-3.627513049488140795e-01,0.000000000000000000e+00,3.814959221913012399e-01,-1.706290719748394247e-01,4.137329409504671429e-01,1.000000000000000000e+00
-4.698221215613924973e-03,9.713692273021696799e-01,-2.374878899417886824e-01,0.000000000000000000e+00,3.686411277911713080e-01,-2.190813230437236858e-01,-9.033758020311773995e-01,0.000000000000000000e+00,-9.295585127996917052e-01,-9.179383025934402529e-02,-3.570642295273276923e-01,0.000000000000000000e+00,3.823626790353423233e-01,-1.756982455397365084e-01,4.112544355962784448e-01,1.000000000000000000e+00
-1.760784496334461338e-02,9.751978683640603052e-01,-2.205897283083419480e-01,0.000000000000000000e+00,3.651991291532801220e-01,-1.991071564275005146e-01,-9.093770852766462909e-01,0.000000000000000000e+00,-9.307615086847748076e-01,-9.657320674262469262e-02,-3.526423537952979026e-01,0.000000000000000000e+00,3.825272492392389756e-01,-1.774914184152264762e-01,4.104018744557944021e-01,1.000000000000000000e+00
-2.881332318356731939e-02,9.789493046044316360e-01,-2.020118766875530769e-01,0.000000000000000000e+00,3.616683618536417621e-01,-1.781930512523352550e-01,-9.151087254641898650e-01,0.000000000000000000e+00,-9.318601043214306268e-01,-9.943054231752347649e-02,-3.489273752924748062e-01,0.000000000000000000e+00,3.827108258929141638e-01,-1.787143343171296028e-01,4.093744120483596149e-01,1.000000000000000000e+00
-4.418109567837168183e-02,9.843498870479671092e-01,-1.705405451924012494e-01,0.000000000000000000e+00,3.538645150417450980e-01,-1.442195005825601672e-01,-9.241003124916666867e-01,0.000000000000000000e+00,-9.342512977114199035e-01,-1.011779596313236440e-01,-3.419613036724628019e-01,0.000000000000000000e+00,3.830901185097845829e-01,-1.801842456184113983e-01,4.065200616652901444e-01,1.000000000000000000e+00
-5.082168208796416370e-02,9.873185662864374379e-01,-1.503328047934051059e-01,0.000000000000000000e+00,3.452556700029220105e-01,-1.238771056056370834e-01,-9.302869083991301968e-01,0.000000000000000000e+00,-9.371303720346892963e-01,-9.918390834920716437e-02,-3.345881320888430266e-01,0.000000000000000000e+00,3.834986316579774845e-01,-1.811117254080095440e-01,4.025408575619995322e-01,1.000000000000000000e+00
-5.162102536544778408e-02,9.880107333816877668e-01,-1.454331714706363632e-01,0.000000000000000000e+00,3.409203218232327859e-01,-1.194444351755360595e-01,-9.324629257910197477e-01,0.000000000000000000e+00,-9.386726345410826289e-01,-9.771769733462105922e-02,-3.306734594601179467e-01,0.000000000000000000e+00,3.836962692945828923e-01,-1.815366181844347837e-01,4.003380362231867551e-01,1.000000000000000000e+00
-5.151060588067824658e-02,9.884518764549743430e-01,-1.424439971204611577e-01,0.000000000000000000e+00,3.365616965532968186e-01,-1.171071212423614588e-01,-9.343408871866315524e-01,0.000000000000000000e+00,-9.402503123614165403e-01,-9.607150820700775806e-02,-3.266490707396689785e-01,0.000000000000000000e+00,3.838581212800099562e-01,-1.820217209740465358e-01,3.980775546721032065e-01,1.000000000000000000e+00
-5.130651311602139886e-02,9.888909712129151375e-01,-1.394382862296479342e-01,0.000000000000000000e+00,3.321888382949366725e-01,-1.147727997510984421e-01,-9.361936375829323920e-01,0.000000000000000000e+00,-9.418152908786483479e-01,-9.435449007856708259e-02,-3.226161621326190665e-01,0.000000000000000000e+00,3.840020054294860929e-01,-1.825333828071448727e-01,3.957998118808224164e-01,1.000000000000000000e+00
-5.071507554010578483e-02,9.897963334156786308e-01,-1.330862365951056281e-01,0.000000000000000000e+00,3.234367130608383767e-01,-1.097980279446871960e-01,-9.398477709741439590e-01,0.000000000000000000e+00,-9.448886760388557349e-01,-9.071117209026957617e-02,-3.145741139247599794e-01,0.000000000000000000e+00,3.843333904115411315e-01,-1.837402429404159376e-01,3.908147088157266080e-01,1.000000000000000000e+00
-4.923565183422065616e-02,9.907142923157898906e-01,-1.266561822055736197e-01,0.000000000000000000e+00,3.145626986455213880e-01,-1.049750296980746650e-01,-9.434041014655086821e-01,0.000000000000000000e+00,-9.479579143670654462e-01,-8.629208774354588107e-02,-3.064791480373561527e-01,0.000000000000000000e+00,3.844772235781293568e-01,-1.852454901712392854e-01,3.857727559833725728e-01,1.000000000000000000e+00
