9.996651056713825589e-01,2.006638530831201389e-02,1.574050777104326476e-02,0.000000000000000000e+00,2.305161536594483446e-02,-9.749775198969617973e-01,-2.210615426205982947e-01,0.000000000000000000e+00,1.091094520696188688e-02,2.213546162567966435e-01,-9.751323423702534798e-01,0.000000000000000000e+00,6.228867439106714476e-01,2.954632204491317582e-01,2.863900142404285365e-02,1.000000000000000000e+00
9.996649728389719325e-01,2.007109860924227718e-02,1.574293430983870340e-02,0.000000000000000000e+00,2.305675217833911064e-02,-9.749773439274845854e-01,-2.210617830116785310e-01,0.000000000000000000e+00,1.091226152831830179e-02,2.213549640140362595e-01,-9.751322486999813854e-01,0.000000000000000000e+00,6.228872483363984136e-01,2.954638314395218179e-01,2.863956327216364908e-02,1.000000000000000000e+00
9.996649434284905489e-01,2.006759980569777085e-02,1.574926091471564107e-02,0.000000000000000000e+00,2.305476014777954608e-02,-9.749769922518585208e-01,-2.210635418047404988e-01,0.000000000000000000e+00,1.091916257596737758e-02,2.213568302501521812e-01,-9.751317478116713344e-01,0.000000000000000000e+00,6.228906152137404506e-01,2.954612209865472017e-01,2.864205097497343408e-02,1.000000000000000000e+00
9.996649240858065388e-01,2.006730458912959689e-02,1.575086474624352514e-02,0.000000000000000000e+00,2.305487378463205728e-02,-9.749760485139973287e-01,-2.210676921669348649e-01,0.000000000000000000e+00,1.092069341463035824e-02,2.213610137920738463e-01,-9.751307809869858012e-01,0.000000000000000000e+00,6.228897489273915733e-01,2.954664935420807104e-01,2.864557655450806345e-02,1.000000000000000000e+00
9.996650211540567543e-01,2.006648516173053023e-02,1.574574722018370551e-02,0.000000000000000000e+00,2.305290266881203712e-02,-9.749768831537015679e-01,-2.210642166784223261e-01,0.000000000000000000e+00,1.091596789010174963e-02,2.213574118364729781e-01,-9.751316515579219191e-01,0.000000000000000000e+00,6.228886493253918966e-01,2.954641578852290063e-01,2.864092513539584495e-02,1.000000000000000000e+00
9.996647595167739153e-01,2.006920438074303453e-02,1.575888692143303724e-02,0.000000000000000000e+00,2.305849886426030240e-02,-9.749760417702266757e-01,-2.210673438239951216e-01,0.000000000000000000e+00,1.092810188807696002e-02,2.213608712597288086e-01,-9.751307303455559738e-01,0.000000000000000000e+00,6.228921795009234597e-01,2.954659528596376705e-01,2.864802846210818058e-02,1.000000000000000000e+00
9.996649985005264805e-01,2.006576916795317286e-02,1.574809772160611077e-02,0.000000000000000000e+00,2.305273631700005196e-02,-9.749766528575939395e-01,-2.210652497162551577e-01,0.000000000000000000e+00,1.091839354653311063e-02,2.213584911072869199e-01,-9.751313794033439342e-01,0.000000000000000000e+00,6.228898094769942384e-01,2.954645614564523348e-01,2.864300801515665823e-02,1.000000000000000000e+00
9.996648813437770675e-01,2.005255468851348255e-02,1.577234794202414525e-02,0.000000000000000000e+00,2.304513745919829423e-02,-9.749784419896648791e-01,-2.210581511641242225e-01,0.000000000000000000e+00,1.094512928512854366e-02,2.213518080881661243e-01,-9.751325967277635343e-01,0.000000000000000000e+00,6.229011361557200699e-01,2.954571682204682470e-01,2.865432649004775664e-02,1.000000000000000000e+00
9.996655840772377122e-01,1.998441033917255222e-02,1.581424219238141554e-02,0.000000000000000000e+00,2.298761655151951300e-02,-9.749865190332691611e-01,-2.210285142009448811e-01,0.000000000000000000e+00,1.100176023982641325e-02,2.213223916238536426e-01,-9.751386364192135003e-01,0.000000000000000000e+00,6.229377676622688265e-01,2.954080651343393704e-01,2.866740099257908750e-02,1.000000000000000000e+00
9.996717140770247090e-01,1.939880762921432009e-02,1.615231370659342414e-02,0.000000000000000000e+00,2.249024859214238115e-02,-9.750185069745500588e-01,-2.209385586007815150e-01,0.000000000000000000e+00,1.146308089804376658e-02,2.212335565642706003e-01,-9.751534808563463441e-01,0.000000000000000000e+00,6.232401065190479317e-01,2.950670953282333309e-01,2.878915039145324081e-02,1.000000000000000000e+00
9.996251342295948694e-01,1.743484072666356272e-02,2.064858945566287046e-02,0.000000000000000000e+00,2.156548302666221398e-02,-9.750980775940447653e-01,-2.206794415332639647e-01,0.000000000000000000e+00,1.628720254758377409e-02,2.210462689954861837e-01,-9.751273116861967072e-01,0.000000000000000000e+00,6.255874393619454965e-01,2.942842779325886560e-01,3.110335252162361661e-02,1.000000000000000000e+00
9.995485353909135950e-01,1.598381128019940936e-02,2.505973016707155679e-02,0.000000000000000000e+00,2.111417338766906002e-02,-9.752288095869258155e-01,-2.201447422379902708e-01,0.000000000000000000e+00,2.092062159193669099e-02,2.205787169896187006e-01,-9.751447878153380877e-01,0.000000000000000000e+00,6.277207922093354098e-01,2.936410928546621113e-01,3.351295462565206246e-02,1.000000000000000000e+00
9.994129649710759011e-01,1.440263055559306248e-02,3.077395947892629796e-02,0.000000000000000000e+00,2.081522368635479320e-02,-9.753799436927443889e-01,-2.195027079697063344e-01,0.000000000000000000e+00,2.685540350465471029e-02,2.200186550823553799e-01,-9.751259296718314262e-01,0.000000000000000000e+00,6.302517027476552958e-01,2.928821975196723160e-01,3.672664972910227865e-02,1.000000000000000000e+00
9.992364376725024755e-01,1.309697549415038409e-02,3.654801994200142234e-02,0.000000000000000000e+00,2.075796401638599353e-02,-9.757467579190505225e-01,-2.178717931297310673e-01,0.000000000000000000e+00,3.280878210200505185e-02,2.184683031109217743e-01,-9.752923583996839785e-01,0.000000000000000000e+00,6.326838285426700237e-01,2.917946777797058577e-01,4.031101123009592224e-02,1.000000000000000000e+00
9.988327190686107082e-01,1.192336777768672473e-02,4.660235530584432712e-02,0.000000000000000000e+00,2.149173717571720849e-02,-9.773302345082101050e-01,-2.105812547462504458e-01,0.000000000000000000e+00,4.303588166635092388e-02,2.113410818058063523e-01,-9.764644694152221360e-01,0.000000000000000000e+00,6.366828205377343952e-01,2.885720426357745172e-01,4.819099738150416090e-02,1.000000000000000000e+00
9.986281072009652870e-01,1.315709667389030474e-02,5.049298185430819985e-02,0.000000000000000000e+00,2.282229831771131687e-02,-9.803447984977153862e-01,-1.959182626994720178e-01,0.000000000000000000e+00,4.692372002601011977e-02,1.968056388589126959e-01,-9.793190006388396984e-01,0.000000000000000000e+00,6.389184201505070382e-01,2.838749214055994452e-01,5.622700069064481138e-02,1.000000000000000000e+00
9.986319502483446131e-01,1.441110506969155852e-02,5.007289581266968770e-02,0.000000000000000000e+00,2.350483379231598294e-02,-9.822440161133251246e-01,-1.860778398927972199e-01,0.000000000000000000e+00,4.650311030860129757e-02,1.870038316469651574e-01,-9.812578803153528817e-01,0.000000000000000000e+00,6.395574447155735198e-01,2.810739880246899136e-01,6.062261257232710171e-02,1.000000000000000000e+00
9.986922175914541011e-01,1.599736211044983786e-02,4.835996101093199134e-02,0.000000000000000000e+00,2.423830248371493939e-02,-9.842678990530078220e-01,-1.749570075409792314e-01,0.000000000000000000e+00,4.480116918045785879e-02,1.759037518996620919e-01,-9.833873729653468398e-01,0.000000000000000000e+00,6.398956927949129847e-01,2.781064123199271654e-01,6.518124813505146720e-02,1.000000000000000000e+00
9.987610485855349385e-01,1.785640673977826817e-02,4.624136100802551247e-02,0.000000000000000000e+00,2.515939766352627213e-02,-9.863747786529009076e-01,-1.625193762228296090e-01,0.000000000000000000e+00,4.271012244617704290e-02,1.634845749865570241e-01,-9.856209409210506811e-01,0.000000000000000000e+00,6.401654302316270861e-01,2.749882377628242724e-01,7.035563568681171831e-02,1.000000000000000000e+00
9.989606952915210947e-01,2.239504235552674388e-02,3.945552232302940859e-02,0.000000000000000000e+00,2.750039529726944210e-02,-9.905882183048199119e-01,-1.340128983172314825e-01,0.000000000000000000e+00,3.608364574825071586e-02,1.349612589640089011e-01,-9.901936321186702861e-01,0.000000000000000000e+00,6.397231130088910644e-01,2.682963762547579956e-01,8.153007448427718185e-02,1.000000000000000000e+00
9.991744460355616031e-01,2.809776506314824382e-02,2.901187496858397691e-02,0.000000000000000000e+00,3.087405860360890875e-02,-9.944825189334891569e-01,-1.001601664448070750e-01,0.000000000000000000e+00,2.603802698499458820e-02,1.009751372345930737e-01,-9.945481601265891980e-01,0.000000000000000000e+00,6.377792643147195406e-01,2.612341810640325668e-01,9.365502731658867375e-02,1.000000000000000000e+00
9.992618024270558674e-01,3.088320865295628159e-02,2.242374934612046539e-02,0.000000000000000000e+00,3.261005678773561817e-02,-9.961515749122297203e-01,-8.123651209519928973e-02,0.000000000000000000e+00,1.982899084282003024e-02,8.190936024771194868e-02,-9.964425060313144566e-01,0.000000000000000000e+00,6.363825507988746244e-01,2.574355003066211567e-01,1.001527287196028876e-01,1.000000000000000000e+00
9.993186744769638752e-01,3.329321990751146071e-02,1.531323777004398035e-02,0.000000000000000000e+00,3.417800674830789864e-02,-9.975001285589450983e-01,-6.169363241704052536e-02,0.000000000000000000e+00,1.322123152299552011e-02,6.217617199849104215e-02,-9.979776163184369553e-01,0.000000000000000000e+00,6.347936763015870065e-01,2.534971447752399354e-01,1.067541959864209133e-01,1.000000000000000000e+00
9.992858823126964385e-01,3.751261211138008644e-02,-1.129709841335655015e-03,0.000000000000000000e+00,3.750727437140845971e-02,-9.992769276318043126e-01,-4.424157906106897589e-03,0.000000000000000000e+00,-1.294879629262122309e-03,4.378710503461587591e-03,-9.999895750361965652e-01,0.000000000000000000e+00,6.302881383593080811e-01,2.415769957081860264e-01,1.285094517515452950e-01,1.000000000000000000e+00
9.992700878748520532e-01,3.771293165243888579e-02,-4.215823285193679056e-03,0.000000000000000000e+00,3.776558517160064077e-02,-9.991898271998016501e-01,1.319835968162019410e-02,0.000000000000000000e+00,-3.714730423312164690e-03,-1.334819606633957066e-02,-9.999040086126550486e-01,0.000000000000000000e+00,6.290832635730263522e-01,2.376259980858780596e-01,1.362154277507456601e-01,1.000000000000000000e+00
9.992731701859739468e-01,3.754347014447274172e-02,-4.936202709848834004e-03,0.000000000000000000e+00,3.767257687444464098e-02,-9.988490393064629602e-01,2.936188906394184700e-02,0.000000000000000000e+00,-3.828247834730763143e-03,-2.952707593133856862e-02,-9.995566498730629190e-01,0.000000000000000000e+00,6.282446709512706784e-01,2.339380103164650782e-01,1.442802231606643837e-01,1.000000000000000000e+00
9.992956084912359982e-01,3.695469958127656218e-02,-4.835693352152719594e-03,0.000000000000000000e+00,3.713420735081794655e-02,-9.983003656373194978e-01,4.470097889340885616e-02,0.000000000000000000e+00,-3.175624336178067744e-03,-4.484992504310439387e-02,-9.989886884413174961e-01,0.000000000000000000e+00,6.273964337672478520e-01,2.302265084463512301e-01,1.521275068698927369e-01,1.000000000000000000e+00
9.994147142994284083e-01,3.392357874157394398e-02,4.081033746697389111e-04,0.000000000000000000e+00,3.376380243640738493e-02,-9.957386199597715315e-01,8.570503641474853940e-02,0.000000000000000000e+00,3.313849644334350853e-03,-8.564274424896792248e-02,-9.963203996496511339e-01,0.000000000000000000e+00,6.247516729281912262e-01,2.195229459630179403e-01,1.749797698597529705e-01,1.000000000000000000e+00
9.994596208528844228e-01,3.252518851837456204e-02,1.823539870980952831e-03,0.000000000000000000e+00,3.218659076015297632e-02,-9.945879719678889508e-01,9.868908902836451280e-02,0.000000000000000000e+00,5.023648768241539310e-03,-9.857896392157479426e-02,-9.951165513773764237e-01,0.000000000000000000e+00,6.234242760190097377e-01,2.158412536081274480e-01,1.818894984805105308e-01,1.000000000000000000e+00
9.995070817883496828e-01,3.100780702868504574e-02,2.203692223821599860e-03,0.000000000000000000e+00,3.056318499873541053e-02,-9.931709540497712929e-01,1.125081981715476409e-01,0.000000000000000000e+00,5.677384913665974205e-03,-1.123875527872487817e-01,-9.936482301494001801e-01,0.000000000000000000e+00,6.215891505755366531e-01,2.119390842889642690e-01,1.886830595333573168e-01,1.000000000000000000e+00
9.995587424558749490e-01,2.934915201521181433e-02,1.301751599347511805e-03,0.000000000000000000e+00,2.894616138963448937e-02,-9.914677993036801196e-01,1.270215319775786222e-01,0.000000000000000000e+00,5.018715670488779063e-03,-1.269302458570063796e-01,-9.918989490768193029e-01,0.000000000000000000e+00,6.192608954939505805e-01,2.078947319474316047e-01,1.951334607233108365e-01,1.000000000000000000e+00
9.997046794993614816e-01,2.280972508627668316e-02,-7.142627652037113022e-03,0.000000000000000000e+00,2.370406525652375349e-02,-9.844958204998933704e-01,1.737436145870238369e-01,0.000000000000000000e+00,-3.068902072466329033e-03,-1.738649612870241667e-01,-9.847647216857086105e-01,0.000000000000000000e+00,6.097492706557348097e-01,1.948916826354741838e-01,2.128181466448130221e-01,1.000000000000000000e+00
9.997428109121719864e-01,2.031155498591534492e-02,-9.082932604140761881e-03,0.000000000000000000e+00,2.165698909552627241e-02,-9.819389539599034933e-01,1.879031996019626949e-01,0.000000000000000000e+00,-5.102377406029783534e-03,-1.880552025672136418e-01,-9.821452064395623793e-01,0.000000000000000000e+00,6.065089976993086607e-01,1.907540192560671644e-01,2.184652469222612414e-01,1.000000000000000000e+00
9.997776861427827289e-01,1.851085834403995434e-02,-9.092486764284507528e-03,0.000000000000000000e+00,1.996123982116506865e-02,-9.793747335539183529e-01,2.010159871308795365e-01,0.000000000000000000e+00,-5.184073148919069764e-03,-2.011566686895056855e-01,-9.795453639456046524e-01,0.000000000000000000e+00,6.036241894740143055e-01,1.868570539101207795e-01,2.243603056767093096e-01,1.000000000000000000e+00
9.998299289311519678e-01,1.667930546971186159e-02,-6.531529972670066346e-03,0.000000000000000000e+00,1.768722005328108443e-02,-9.769364859329683348e-01,2.127510554637463414e-01,0.000000000000000000e+00,-2.832404628748885159e-03,-2.128344949958146937e-01,-9.770841597446434657e-01,0.000000000000000000e+00,6.011878165379648253e-01,1.832468153001435285e-01,2.305991161397628886e-01,1.000000000000000000e+00
9.999185829861204633e-01,1.196647356170305217e-02,-6.146631063504569715e-04,0.000000000000000000e+00,1.177571897547691031e-02,-9.719066661180998379e-01,2.350308739272768399e-01,0.000000000000000000e+00,2.215138216830802188e-03,-2.350235014460488325e-01,-9.719871639742571068e-01,0.000000000000000000e+00,5.962428088613631605e-01,1.759232826775801728e-01,2.427588886867236839e-01,1.000000000000000000e+00
9.999726433096547407e-01,4.169731856976524771e-03,4.251219795714019506e-03,0.000000000000000000e+00,2.939824653742695131e-03,-9.665303948804833123e-01,2.564977584782969777e-01,0.000000000000000000e+00,5.178559725967313287e-03,-2.564831818038178501e-01,-9.665348208786654904e-01,0.000000000000000000e+00,5.904444303700847607e-01,1.683272242591034029e-01,2.549438402864319109e-01,1.000000000000000000e+00
9.999833494268446366e-01,-1.331271286174424626e-03,3.503639113806395963e-03,0.000000000000000000e+00,-2.219732711084582578e-03,-9.635690410137257578e-01,2.674145151030298817e-01,0.000000000000000000e+00,3.020055060904094490e-03,-2.674229883616461856e-01,-9.635745038984562250e-01,0.000000000000000000e+00,5.866742646714161458e-01,1.641285791235470026e-01,2.606665150518250318e-01,1.000000000000000000e+00
9.997974064303782882e-01,-1.899457509475080408e-02,-5.009901522678794107e-03,0.000000000000000000e+00,-1.675968398569074175e-02,-9.578193162185207887e-01,2.868484222940632655e-01,0.000000000000000000e+00,-1.024734164193074649e-02,-2.867118643737803785e-01,-9.579620549983096645e-01,0.000000000000000000e+00,5.770725995431553734e-01,1.554611834453598629e-01,2.716127232543462666e-01,1.000000000000000000e+00
9.994884610712989614e-01,-2.957260230975061743e-02,-1.135888547193536838e-02,0.000000000000000000e+00,-2.490956883108238346e-02,-9.551783898381440707e-01,2.949483071117180999e-01,0.000000000000000000e+00,-1.957252775539876713e-02,-2.945201550568097848e-01,-9.554448149540489821e-01,0.000000000000000000e+00,5.716136974703268647e-01,1.513046038387324821e-01,2.770954438214850435e-01,1.000000000000000000e+00
9.989916202947145552e-01,-4.040890417974687260e-02,-1.906855907353425389e-02,0.000000000000000000e+00,-3.276150741987932102e-02,-9.526174327201758496e-01,3.023697362673823941e-01,0.000000000000000000e+00,-3.038405647722822525e-02,-3.014459217903765476e-01,-9.529990374328499714e-01,0.000000000000000000e+00,5.658563513671620582e-01,1.471806679800049256e-01,2.825376676719014712e-01,1.000000000000000000e+00
9.976532981411468937e-01,-5.992659881920719273e-02,-3.282447811103584440e-02,0.000000000000000000e+00,-4.677311722754728951e-02,-9.491641415097505918e-01,3.112562527533940804e-01,0.000000000000000000e+00,-4.980930515896223737e-02,-3.089964731034804402e-01,-9.497579758702694441e-01,0.000000000000000000e+00,5.547214146218502062e-01,1.400787613439259671e-01,2.941393992725711004e-01,1.000000000000000000e+00
9.966820954602911842e-01,-6.663185782195923945e-02,-4.653754412606989771e-02,0.000000000000000000e+00,-4.858413557232413305e-02,-9.474791975158344259e-01,3.160751476257648296e-01,0.000000000000000000e+00,-6.515528370169509920e-02,-3.127714759256693955e-01,-9.475910472630216796e-01,0.000000000000000000e+00,5.442822969289994317e-01,1.336795267103360607e-01,3.065392018360559856e-01,1.000000000000000000e+00
9.963772190743986901e-01,-6.571652896076347894e-02,-5.380076237494701985e-02,0.000000000000000000e+00,-4.532799405024676848e-02,-9.471693554527544912e-01,3.174843806359655685e-01,0.000000000000000000e+00,-7.182378774667980137e-02,-3.139015672186754036e-01,-9.467349943946190560e-01,0.000000000000000000e+00,5.392684928325628402e-01,1.305032458495377634e-01,3.129380486766146219e-01,1.000000000000000000e+00
9.961109967431756029e-01,-6.325067680759992317e-02,-6.117990643917413374e-02,0.000000000000000000e+00,-4.056882967937008172e-02,-9.470265216854102386e-01,3.185524826211342808e-01,0.000000000000000000e+00,-7.808915757492314313e-02,-3.148376953758730279e-01,-9.459277504332177511e-01,0.000000000000000000e+00,5.344472769883980012e-01,1.271051432180343721e-01,3.193909205571988652e-01,1.000000000000000000e+00
9.954078810724996673e-01,-5.719968046181669874e-02,-7.662958798682577288e-02,0.000000000000000000e+00,-2.972170568063178114e-02,-9.467365000887220106e-01,3.206046888496788538e-01,0.000000000000000000e+00,-9.088826357136753353e-02,-3.168609724848008846e-01,-9.441072225446471844e-01,0.000000000000000000e+00,5.251547521024821918e-01,1.189891497636128420e-01,3.322977964830280961e-01,1.000000000000000000e+00
9.936421776879610368e-01,-5.275789178892422576e-02,-9.936082968012470429e-02,0.000000000000000000e+00,-1.826303190326943743e-02,-9.471403643782421167e-01,3.202691660656067363e-01,0.000000000000000000e+00,-1.110075156734419560e-01,-3.164244137638516086e-01,-9.421002716474575767e-01,0.000000000000000000e+00,5.147753442411945324e-01,1.096956392018226950e-01,3.441851887913897623e-01,1.000000000000000000e+00
9.921056978245872404e-01,-5.417134268465383790e-02,-1.130154718476134301e-01,0.000000000000000000e+00,-1.534479571881336435e-02,-9.474707749535670187e-01,3.194439148809120610e-01,0.000000000000000000e+00,-1.243859572898665805e-01,-3.151939972213454455e-01,-9.408405166364349759e-01,0.000000000000000000e+00,5.089765398193476509e-01,1.049072833856459913e-01,3.497567137277018956e-01,1.000000000000000000e+00
9.901900082524441871e-01,-5.562288337482212963e-02,-1.281038223602394277e-01,0.000000000000000000e+00,-1.220485315203793768e-02,-9.482110121115862045e-01,3.173762199205654166e-01,0.000000000000000000e+00,-1.391255141194166489e-01,-3.127052940280713456e-01,-9.396060293590209334e-01,0.000000000000000000e+00,5.030576824889515519e-01,9.992250139308048174e-02,3.549683020715030946e-01,1.000000000000000000e+00
9.880880823410802538e-01,-5.727718487726707330e-02,-1.427655859416767925e-01,0.000000000000000000e+00,-9.510452674441989204e-03,-9.490550798627996887e-01,3.149361103108856419e-01,0.000000000000000000e+00,-1.535340143878882735e-01,-3.098328171902428041e-01,-9.383128112830482204e-01,0.000000000000000000e+00,4.974516238857701333e-01,9.475276054389619729e-02,3.599343026316421668e-01,1.000000000000000000e+00
9.835249044386689121e-01,-5.528460442863420560e-02,-1.720555775419244371e-01,0.000000000000000000e+00,4.472089433052935147e-04,-9.513025195986030136e-01,3.082272913139245674e-01,0.000000000000000000e+00,-1.807206077327396243e-01,-3.032320001835959178e-01,-9.356230095531880009e-01,0.000000000000000000e+00,4.867896532713620883e-01,8.442201443380577264e-02,3.693002615265000843e-01,1.000000000000000000e+00
9.782300476899762343e-01,-4.973091136463909934e-02,-2.014287892842470118e-01,0.000000000000000000e+00,1.221005767855002679e-02,-9.553576972484796315e-01,2.951666168467855234e-01,0.000000000000000000e+00,-2.071194368413345199e-01,-2.912059174260980265e-01,-9.339703702680043351e-01,0.000000000000000000e+00,4.768436181794283302e-01,7.469772265115059984e-02,3.777330354261074774e-01,1.000000000000000000e+00
9.750436314525111614e-01,-4.719824506957544935e-02,-2.168939587159131044e-01,0.000000000000000000e+00,1.752932621744422714e-02,-9.576979959488959304e-01,2.872072738964651650e-01,0.000000000000000000e+00,-2.212788491983268546e-01,-2.838470932126369028e-01,-9.329879412790931248e-01,0.000000000000000000e+00,4.718063179941016094e-01,6.981202691534092730e-02,3.814916818248053620e-01,1.000000000000000000e+00
9.714539022642288968e-01,-4.559664633416328494e-02,-2.327638471066486858e-01,0.000000000000000000e+00,2.175445158642043061e-02,-9.600739653027365872e-01,2.788646121064166095e-01,0.000000000000000000e+00,-2.361903481602367072e-01,-2.759730788140796753e-01,-9.316936080095344908e-01,0.000000000000000000e+00,4.666005466798011092e-01,6.465313130064039016e-02,3.852639140620617297e-01,1.000000000000000000e+00
9.671352554582934857e-01,-4.573015155719856173e-02,-2.500777834782311193e-01,0.000000000000000000e+00,2.439732097793665885e-02,-9.624433137617974809e-01,2.703486368109116467e-01,0.000000000000000000e+00,-2.530536468305011333e-01,-2.675700774310263430e-01,-9.297150668292616382e-01,0.000000000000000000e+00,4.610291553095590689e-01,5.958973789448579472e-02,3.886996244301320069e-01,1.000000000000000000e+00
9.561187835173442506e-01,-4.786333202456351937e-02,-2.890098962908161928e-01,0.000000000000000000e+00,2.745955855438082793e-02,-9.675659885687958317e-01,2.510832079413024553e-01,0.000000000000000000e+00,-2.916594403062935936e-01,-2.480062303969184367e-01,-9.238114962288193066e-01,0.000000000000000000e+00,4.487601129470722983e-01,4.999209741910246030e-02,3.952663161420246762e-01,1.000000000000000000e+00
9.422494229095527141e-01,-4.819422248398024661e-02,-3.313971768844561905e-01,0.000000000000000000e+00,3.074879648555175343e-02,-9.729494855267803999e-01,2.289204163657573843e-01,0.000000000000000000e+00,-3.334717745972363701e-01,-2.258945437307229298e-01,-9.152967992185149226e-01,0.000000000000000000e+00,4.359812654684162014e-01,4.150013837930371929e-02,4.013105506772260966e-01,1.000000000000000000e+00
9.347598508001871975e-01,-4.606184133602903019e-02,-3.522542760648259552e-01,0.000000000000000000e+00,3.371495171010583519e-02,-9.755712483967385884e-01,2.170363753706332499e-01,0.000000000000000000e+00,-3.536530478571890401e-01,-2.147572605096232379e-01,-9.103893896568228117e-01,0.000000000000000000e+00,4.298921216066863837e-01,3.767216868316614758e-02,4.041403772756223534e-01,1.000000000000000000e+00
9.193086831478760601e-01,-3.950346761433722043e-02,-3.915249264562471465e-01,0.000000000000000000e+00,4.103266883502124790e-02,-9.798922775979294064e-01,1.952131944655032258e-01,0.000000000000000000e+00,-3.913713851389755138e-01,-1.955302619485573268e-01,-8.992198594096597608e-01,0.000000000000000000e+00,4.184272662638496842e-01,3.026926943325950956e-02,4.095834811103529205e-01,1.000000000000000000e+00
9.054161495194315012e-01,-2.368455246300513184e-02,-4.238412262454441248e-01,0.000000000000000000e+00,5.388860383748492883e-02,-9.839422709293124125e-01,1.701010662991927214e-01,0.000000000000000000e+00,-4.210721732383329585e-01,-1.768558694324252056e-01,-8.896180227331551560e-01,0.000000000000000000e+00,4.088940078425986058e-01,2.338914353957116318e-02,4.146180750060464160e-01,1.000000000000000000e+00
8.996158471510334875e-01,-1.244018772583689245e-02,-4.364828933478177575e-01,0.000000000000000000e+00,6.188842941093999905e-02,-9.858613196923675659e-01,1.556535497207791607e-01,0.000000000000000000e+00,-4.322562829106599835e-01,-1.670448568592952099e-01,-8.861436236192850036e-01,0.000000000000000000e+00,4.051528262662293378e-01,2.031262155217956888e-02,4.168347207289295753e-01,1.000000000000000000e+00
8.905482469078070951e-01,1.275055181153065230e-02,-4.546888939254415951e-01,0.000000000000000000e+00,7.705951923073020571e-02,-9.893778027691313426e-01,1.231833624515215747e-01,0.000000000000000000e+00,-4.482970740780786167e-01,-1.447416217696017027e-01,-8.820882021093691128e-01,0.000000000000000000e+00,3.991831167917398449e-01,1.519482820004646080e-02,4.209593826648933557e-01,1.000000000000000000e+00
8.870056732813177414e-01,2.525585103145401578e-02,-4.610464450103065603e-01,0.000000000000000000e+00,8.310875257041018538e-02,-9.909187970376618360e-01,1.056106993861493232e-01,0.000000000000000000e+00,-4.542010453546768134e-01,-1.319968257844781057e-01,-8.810665402689749071e-01,0.000000000000000000e+00,3.968067835402872001e-01,1.284474965420892220e-02,4.227297089781817396e-01,1.000000000000000000e+00
8.835876771623053516e-01,3.790239461863108977e-02,-4.667086587479425397e-01,0.000000000000000000e+00,8.837285831241478706e-02,-9.922952926584266420e-01,8.672391240499756349e-02,0.000000000000000000e+00,-4.598346144089245358e-01,-1.178748279447755787e-01,-8.801463811937110249e-01,0.000000000000000000e+00,3.946191906991949883e-01,1.099843737893045452e-02,4.241878247873097640e-01,1.000000000000000000e+00
8.762673878441041841e-01,6.089467546026543221e-02,-4.779414717333780871e-01,0.000000000000000000e+00,9.565614890036151785e-02,-9.942124901931808090e-01,4.870495275261688822e-02,0.000000000000000000e+00,-4.722186001588175031e-01,-8.839830425067678188e-02,-8.770378175823727585e-01,0.000000000000000000e+00,3.903176233121246619e-01,7.770373425112008653e-03,4.263876058152549220e-01,1.000000000000000000e+00
8.658221083022122899e-01,8.157190607082619171e-02,-4.936383775764325299e-01,0.000000000000000000e+00,1.000351830586693885e-01,-9.949128405714223744e-01,1.105209110217358556e-02,0.000000000000000000e+00,-4.902350588563834100e-01,-5.895148528364509838e-02,-8.695943361423936757e-01,0.000000000000000000e+00,3.852134675871328739e-01,5.275963868453272670e-03,4.279413380425911018e-01,1.000000000000000000e+00
8.588870458324970869e-01,9.295685122804936418e-02,-5.036395667658575270e-01,0.000000000000000000e+00,1.029711360168780176e-01,-9.946426674875311624e-01,-7.978474910062318196e-03,0.000000000000000000e+00,-5.016927151849068789e-01,-4.500859614212449067e-02,-8.638742071642786513e-01,0.000000000000000000e+00,3.822840889565617961e-01,4.010399080001980296e-03,4.285609086220774078e-01,1.000000000000000000e+00
8.511715587784401960e-01,1.050644297985612180e-01,-5.142462348126546345e-01,0.000000000000000000e+00,1.063462111649274566e-01,-9.939514866091337941e-01,-2.704944619702659772e-02,0.000000000000000000e+00,-5.139876400710570170e-01,-3.166502904447116018e-02,-8.572129442500260321e-01,0.000000000000000000e+00,3.791581240521579854e-01,2.897901039875245503e-03,4.291882920983612903e-01,1.000000000000000000e+00
8.430838141586916024e-01,1.173135515300263998e-01,-5.248123091470442425e-01,0.000000000000000000e+00,1.100716049335235952e-01,-9.928892846560659624e-01,-4.512047322150742473e-02,0.000000000000000000e+00,-5.263838956891833121e-01,-1.972697230179668720e-02,-8.500181415257459516e-01,0.000000000000000000e+00,3.761121125234261342e-01,1.749962613867522658e-03,4.297516277202356738e-01,1.000000000000000000e+00
8.287745163876047982e-01,1.407510916845622906e-01,-5.415742590608456641e-01,0.000000000000000000e+00,1.168070821156102918e-01,-9.900335773682933382e-01,-7.855169095687793146e-02,0.000000000000000000e+00,-5.472434734970991199e-01,1.841966197951313113e-03,-8.369714379089380207e-01,0.000000000000000000e+00,3.712039117378681530e-01,-1.029247404101011395e-03,4.307828712738974164e-01,1.000000000000000000e+00
8.181812571355150387e-01,1.633125710671970710e-01,-5.512614456904986193e-01,0.000000000000000000e+00,1.250936537041826557e-01,-9.863962678637805404e-01,-1.065585634688821226e-01,0.000000000000000000e+00,-5.611753899808528123e-01,1.822526192261852973e-02,-8.274962365519796803e-01,0.000000000000000000e+00,3.681671982082921901e-01,-4.006892369108005190e-03,4.319771624720043501e-01,1.000000000000000000e+00
8.145904236468428650e-01,1.755992085599372143e-01,-5.528002410972601144e-01,0.000000000000000000e+00,1.314198169785103232e-01,-9.841530433714887893e-01,-1.189637164398437558e-01,0.000000000000000000e+00,-5.649408509685618363e-01,2.425826470942382684e-02,-8.247747398533762375e-01,0.000000000000000000e+00,3.675239315334210000e-01,-5.815075937091588633e-03,4.325481948866987669e-01,1.000000000000000000e+00
8.113204665873846588e-01,1.908358563875702796e-01,-5.525590677153523478e-01,0.000000000000000000e+00,1.407708511841377352e-01,-9.811703112473610933e-01,-1.321708541428791572e-01,0.000000000000000000e+00,-5.673884145778559374e-01,2.944927575046551310e-02,-8.229235244909455238e-01,0.000000000000000000e+00,3.671789992481068743e-01,-7.614328576834193327e-03,4.330632981354984867e-01,1.000000000000000000e+00
8.015930156034257736e-01,2.401084557215794335e-01,-5.475192359433709299e-01,0.000000000000000000e+00,1.738271147991469479e-01,-9.698376988455094105e-01,-1.708207216934160277e-01,0.000000000000000000e+00,-5.720313089273250107e-01,4.175581227748823010e-02,-8.191682572878044022e-01,0.000000000000000000e+00,3.668841622189429330e-01,-1.249049793992788350e-02,4.341464395441643198e-01,1.000000000000000000e+00
7.965958893108507910e-01,2.562886641181270075e-01,-5.474777225411175952e-01,0.000000000000000000e+00,1.844130471888148493e-01,-9.655262355768504667e-01,-1.836618178624523923e-01,0.000000000000000000e+00,-5.756856301890982408e-01,4.534308704572212467e-02,-8.164129222709209932e-01,0.000000000000000000e+00,3.662198698881073966e-01,-1.397355748668312192e-02,4.344395498991287519e-01,1.000000000000000000e+00
7.900202382950994862e-01,2.723856589277298124e-01,-5.492311196535287765e-01,0.000000000000000000e+00,1.942423190565649715e-01,-9.609256832184079888e-01,-1.971611009301066086e-01,0.000000000000000000e+00,-5.814853406843522032e-01,4.907827846873566435e-02,-8.120751942719025562e-01,0.000000000000000000e+00,3.650045057055616438e-01,-1.528546954967725108e-02,4.346505422631063431e-01,1.000000000000000000e+00
7.716403139259282451e-01,3.069413822948621196e-01,-5.570807487792255319e-01,0.000000000000000000e+00,2.136658468036986003e-01,-9.500387962068386205e-01,-2.274949197514696819e-01,0.000000000000000000e+00,-5.990874633839119445e-01,5.651620947979064946e-02,-7.986865025041217647e-01,0.000000000000000000e+00,3.611945602682088419e-01,-1.728605880927386318e-02,4.348966959074239691e-01,1.000000000000000000e+00
7.610234841881520218e-01,3.231100644284012335e-01,-5.625156794973880103e-01,0.000000000000000000e+00,2.215959735165259348e-01,-9.444443430674381856e-01,-2.426949819637532202e-01,0.000000000000000000e+00,-6.096936811394778610e-01,6.004652723422328892e-02,-7.903594307311720968e-01,0.000000000000000000e+00,3.589322312451571628e-01,-1.817103427297482934e-02,4.350981199934432775e-01,1.000000000000000000e+00
7.408758442131874178e-01,3.502594683264697029e-01,-5.730637270062237665e-01,0.000000000000000000e+00,2.323877231717715042e-01,-9.342228143374461391e-01,-2.705631648833036196e-01,0.000000000000000000e+00,-6.301486504334334882e-01,6.728203383224769241e-02,-7.735540099309928808e-01,0.000000000000000000e+00,3.548628993425830824e-01,-1.997118557561428781e-02,4.355443173785654709e-01,1.000000000000000000e+00
7.255691976878548832e-01,3.692299336983132507e-01,-5.806886793531886859e-01,0.000000000000000000e+00,2.375470671037744341e-01,-9.263701768877875553e-01,-2.922164149812473966e-01,0.000000000000000000e+00,-6.458401565625718765e-01,7.408376343046708945e-02,-7.598697836913976822e-01,0.000000000000000000e+00,3.524993959431769741e-01,-2.185426220608564091e-02,4.360696411575170073e-01,1.000000000000000000e+00
7.196498483889401943e-01,3.763415078360033972e-01,-5.834825722287745320e-01,0.000000000000000000e+00,2.389021247277487714e-01,-9.232566409734032087e-01,-3.008383230246506335e-01,0.000000000000000000e+00,-6.519346595668172872e-01,7.710451180798959248e-02,-7.543448110210274615e-01,0.000000000000000000e+00,3.518220479243111543e-01,-2.275770296969942610e-02,4.363257348840662853e-01,1.000000000000000000e+00
7.141951632375569403e-01,3.841109389614452696e-01,-5.851194769271012008e-01,0.000000000000000000e+00,2.411199934798183564e-01,-9.198068307983727765e-01,-3.095113724278222844e-01,0.000000000000000000e+00,-6.570962467321690426e-01,7.996906034561053478e-02,-7.495528479820062762e-01,0.000000000000000000e+00,3.513765008353387231e-01,-2.365665921924831397e-02,4.364647643482368333e-01,1.000000000000000000e+00
7.017529755469147368e-01,4.043919149011259151e-01,-5.865071929438380183e-01,0.000000000000000000e+00,2.489546630780047065e-01,-9.105667575707129258e-01,-3.299553040035633211e-01,0.000000000000000000e+00,-6.674980615946782825e-01,8.553506258483800639e-02,-7.396824256638485640e-01,0.000000000000000000e+00,3.502712978927788878e-01,-2.536635439847340426e-02,4.366203731643067409e-01,1.000000000000000000e+00
6.951471709277207145e-01,4.148471875212649262e-01,-5.870715192019547723e-01,0.000000000000000000e+00,2.528017043789493323e-01,-9.055819049336504278e-01,-3.405781241081813349e-01,0.000000000000000000e+00,-6.729421778309765401e-01,8.834093964391748210e-02,-7.344009148135182130e-01,0.000000000000000000e+00,3.496445565558373159e-01,-2.620760237856181729e-02,4.366272076843062400e-01,1.000000000000000000e+00
6.806333775661564944e-01,4.366514395731126430e-01,-5.882639480393327958e-01,0.000000000000000000e+00,2.597949452985848229e-01,-8.946359987007209691e-01,-3.634745701246203664e-01,0.000000000000000000e+00,-6.850069874541335757e-01,9.456674482419964722e-02,-7.223728662625470420e-01,0.000000000000000000e+00,3.479842444179213068e-01,-2.804659032833082752e-02,4.365710058137640681e-01,1.000000000000000000e+00
6.741775491009072141e-01,4.459431082717921768e-01,-5.887275459619626394e-01,0.000000000000000000e+00,2.618064747526787639e-01,-8.896617819000944838e-01,-3.740855924853721537e-01,0.000000000000000000e+00,-6.906025857066198093e-01,9.806931263581651625e-02,-7.165545886633268857e-01,0.000000000000000000e+00,3.472250264462651836e-01,-2.916075153399754621e-02,4.363839031441437144e-01,1.000000000000000000e+00
6.680846915940510389e-01,4.558518387209702372e-01,-5.880839165404887492e-01,0.000000000000000000e+00,2.642957650753538501e-01,-8.841954247765720920e-01,-3.851323749941299446e-01,0.000000000000000000e+00,-6.955578013249001934e-01,1.018749167280948859e-01,-7.112108311588867249e-01,0.000000000000000000e+00,3.466218724773250659e-01,-3.045884152483990109e-02,4.361266026907072435e-01,1.000000000000000000e+00
6.594041488059115830e-01,4.710305990902876050e-01,-5.859155998600856785e-01,0.000000000000000000e+00,2.660560303259985604e-01,-8.751455181135677774e-01,-4.041228250842981429e-01,0.000000000000000000e+00,-7.031291650311708441e-01,1.105960181989656538e-01,-7.024086403519693711e-01,0.000000000000000000e+00,3.461623106603149980e-01,-3.370419431275838151e-02,4.355562661478092346e-01,1.000000000000000000e+00
6.530901324684550424e-01,4.876068992970972737e-01,-5.793906605490071193e-01,0.000000000000000000e+00,2.703555670734175687e-01,-8.648128785029605137e-01,-4.230689062422846036e-01,0.000000000000000000e+00,-7.073694415426734494e-01,1.196629413137200587e-01,-6.966414096561841518e-01,0.000000000000000000e+00,3.467669322910227891e-01,-3.740552637997942437e-02,4.347949842359324357e-01,1.000000000000000000e+00
6.497316248165310171e-01,4.986568587046620316e-01,-5.737341717914992145e-01,0.000000000000000000e+00,2.749380476968166231e-01,-8.578180484495163682e-01,-4.342096412841778830e-01,0.000000000000000000e+00,-7.086947878877942752e-01,1.243807773686616686e-01,-6.944646282150314098e-01,0.000000000000000000e+00,3.473155849289826236e-01,-3.942733383303090311e-02,4.343196347698102255e-01,1.000000000000000000e+00
6.463328647046376885e-01,5.109872234272931912e-01,-5.666803617542875982e-01,0.000000000000000000e+00,2.806474937077425014e-01,-8.497900627815160313e-01,-4.461777452703776237e-01,0.000000000000000000e+00,-7.095641287112579576e-01,1.293444072889732843e-01,-6.926678652494985267e-01,0.000000000000000000e+00,3.479184627856147793e-01,-4.161781481051813475e-02,4.339111069147099653e-01,1.000000000000000000e+00
6.423215007881301064e-01,5.242451633556446389e-01,-5.590803566793467461e-01,0.000000000000000000e+00,2.865469084029270141e-01,-8.408242604733078274e-01,-4.592234523469457264e-01,0.000000000000000000e+00,-7.108476872631812604e-01,1.347689440731183186e-01,-6.903136223674011251e-01,0.000000000000000000e+00,3.484023749848782492e-01,-4.397900955650275306e-02,4.335980455548729684e-01,1.000000000000000000e+00
6.307524522663648936e-01,5.529111462418454526e-01,-5.444459157921052173e-01,0.000000000000000000e+00,2.969593197532111040e-01,-8.202099375045355245e-01,-4.889290007063648580e-01,0.000000000000000000e+00,-7.169080474793412261e-01,1.467177021540593262e-01,-6.815546693655556432e-01,0.000000000000000000e+00,3.483914718058599980e-01,-4.882992860057221163e-02,4.335003811981020805e-01,1.000000000000000000e+00
6.170996117050742136e-01,5.771701201529424452e-01,-5.348303175188301450e-01,0.000000000000000000e+00,2.996473678744182578e-01,-8.008425517499752067e-01,-5.185011177748120037e-01,0.000000000000000000e+00,-7.275922370857733634e-01,1.597094164446994091e-01,-6.671599799384050344e-01,0.000000000000000000e+00,3.471928871562685592e-01,-5.372283772508304467e-02,4.338173815399894440e-01,1.000000000000000000e+00
6.099698286009772596e-01,5.879570614292450870e-01,-5.312476343600879281e-01,0.000000000000000000e+00,2.989110292647543243e-01,-7.916085102831932341e-01,-5.329060986067969408e-01,0.000000000000000000e+00,-7.338801816494741059e-01,1.662640655450430549e-01,-6.586168381468610056e-01,0.000000000000000000e+00,3.463925514252030324e-01,-5.599350168259378813e-02,4.341255755038668784e-01,1.000000000000000000e+00
6.026742458730590668e-01,5.990822715608350446e-01,-5.271289521208806228e-01,0.000000000000000000e+00,2.984473820071499306e-01,-7.818587378371596452e-01,-5.473635182782738973e-01,0.000000000000000000e+00,-7.400704057309694939e-01,1.725649622664005012e-01,-6.500131755273841350e-01,0.000000000000000000e+00,3.456857475069238794e-01,-5.820857189968232925e-02,4.346043281971994632e-01,1.000000000000000000e+00
5.959852864625921898e-01,6.094969504801374116e-01,-5.227769625535568787e-01,0.000000000000000000e+00,2.976189632305434318e-01,-7.723372990072175925e-01,-5.611584412525757459e-01,0.000000000000000000e+00,-7.457988648606677096e-01,1.788572803217035045e-01,-6.417118718307017744e-01,0.000000000000000000e+00,3.451729317366428740e-01,-6.045097331439337751e-02,4.349812855102516695e-01,1.000000000000000000e+00
5.760109488225069185e-01,6.408722998224082312e-01,-5.074197759825103127e-01,0.000000000000000000e+00,2.961051181842264679e-01,-7.421725660258361446e-01,-6.012340543623084788e-01,0.000000000000000000e+00,-7.619219577026413726e-01,1.960715803668282020e-01,-6.172769765210983639e-01,0.000000000000000000e+00,3.444132629913754795e-01,-6.687842666909162015e-02,4.361919357980085232e-01,1.000000000000000000e+00
