9.996728451587019171e-01,1.980476314340343796e-02,1.557950289155284225e-02,0.000000000000000000e+00,2.276458649362115422e-02,-9.749069373697860641e-01,-2.214023124794469166e-01,0.000000000000000000e+00,1.080395310126678991e-02,2.216888087786835215e-01,-9.750576119695050226e-01,0.000000000000000000e+00,6.228890328343791305e-01,2.954260610526327491e-01,2.869181839791670047e-02,1.000000000000000000e+00
9.996727359245429767e-01,1.979519959632545373e-02,1.559865453456226424e-02,0.000000000000000000e+00,2.275957074473053399e-02,-9.749057364512948576e-01,-2.214081161002973142e-01,0.000000000000000000e+00,1.082460834346893677e-02,2.216949441739467508e-01,-9.750559879216789128e-01,0.000000000000000000e+00,6.228986059273442510e-01,2.954255605627381098e-01,2.870223019266512215e-02,1.000000000000000000e+00
9.996724537917908160e-01,1.979360465010740130e-02,1.561874662267718865e-02,0.000000000000000000e+00,2.276252403612143843e-02,-9.749045723511094996e-01,-2.214129382163869675e-01,0.000000000000000000e+00,1.084443612236752306e-02,2.217002057594020248e-01,-9.750545712786676811e-01,0.000000000000000000e+00,6.229068014127991937e-01,2.954253813113515426e-01,2.871319372892999766e-02,1.000000000000000000e+00
9.996723715581758984e-01,1.980757372401296609e-02,1.560629576897079769e-02,0.000000000000000000e+00,2.277344820068202824e-02,-9.749030488555054941e-01,-2.214185229164431223e-01,0.000000000000000000e+00,1.082907010313744790e-02,2.217056576000165646e-01,-9.750535024442739118e-01,0.000000000000000000e+00,6.228985274134054562e-01,2.954344923664147249e-01,2.870689209890391752e-02,1.000000000000000000e+00
9.996726501976946899e-01,1.978926940529462594e-02,1.561166757046015402e-02,0.000000000000000000e+00,2.275676562254577359e-02,-9.749039074879398692e-01,-2.214164575734042240e-01,0.000000000000000000e+00,1.083841446022246191e-02,2.217035164793737523e-01,-9.750538854610386608e-01,0.000000000000000000e+00,6.229048457043681042e-01,2.954268196325206541e-01,2.870902443370773952e-02,1.000000000000000000e+00
9.996728165465307292e-01,1.978197982584102219e-02,1.561025410763040508e-02,0.000000000000000000e+00,2.274924659314363565e-02,-9.749060573946863872e-01,-2.214077639465276137e-01,0.000000000000000000e+00,1.083885604889059037e-02,2.216947128199783235e-01,-9.750558822484067800e-01,0.000000000000000000e+00,6.229078140512026573e-01,2.954190130548862148e-01,2.870525721583862960e-02,1.000000000000000000e+00
9.996737131226590689e-01,1.973778402720175254e-02,1.560878196590613151e-02,0.000000000000000000e+00,2.270557939051315657e-02,-9.749119729705704174e-01,-2.213861976826447531e-01,0.000000000000000000e+00,1.084772431789341601e-02,2.216726365948044342e-01,-9.750608027514134912e-01,0.000000000000000000e+00,6.229215284570398525e-01,2.953829805152283772e-01,2.869717439463629477e-02,1.000000000000000000e+00
9.996737177268069097e-01,1.969873696620854861e-02,1.565773768489003154e-02,0.000000000000000000e+00,2.267827694423198495e-02,-9.749141641704628380e-01,-2.213793467238001911e-01,0.000000000000000000e+00,1.090426666792518838e-02,2.216664728453518196e-01,-9.750615733299800025e-01,0.000000000000000000e+00,6.229489572264694797e-01,2.953624527839470160e-01,2.872116237180755496e-02,1.000000000000000000e+00
9.996741039298382425e-01,1.972768131669009467e-02,1.559651958450476543e-02,0.000000000000000000e+00,2.269296968353535712e-02,-9.749130538353587561e-01,-2.213827307844159487e-01,0.000000000000000000e+00,1.083809124224037121e-02,2.216687821795139401e-01,-9.750617861373072071e-01,0.000000000000000000e+00,6.229204902746432460e-01,2.953762581950452604e-01,2.869073886077622149e-02,1.000000000000000000e+00
9.996743973973930553e-01,1.975146483851767873e-02,1.554753118987384913e-02,0.000000000000000000e+00,2.270529065208447966e-02,-9.749130214730747923e-01,-2.213816099856817099e-01,0.000000000000000000e+00,1.078508716958903602e-02,2.216668065448147429e-01,-9.750628229867898122e-01,0.000000000000000000e+00,6.228957922625882881e-01,2.953883965078327734e-01,2.866586244378587292e-02,1.000000000000000000e+00
9.996744170078976088e-01,1.973719157929166440e-02,1.556438722503439634e-02,0.000000000000000000e+00,2.269494847220336967e-02,-9.749165312787521076e-01,-2.213672135941955610e-01,0.000000000000000000e+00,1.080501933093200306e-02,2.216526406607018662e-01,-9.750658226219375280e-01,0.000000000000000000e+00,6.229075451731280744e-01,2.953728700149432229e-01,2.866983261256365878e-02,1.000000000000000000e+00
9.996742533269046271e-01,1.973665566706996402e-02,1.557557573842693194e-02,0.000000000000000000e+00,2.269691098776045746e-02,-9.749163881093919626e-01,-2.213676429123271339e-01,0.000000000000000000e+00,1.081603533983689289e-02,2.216533181084668069e-01,-9.750655464895854330e-01,0.000000000000000000e+00,6.229098133574454410e-01,2.953752061444986365e-01,2.867745885439641068e-02,1.000000000000000000e+00
9.996757552804548252e-01,1.968851534386677898e-02,1.554006335942559672e-02,0.000000000000000000e+00,2.264159637895422905e-02,-9.749278023604660559e-01,-2.213230335939144200e-01,0.000000000000000000e+00,1.079312567779718707e-02,2.216073892402032619e-01,-9.750762398255041763e-01,0.000000000000000000e+00,6.229146560935485688e-01,2.953299502427966239e-01,2.864945612560127960e-02,1.000000000000000000e+00
9.996837534256034496e-01,1.947834313422616356e-02,1.528836769739129291e-02,0.000000000000000000e+00,2.237767180808956230e-02,-9.750000546995034600e-01,-2.210314005783410585e-01,0.000000000000000000e+00,1.060103798015054992e-02,2.213078790923473094e-01,-9.751463688315670231e-01,0.000000000000000000e+00,6.229064814181034526e-01,2.950804198213771712e-01,2.846971202387897637e-02,1.000000000000000000e+00
9.997224074036016317e-01,1.826869297515553922e-02,1.421653591192634930e-02,0.000000000000000000e+00,2.094326734713958943e-02,-9.754212933192311086e-01,-2.193066961893168909e-01,0.000000000000000000e+00,9.860854997667596600e-03,2.195477859616803140e-01,-9.755519121082377731e-01,0.000000000000000000e+00,6.231413681991407882e-01,2.937310447945485348e-01,2.814428915903387229e-02,1.000000000000000000e+00
9.997604235411374773e-01,1.699034785592781760e-02,1.308321450516288127e-02,0.000000000000000000e+00,1.942321957416839190e-02,-9.760290096318172681e-01,-2.167276119919095967e-01,0.000000000000000000e+00,9.087494340974059531e-03,2.169339839575850637e-01,-9.761439771114163166e-01,0.000000000000000000e+00,6.234101196705823522e-01,2.920493904134837115e-01,2.768054881432501640e-02,1.000000000000000000e+00
9.997987302068377380e-01,1.511962794912833155e-02,1.243554697965377175e-02,0.000000000000000000e+00,1.742142770516778849e-02,-9.769113044595658657e-01,-2.128885717389059906e-01,0.000000000000000000e+00,8.929802348614986410e-03,2.130664708725986123e-01,-9.769968974464098288e-01,0.000000000000000000e+00,6.239757261798589694e-01,2.896065771604848238e-01,2.709589603578714881e-02,1.000000000000000000e+00
9.998735374317241353e-01,1.067337124656081437e-02,1.094235766242455249e-02,0.000000000000000000e+00,1.264901090746119519e-02,-9.796533443778167038e-01,-2.002500293973268342e-01,0.000000000000000000e+00,8.582539613963076700e-03,2.003669729508621433e-01,-9.796833244290131804e-01,0.000000000000000000e+00,6.254432716536121317e-01,2.825317006237897388e-01,2.585021308655971115e-02,1.000000000000000000e+00
9.999320343430436742e-01,4.497394660026160507e-03,9.820745239670875676e-03,0.000000000000000000e+00,6.228990387273044584e-03,-9.828742808136663456e-01,-1.841197835513112557e-01,0.000000000000000000e+00,8.824668485361132284e-03,1.841719889384550723e-01,-9.828544163387459287e-01,0.000000000000000000e+00,6.273767773387854962e-01,2.734847129608127259e-01,2.522727643927991786e-02,1.000000000000000000e+00
9.999431721702872755e-01,1.834458104556823668e-03,9.541178894365899901e-03,0.000000000000000000e+00,3.479043858934118081e-03,-9.844942088905949129e-01,-1.753276812597423517e-01,0.000000000000000000e+00,9.071778741504747320e-03,1.753542880613988830e-01,-9.844635983564579140e-01,0.000000000000000000e+00,6.283579052490578798e-01,2.688660375734882035e-01,2.549579529770344341e-02,1.000000000000000000e+00
9.999471353336566448e-01,-5.626042759415888833e-04,9.282074964718594473e-03,0.000000000000000000e+00,9.852372652685123695e-04,-9.861306904611721880e-01,-1.659097270786472345e-01,0.000000000000000000e+00,9.246858546425986217e-03,1.659132957075094006e-01,-9.860969901153207040e-01,0.000000000000000000e+00,6.293707507907720933e-01,2.641726731040051623e-01,2.626039684818205419e-02,1.000000000000000000e+00
9.999512148140905499e-01,-2.817190441569361169e-03,8.389179402605475080e-03,0.000000000000000000e+00,-1.477392939199841278e-03,-9.878062685168190749e-01,-1.556192150416834397e-01,0.000000000000000000e+00,8.725460958907532358e-03,1.556022248399384633e-01,-9.877812581517811941e-01,0.000000000000000000e+00,6.302573403540145947e-01,2.593274096352371494e-01,2.732916744914324486e-02,1.000000000000000000e+00
9.999482302438098547e-01,-9.174314054630386406e-03,3.401398365304891293e-04,0.000000000000000000e+00,-9.070177730307224864e-03,-9.929703739672665064e-01,-1.179335202580496511e-01,0.000000000000000000e+00,1.419735267399466812e-03,1.179266001921723955e-01,-9.930212995293132838e-01,0.000000000000000000e+00,6.314243081880389630e-01,2.439310406054731040e-01,3.245819959778700747e-02,1.000000000000000000e+00
9.998967122003973307e-01,-1.284022279898609960e-02,-4.737141597685599198e-03,0.000000000000000000e+00,-1.325965473350378294e-02,-9.945927553052245074e-01,-1.029085980466086514e-01,0.000000000000000000e+00,-3.390222659355113070e-03,1.029627640582335413e-01,-9.946794335904449724e-01,0.000000000000000000e+00,6.313025046892046799e-01,2.385390707588376236e-01,3.503264530848453073e-02,1.000000000000000000e+00
9.997440068554623860e-01,-1.957469825094185212e-02,-1.046416963631976310e-02,0.000000000000000000e+00,-2.041243583229753258e-02,-9.959831708735945588e-01,-8.707239919274575857e-02,0.000000000000000000e+00,-8.717888761131087003e-03,8.726538857586095543e-02,-9.961469521974418706e-01,0.000000000000000000e+00,6.309941898066910859e-01,2.332502831684573896e-01,3.821897607504202987e-02,1.000000000000000000e+00
9.993728930144603062e-01,-3.036897786304595601e-02,-1.767180784952173539e-02,0.000000000000000000e+00,-3.153382820564422373e-02,-9.970479263396839764e-01,-6.986985874925867590e-02,0.000000000000000000e+00,-1.549806156309876601e-02,7.038465774833731203e-02,-9.973995237824389015e-01,0.000000000000000000e+00,6.301869724298168052e-01,2.279860998398779703e-01,4.175821707197334420e-02,1.000000000000000000e+00
9.970966944669571452e-01,-6.480187599385341113e-02,-3.974475628247161468e-02,0.000000000000000000e+00,-6.538348778676866813e-02,-9.977590862335979915e-01,-1.351119033768828637e-02,0.000000000000000000e+00,-3.878088788244922480e-02,1.607092342608234734e-02,-9.991184955525954647e-01,0.000000000000000000e+00,6.259550958419888289e-01,2.132195675462741080e-01,5.575527937480329738e-02,1.000000000000000000e+00
9.960762886849474640e-01,-7.545553636054658231e-02,-4.603516105513613677e-02,0.000000000000000000e+00,-7.527607073672655524e-02,-9.971372281884721689e-01,5.622120263591612495e-03,0.000000000000000000e+00,-4.632848496059911725e-02,-2.134755747399113852e-03,-9.989239782381611477e-01,0.000000000000000000e+00,6.241730415680692978e-01,2.087487493203176725e-01,6.138380139118759793e-02,1.000000000000000000e+00
9.950701326674973313e-01,-8.515805987661846654e-02,-5.063874813172056927e-02,0.000000000000000000e+00,-8.401222942520637782e-02,-9.961576292822956757e-01,2.434481116975848250e-02,0.000000000000000000e+00,-5.251834331684955559e-02,-1.997090485641367028e-02,-9.984202454750551459e-01,0.000000000000000000e+00,6.224657275855505212e-01,2.044592368543466376e-01,6.767630467493779278e-02,1.000000000000000000e+00
9.934512570927913622e-01,-1.000220515006026989e-01,-5.505393624048695450e-02,0.000000000000000000e+00,-9.676288530304022473e-02,-9.935482391647327827e-01,5.898802744369186640e-02,0.000000000000000000e+00,-6.060001166772666092e-02,-5.327557801940754206e-02,-9.967393597990245047e-01,0.000000000000000000e+00,6.193185691178968444e-01,1.963075165991449156e-01,8.115531558110655741e-02,1.000000000000000000e+00
9.926506053879432523e-01,-1.075207708212937291e-01,-5.536069333157508932e-02,0.000000000000000000e+00,-1.023126725078718213e-01,-9.906995483791203316e-01,8.959502657464940567e-02,0.000000000000000000e+00,-6.448038164776484504e-02,-8.327406016613964068e-02,-9.944383898894917362e-01,0.000000000000000000e+00,6.157148924709018312e-01,1.888962246223103159e-01,9.530736447033241743e-02,1.000000000000000000e+00
9.925337082032453795e-01,-1.088714301162994336e-01,-5.481420149883374504e-02,0.000000000000000000e+00,-1.027767606031571995e-01,-9.892584900373726509e-01,1.038524158125708335e-01,0.000000000000000000e+00,-6.553323695577273345e-02,-9.744527343069346592e-02,-9.930809702839521469e-01,0.000000000000000000e+00,6.138211457738044219e-01,1.852473281170546882e-01,1.024885017885072414e-01,1.000000000000000000e+00
9.924585763369433433e-01,-1.104659409160203415e-01,-5.295278136221260451e-02,0.000000000000000000e+00,-1.027732267255610926e-01,-9.860549509773980370e-01,1.308206574765079511e-01,0.000000000000000000e+00,-6.666686279332367793e-02,-1.243943502466247492e-01,-9.899906944168799239e-01,0.000000000000000000e+00,6.097376777558183303e-01,1.781041764428478724e-01,1.163573908101123849e-01,1.000000000000000000e+00
9.923852995491145856e-01,-1.114870765824504256e-01,-5.218041677795681732e-02,0.000000000000000000e+00,-1.029362192181104974e-01,-9.840729287079347243e-01,1.448632205167267040e-01,0.000000000000000000e+00,-6.750101212326818645e-02,-1.383915401317872551e-01,-9.880745897867660998e-01,0.000000000000000000e+00,6.074297241777965040e-01,1.743292126933276565e-01,1.233844539178473171e-01,1.000000000000000000e+00
9.921570972657129950e-01,-1.130148840822371159e-01,-5.322290129597254116e-02,0.000000000000000000e+00,-1.032059756539683293e-01,-9.816192863864370288e-01,1.604769456485962975e-01,0.000000000000000000e+00,-7.038226487661482234e-02,-1.537283788650585514e-01,-9.856033290946002445e-01,0.000000000000000000e+00,6.046430704007121903e-01,1.700163079037760594e-01,1.299209601531536584e-01,1.000000000000000000e+00
9.912326635972331657e-01,-1.184725716951003788e-01,-5.833355188133125535e-02,0.000000000000000000e+00,-1.051294902064083825e-01,-9.752771060004868930e-01,1.943273107452063719e-01,0.000000000000000000e+00,-7.991537253469380153e-02,-1.864945918672460679e-01,-9.792003372328413890e-01,0.000000000000000000e+00,5.983127598323906282e-01,1.601946048766789699e-01,1.422895816423710436e-01,1.000000000000000000e+00
9.901084325555828958e-01,-1.256273176122026103e-01,-6.232026759488324547e-02,0.000000000000000000e+00,-1.085003064645332638e-01,-9.677935998634338288e-01,2.271210656493285462e-01,0.000000000000000000e+00,-8.884747696010616980e-02,-2.181169136038995648e-01,-9.718699181668977172e-01,0.000000000000000000e+00,5.920337806022929472e-01,1.502168853863479481e-01,1.546248860477418552e-01,1.000000000000000000e+00
9.896002882146477386e-01,-1.292142018170688300e-01,-6.305320384780281617e-02,0.000000000000000000e+00,-1.105058692422461047e-01,-9.641081649987883750e-01,2.413807074869339653e-01,0.000000000000000000e+00,-9.198169504362496696e-02,-2.319071335297677727e-01,-9.683792899452714487e-01,0.000000000000000000e+00,5.891647837974588464e-01,1.456505164586728296e-01,1.605292451782328877e-01,1.000000000000000000e+00
9.891092374680745536e-01,-1.328279111221647157e-01,-6.324878879041478941e-02,0.000000000000000000e+00,-1.126638806454384328e-01,-9.603577087009037561e-01,2.549522861985530908e-01,0.000000000000000000e+00,-9.460806299082751003e-02,-2.450545254603294087e-01,-9.648821658464499240e-01,0.000000000000000000e+00,5.862887153472869928e-01,1.412245220903254606e-01,1.664135590036794898e-01,1.000000000000000000e+00
9.886450065030757406e-01,-1.365485447868712010e-01,-6.258029190032059208e-02,0.000000000000000000e+00,-1.152150328732816226e-01,-9.566899771375553252e-01,2.673023208761212688e-01,0.000000000000000000e+00,-9.637153641187803932e-02,-2.570618636098008225e-01,-9.615777270959795509e-01,0.000000000000000000e+00,5.835403139218233726e-01,1.368991680556346513e-01,1.721951867744254960e-01,1.000000000000000000e+00
9.872042419137674329e-01,-1.452468323781373749e-01,-6.566497797752694765e-02,0.000000000000000000e+00,-1.200990748725302426e-01,-9.486167250013964880e-01,2.927170445389121745e-01,0.000000000000000000e+00,-1.048091377593810686e-01,-2.810906168080640199e-01,-9.539408313855723964e-01,0.000000000000000000e+00,5.765253279938490349e-01,1.278155390229793187e-01,1.819438694599851691e-01,1.000000000000000000e+00
9.848134284505042357e-01,-1.570771480266962561e-01,-7.382430231686037958e-02,0.000000000000000000e+00,-1.257512085597643769e-01,-9.389335166683562273e-01,3.202674378137132516e-01,0.000000000000000000e+00,-1.196251106816270254e-01,-3.061260720924637302e-01,-9.444451603347058244e-01,0.000000000000000000e+00,5.676572153294435763e-01,1.169901488021978242e-01,1.897416938924073315e-01,1.000000000000000000e+00
9.834003349618485323e-01,-1.636736656452470462e-01,-7.820140198474848092e-02,0.000000000000000000e+00,-1.287958947059492099e-01,-9.335949434796271262e-01,3.343543717635135137e-01,0.000000000000000000e+00,-1.277358984288983201e-01,-3.187383183526442121e-01,-9.391961587795651933e-01,0.000000000000000000e+00,5.630506655588048970e-01,1.111242150629785375e-01,1.935077526231060163e-01,1.000000000000000000e+00
9.820083419702314576e-01,-1.696789872544700317e-01,-8.276112907871091551e-02,0.000000000000000000e+00,-1.310912721697438110e-01,-9.283377873594528262e-01,3.478286615888371291e-01,0.000000000000000000e+00,-1.358521140589452336e-01,-3.307277530935495702e-01,-9.338968660614550554e-01,0.000000000000000000e+00,5.585161122741900686e-01,1.051331616477621800e-01,1.969814110547800368e-01,1.000000000000000000e+00
9.807909544229553855e-01,-1.749804241449744169e-01,-8.609124107225495093e-02,0.000000000000000000e+00,-1.331688991285149004e-01,-9.234613607479189579e-01,3.598137107055672246e-01,0.000000000000000000e+00,-1.424650332348581794e-01,-3.414439307929101330e-01,-9.290423867779536993e-01,0.000000000000000000e+00,5.544297332689073210e-01,9.945531766379382688e-02,2.005951934566178596e-01,1.000000000000000000e+00
9.780573713507908495e-01,-1.880356411068288269e-01,-8.959421254262552037e-02,0.000000000000000000e+00,-1.409954387273937848e-01,-9.142943775102673198e-01,3.796930660578236028e-01,0.000000000000000000e+00,-1.533142656598856235e-01,-3.587361335859743927e-01,-9.207622507493212760e-01,0.000000000000000000e+00,5.469768598690213368e-01,8.871635698129191894e-02,2.077354400425120429e-01,1.000000000000000000e+00
9.745347854360908446e-01,-2.025957312934617283e-01,-9.600868990830040139e-02,0.000000000000000000e+00,-1.493124369572355614e-01,-9.059575067956257000e-01,3.961408069761981898e-01,0.000000000000000000e+00,-1.672394497022100801e-01,-3.717248617252353338e-01,-9.131547479144247470e-01,0.000000000000000000e+00,5.387755224262525955e-01,7.850217503041577449e-02,2.139815273775001192e-01,1.000000000000000000e+00
9.719478856073863193e-01,-2.125804801945362088e-01,-1.005365306980502554e-01,0.000000000000000000e+00,-1.556625885684332633e-01,-9.020724514602388444e-01,4.025111150488863698e-01,0.000000000000000000e+00,-1.762606343922353824e-01,-3.755772816175951823e-01,-9.098757576155023230e-01,0.000000000000000000e+00,5.343161620398113598e-01,7.356855124373089250e-02,2.165743286920045751e-01,1.000000000000000000e+00
9.647698415712456788e-01,-2.364529483680995192e-01,-1.152818411712568797e-01,0.000000000000000000e+00,-1.706256095684125229e-01,-8.960232521583275656e-01,4.098902046307401625e-01,0.000000000000000000e+00,-2.002188124657879875e-01,-3.757869084236625801e-01,-9.048185600396222439e-01,0.000000000000000000e+00,5.240624670353934977e-01,6.424582339996380564e-02,2.204906300855819512e-01,1.000000000000000000e+00
9.574008536130560465e-01,-2.519362648960338791e-01,-1.410406708450981650e-01,0.000000000000000000e+00,-1.758283777780481894e-01,-8.961971067046281547e-01,4.073031725918686563e-01,0.000000000000000000e+00,-2.290190904493304147e-01,-3.651604832341983076e-01,-9.023347924655951147e-01,0.000000000000000000e+00,5.123306824707847262e-01,5.662567437790810843e-02,2.222973989858670341e-01,1.000000000000000000e+00
9.536500275922102920e-01,-2.575032913144605362e-01,-1.556419825651323419e-01,0.000000000000000000e+00,-1.771388173488423756e-01,-8.986171856112699086e-01,4.013598634810688348e-01,0.000000000000000000e+00,-2.432187288977507300e-01,-3.551934467362304892e-01,-9.025975101389318578e-01,0.000000000000000000e+00,5.065700152151066948e-01,5.347757358923064391e-02,2.226583135075666520e-01,1.000000000000000000e+00
9.468169377519162211e-01,-2.584606763650851291e-01,-1.916155318866268331e-01,0.000000000000000000e+00,-1.711306692853875600e-01,-9.088689660331461528e-01,3.803317545419832024e-01,0.000000000000000000e+00,-2.724594585526025625e-01,-3.273195548637462537e-01,-9.047804995959084495e-01,0.000000000000000000e+00,4.949766489857738150e-01,4.844955598614579528e-02,2.220323507480285175e-01,1.000000000000000000e+00
9.432300105856509242e-01,-2.563619545740142280e-01,-2.111313389309892596e-01,0.000000000000000000e+00,-1.666781422717620309e-01,-9.152706020871815840e-01,3.667136058902238371e-01,0.000000000000000000e+00,-2.872592551085592083e-01,-3.107102811531096132e-01,-9.060580784586775849e-01,0.000000000000000000e+00,4.892719893218667182e-01,4.610552169495353569e-02,2.214731645462809373e-01,1.000000000000000000e+00
9.393521961052515579e-01,-2.554039109678867270e-01,-2.288384601323758538e-01,0.000000000000000000e+00,-1.643473549934070799e-01,-9.209672976229759112e-01,3.532561825600680772e-01,0.000000000000000000e+00,-3.009815436471387495e-01,-2.942286400451115669e-01,-9.071050753694355206e-01,0.000000000000000000e+00,4.839629075222565135e-01,4.356830451130970505e-02,2.210854156202917142e-01,1.000000000000000000e+00
9.328808388211279334e-01,-2.494797109714302907e-01,-2.597575047524299796e-01,0.000000000000000000e+00,-1.572355158407297282e-01,-9.309771310417688239e-01,3.294530633288222932e-01,0.000000000000000000e+00,-3.240263900710119160e-01,-2.665024758156278595e-01,-9.077352746928417648e-01,0.000000000000000000e+00,4.745511011159691539e-01,3.734963485708771291e-02,2.206428636407617716e-01,1.000000000000000000e+00
9.275660515285729657e-01,-2.413101875409936203e-01,-2.852566569632183913e-01,0.000000000000000000e+00,-1.483788846841154196e-01,-9.385796834420759849e-01,3.115006120553839852e-01,0.000000000000000000e+00,-3.429109760053992706e-01,-2.466160762877051549e-01,-9.064174388500485513e-01,0.000000000000000000e+00,4.663339676206376683e-01,2.990103294637043788e-02,2.208368836904056054e-01,1.000000000000000000e+00
9.255653082976579293e-01,-2.331100873531231354e-01,-2.982772102445794826e-01,0.000000000000000000e+00,-1.396126971237302561e-01,-9.425657267500611169e-01,3.034120835747570744e-01,0.000000000000000000e+00,-3.518810675542241584e-01,-2.391890179921103976e-01,-9.049686889439156889e-01,0.000000000000000000e+00,4.624917577411510883e-01,2.619151708829017475e-02,2.210066034692709513e-01,1.000000000000000000e+00
9.235325333255045566e-01,-2.232871637709092361e-01,-3.117871858908363714e-01,0.000000000000000000e+00,-1.292523976133604924e-01,-9.466711026435260523e-01,2.951074177856204961e-01,0.000000000000000000e+00,-3.610605689173113086e-01,-2.322465312946001281e-01,-9.031593515403215644e-01,0.000000000000000000e+00,4.587738688012873989e-01,2.256003442574608733e-02,2.214356552094576824e-01,1.000000000000000000e+00
9.213469165658126903e-01,-2.132170435407917675e-01,-3.250216893987262212e-01,0.000000000000000000e+00,-1.189259962220256955e-01,-9.506555705505378429e-01,2.865158643165134356e-01,0.000000000000000000e+00,-3.700808702973040210e-01,-2.253313182558303318e-01,-9.012579799663800184e-01,0.000000000000000000e+00,4.554167518880289367e-01,1.928350160666058785e-02,2.222310774970705782e-01,1.000000000000000000e+00
9.165466694306310114e-01,-1.849293764263005013e-01,-3.545759092090232101e-01,0.000000000000000000e+00,-9.048988269448679511e-02,-9.595542632979401354e-01,2.665482016782217412e-01,0.000000000000000000e+00,-3.895349178224224440e-01,-2.122224199995008664e-01,-8.962277569048138215e-01,0.000000000000000000e+00,4.494810448316416962e-01,1.332989652656897672e-02,2.249502505976337108e-01,1.000000000000000000e+00
9.082759982721085867e-01,-1.542161912733134854e-01,-3.888866469977670381e-01,0.000000000000000000e+00,-5.983899916691432647e-02,-9.678997723573208312e-01,2.440698091746644205e-01,0.000000000000000000e+00,-4.140507852383346621e-01,-1.984159819529803526e-01,-8.883653782927120046e-01,0.000000000000000000e+00,4.435064241205937674e-01,8.130629779335039539e-03,2.297373670357292230e-01,1.000000000000000000e+00
9.024172878640598361e-01,-1.362861173659281333e-01,-4.087173591598517453e-01,0.000000000000000000e+00,-4.344786610927386244e-02,-9.725922944704904483e-01,2.283796369389924363e-01,0.000000000000000000e+00,-4.286485809525312218e-01,-1.883394615908113578e-01,-8.836224540238124536e-01,0.000000000000000000e+00,4.401454735795570783e-01,6.322724082763998832e-03,2.324958871044789654e-01,1.000000000000000000e+00
8.955447482776844881e-01,-1.129768378164405507e-01,-4.303679644797748782e-01,0.000000000000000000e+00,-2.339957119491426277e-02,-9.778384579093052364e-01,2.080027817185484684e-01,0.000000000000000000e+00,-4.443383981471309974e-01,-1.762087655351115556e-01,-8.783586163297048000e-01,0.000000000000000000e+00,4.365877981971668653e-01,5.026581158831551661e-03,2.353806521215700276e-01,1.000000000000000000e+00
8.870098107307914370e-01,-8.645473560054038609e-02,-4.535635801745711015e-01,0.000000000000000000e+00,-1.623593415209134867e-03,-9.828824858003083476e-01,1.841741837300684415e-01,0.000000000000000000e+00,-4.617313192680033707e-01,-1.626310361611617017e-01,-8.719835634254674561e-01,0.000000000000000000e+00,4.326369057811855767e-01,4.062260711077443284e-03,2.385565800736400843e-01,1.000000000000000000e+00
8.525624773558219127e-01,-2.743514231651241874e-03,-5.225996959774977801e-01,0.000000000000000000e+00,5.948742598564129430e-02,-9.929677313005654815e-01,1.022598535429187494e-01,0.000000000000000000e+00,-5.192151823578626813e-01,-1.182733019327408541e-01,-8.464201205424042307e-01,0.000000000000000000e+00,4.195615121705245643e-01,1.361685646653090949e-03,2.500976697755664668e-01,1.000000000000000000e+00
8.395994980689553966e-01,2.258551718834775693e-02,-5.427184575421231116e-01,0.000000000000000000e+00,7.702841425790836472e-02,-9.939791413609845305e-01,7.779997967480707655e-02,0.000000000000000000e+00,-5.377040261190145776e-01,-1.071276285965274133e-01,-8.363002161225876474e-01,0.000000000000000000e+00,4.155126256776351390e-01,-9.366535993391368782e-04,2.544912568811483200e-01,1.000000000000000000e+00
8.102111679203689576e-01,7.606983056033261859e-02,-5.811643409198828936e-01,0.000000000000000000e+00,1.142976969537508325e-01,-9.930026660024181551e-01,2.936815766041180747e-02,0.000000000000000000e+00,-5.748747772627645913e-01,-9.022189208750043543e-02,-8.132521138338578703e-01,0.000000000000000000e+00,4.074221695572562418e-01,-6.638784778803014271e-03,2.644944026751769872e-01,1.000000000000000000e+00
7.935418758156389529e-01,1.090209964045001367e-01,-5.986538737627740137e-01,0.000000000000000000e+00,1.374900987169036803e-01,-9.904916561998361457e-01,1.870469066877025440e-03,0.000000000000000000e+00,-5.927691591555048767e-01,-8.379488904416233785e-02,-8.010013361562839940e-01,0.000000000000000000e+00,4.036291450018679172e-01,-1.016211509960539272e-02,2.699892375037084014e-01,1.000000000000000000e+00
7.584782748407229436e-01,1.787240606197796344e-01,-6.266970270006282373e-01,0.000000000000000000e+00,1.853962991259497650e-01,-9.810905495469248727e-01,-5.541022253449699037e-02,0.000000000000000000e+00,-6.247616991893971683e-01,-7.416128731723733991e-02,-7.772856120432355409e-01,0.000000000000000000e+00,3.971936955484685616e-01,-1.790324636981051667e-02,2.815964417085299876e-01,1.000000000000000000e+00
7.392985665041201804e-01,2.133128963741831030e-01,-6.386830079989748166e-01,0.000000000000000000e+00,2.068928746462165291e-01,-9.745659050576984672e-01,-8.600803462992458182e-02,0.000000000000000000e+00,-6.407976440542008101e-01,-6.855466669263084178e-02,-7.646428166466014975e-01,0.000000000000000000e+00,3.939274967684671114e-01,-2.206512435012445913e-02,2.875779991713456329e-01,1.000000000000000000e+00
6.993698266859159629e-01,2.803241466780196367e-01,-6.574807717429917986e-01,0.000000000000000000e+00,2.435551611092210134e-01,-9.582851793495267279e-01,-1.495029947436337936e-01,0.000000000000000000e+00,-6.719763163223196889e-01,-5.557602177583646774e-02,-7.384843506164889826e-01,0.000000000000000000e+00,3.876557764363633418e-01,-3.009064693785763051e-02,2.990791796143912884e-01,1.000000000000000000e+00
6.795468062177587587e-01,3.102190266217266790e-01,-6.648015046480569845e-01,0.000000000000000000e+00,2.566676167468759928e-01,-9.494500173663061870e-01,-1.806852122831529295e-01,0.000000000000000000e+00,-6.872610227170299346e-01,-4.784988012842896626e-02,-7.248328604758733640e-01,0.000000000000000000e+00,3.844305744113435397e-01,-3.422205181663735829e-02,3.043101883936947805e-01,1.000000000000000000e+00
6.599591444589826272e-01,3.406217859780366064e-01,-6.696353287150467182e-01,0.000000000000000000e+00,2.691803860464274667e-01,-9.393389638126459218e-01,-2.125205348489630219e-01,0.000000000000000000e+00,-7.014171843991392485e-01,-3.999859603187659596e-02,-7.116277437994266153e-01,0.000000000000000000e+00,3.814042849433907367e-01,-3.809874180986996817e-02,3.090236367630614933e-01,1.000000000000000000e+00
6.225254425213115894e-01,4.009837679089886531e-01,-6.720527049185678337e-01,0.000000000000000000e+00,2.912045760812340123e-01,-9.157737178720739557e-01,-2.766570791165774423e-01,0.000000000000000000e+00,-7.263971875889358998e-01,-2.347920448380075992e-02,-6.868739715695245662e-01,0.000000000000000000e+00,3.758028070062400805e-01,-4.582213893601021909e-02,3.164751043119138352e-01,1.000000000000000000e+00
5.846869092463606865e-01,4.634622735270309546e-01,-6.658263182499637445e-01,0.000000000000000000e+00,3.102650478411860813e-01,-8.860901782307735175e-01,-3.443262160107346537e-01,0.000000000000000000e+00,-7.495788036309030122e-01,-5.259704739549561810e-03,-6.618942156064795412e-01,0.000000000000000000e+00,3.701957473563317613e-01,-5.355314703219367367e-02,3.225505758460074923e-01,1.000000000000000000e+00
5.656792208416309142e-01,4.971464278001929693e-01,-6.579005968493422118e-01,0.000000000000000000e+00,3.206057321966619411e-01,-8.676462571084637698e-01,-3.799772149873252847e-01,0.000000000000000000e+00,-7.597439329071676850e-01,4.018589716403566173e-03,-6.502099717379303812e-01,0.000000000000000000e+00,3.678392953057205705e-01,-5.728564274297302805e-02,3.250449066385787122e-01,1.000000000000000000e+00
5.481440777105337503e-01,5.300578730296502394e-01,-6.469601751355025243e-01,0.000000000000000000e+00,3.309055440693137173e-01,-8.478503769132889056e-01,-4.142849335582864390e-01,0.000000000000000000e+00,-7.681352080297040308e-01,1.300537446404416084e-02,-6.401555767313237277e-01,0.000000000000000000e+00,3.661374267628060286e-01,-6.120227074562110264e-02,3.273125578831361793e-01,1.000000000000000000e+00
5.148562756024430698e-01,6.002882118223398233e-01,-6.120112949293724514e-01,0.000000000000000000e+00,3.590537083968303733e-01,-7.992685132946099058e-01,-4.819035432983622136e-01,0.000000000000000000e+00,-7.784573618116238380e-01,2.836668462365942930e-02,-6.270561912976766461e-01,0.000000000000000000e+00,3.653454173672687766e-01,-6.934045491787296789e-02,3.305621863398906513e-01,1.000000000000000000e+00
4.817137949934956476e-01,6.652100725548195648e-01,-5.704630803003680750e-01,0.000000000000000000e+00,3.922114740163147317e-01,-7.457920483256563760e-01,-5.384655301923971793e-01,0.000000000000000000e+00,-7.836546113385797208e-01,3.564479469842335435e-02,-6.201732812196013578e-01,0.000000000000000000e+00,3.670889035389138244e-01,-7.982016308333994559e-02,3.325577837123461222e-01,1.000000000000000000e+00
4.595015959515404425e-01,6.976553359110426733e-01,-5.496508550835210727e-01,0.000000000000000000e+00,4.092299397017776230e-01,-7.155548366519495218e-01,-5.661209050166665646e-01,0.000000000000000000e+00,-7.882777747704320381e-01,3.520055079351085137e-02,-6.143118678869954330e-01,0.000000000000000000e+00,3.675700928236483866e-01,-8.628903237901695833e-02,3.343202854755077391e-01,1.000000000000000000e+00
4.318982044651917263e-01,7.300643876207192351e-01,-5.295759414936972442e-01,0.000000000000000000e+00,4.248143860313852715e-01,-6.826224789232091528e-01,-5.945923272215328792e-01,0.000000000000000000e+00,-7.956064431069350684e-01,3.183249294725346706e-02,-6.049769252454958446e-01,0.000000000000000000e+00,3.674347798127092779e-01,-9.393633182899940870e-02,3.369120848811134605e-01,1.000000000000000000e+00
4.000818199055281021e-01,7.601741487665227837e-01,-5.119087299796529766e-01,0.000000000000000000e+00,4.372988734371444086e-01,-6.492188892220145391e-01,-6.223064165418401572e-01,0.000000000000000000e+00,-8.054175743112078623e-01,2.511685632352158790e-02,-5.921753747996226780e-01,0.000000000000000000e+00,3.667138595848225546e-01,-1.024337416130298717e-01,3.403260074889829512e-01,1.000000000000000000e+00
3.316303018771360467e-01,8.164422566858783314e-01,-4.726776187590845391e-01,0.000000000000000000e+00,4.566759230560163418e-01,-5.773464130460690402e-01,-6.768300876475437100e-01,0.000000000000000000e+00,-8.255073054432811031e-01,8.597043951095164824e-03,-5.643259514634042517e-01,0.000000000000000000e+00,3.654189985995106582e-01,-1.209592737483735775e-01,3.485599441051104863e-01,1.000000000000000000e+00
2.647098644269239021e-01,8.681067687120841425e-01,-4.198810220676232330e-01,0.000000000000000000e+00,4.722514968624160758e-01,-4.963280296787158097e-01,-7.284351430070212796e-01,0.000000000000000000e+00,-8.407743861067761282e-01,-5.465578455682706428e-03,-5.413580692286006357e-01,0.000000000000000000e+00,3.655351714576284272e-01,-1.389356545017288447e-01,3.572247060710161404e-01,1.000000000000000000e+00
2.331439996857151975e-01,8.930356391803855320e-01,-3.848531791026754689e-01,0.000000000000000000e+00,4.812222708778338687e-01,-4.498579539796589977e-01,-7.523521078282587871e-01,0.000000000000000000e+00,-8.450227785438526595e-01,-9.793729770931325004e-03,-5.346406144310408282e-01,0.000000000000000000e+00,3.666469750377986947e-01,-1.470208473463284204e-01,3.608961000469123048e-01,1.000000000000000000e+00
2.039174971137990844e-01,9.160422618079098189e-01,-3.453476159667255296e-01,0.000000000000000000e+00,4.920799661503070799e-01,-4.008672069086001155e-01,-7.727506300482831492e-01,0.000000000000000000e+00,-8.463270636066074770e-01,-1.236150679975004871e-02,-5.325201353532625914e-01,0.000000000000000000e+00,3.684891330407490395e-01,-1.547599893653413272e-01,3.639085009261314729e-01,1.000000000000000000e+00
1.760400864010988886e-01,9.365725373980128277e-01,-3.030223045799597115e-01,0.000000000000000000e+00,5.044281802832007999e-01,-3.501700143008855126e-01,-7.892489587715049160e-01,0.000000000000000000e+00,-8.453144996071906281e-01,-1.391380267419529103e-02,-5.340878231611244642e-01,0.000000000000000000e+00,3.707916949242316962e-01,-1.624323933978163159e-01,3.658829813955617460e-01,1.000000000000000000e+00
1.070572764776708263e-01,9.760286226346914784e-01,-1.894402656570634558e-01,0.000000000000000000e+00,5.310823092645520216e-01,-2.172135095861761345e-01,-8.189936623324352016e-01,0.000000000000000000e+00,-8.405264238914529340e-01,-1.292939174191632193e-02,-5.416162493587406424e-01,0.000000000000000000e+00,3.770023684643410977e-01,-1.823260653671943399e-01,3.680692355847940966e-01,1.000000000000000000e+00
9.071360571641029491e-02,9.836773671983144451e-01,-1.553403550302639158e-01,0.000000000000000000e+00,5.351889936693081662e-01,-1.796978314272143773e-01,-8.253860777459225417e-01,0.000000000000000000e+00,-8.398440984127207853e-01,-8.262860150084734914e-03,-5.427647883784140204e-01,0.000000000000000000e+00,3.784425348600234384e-01,-1.871148809086886633e-01,3.676370318287948136e-01,1.000000000000000000e+00
6.353277963376932624e-02,9.935517977824143143e-01,-9.380382687581471923e-02,0.000000000000000000e+00,5.390502786259374624e-01,-1.132674681419248708e-01,-8.346113015501441801e-01,0.000000000000000000e+00,-8.398706511895329685e-01,2.460244254977305648e-03,-5.427810207336617454e-01,0.000000000000000000e+00,3.803271043804382079e-01,-1.954514312169535750e-01,3.657961778113111850e-01,1.000000000000000000e+00
4.938101482551658650e-02,9.965673311946536828e-01,-6.630095528403641414e-02,0.000000000000000000e+00,5.398210141193126033e-01,-8.248152000771848125e-02,-8.377176245451815051e-01,0.000000000000000000e+00,-8.403267998524024396e-01,5.576804889529836384e-03,-5.420514446960220667e-01,0.000000000000000000e+00,3.811488129370687594e-01,-1.994975303113743770e-01,3.648752325087677995e-01,1.000000000000000000e+00
2.951583930230106123e-02,9.990701057070464630e-01,-3.112050793287917880e-02,0.000000000000000000e+00,5.383926389717217376e-01,-4.212221027283654523e-02,-8.416292726634480026e-01,0.000000000000000000e+00,-8.421737254388973470e-01,8.086497662061879060e-03,-5.391456433431789375e-01,0.000000000000000000e+00,3.824033377053546179e-01,-2.074949259992581729e-01,3.631003904249553993e-01,1.000000000000000000e+00
2.723289399728335766e-02,9.993044526240129066e-01,-2.509436892138824579e-02,0.000000000000000000e+00,5.364899735402460790e-01,-3.579303318106262510e-02,-8.431358810818654348e-01,0.000000000000000000e+00,-8.434638830051061076e-01,9.498335628557988755e-03,-5.371019081014661856e-01,0.000000000000000000e+00,3.828226484755745673e-01,-2.108523822865523978e-01,3.619670600211091216e-01,1.000000000000000000e+00
2.690972281952851847e-02,9.995473850089516832e-01,-1.271372646987740940e-02,0.000000000000000000e+00,5.296090002109108408e-01,-2.504243623125839216e-02,-8.478607964662659979e-01,0.000000000000000000e+00,-8.478117476471810354e-01,1.608270469968757152e-02,-5.300533814258475696e-01,0.000000000000000000e+00,3.821030079563613180e-01,-2.150255618161591165e-01,3.584080004825269672e-01,1.000000000000000000e+00
2.393353986145462312e-02,9.997021590290887660e-01,-1.877712301421251371e-03,0.000000000000000000e+00,5.247909786154913991e-01,-1.416244864314214480e-02,-8.511019919571528591e-01,0.000000000000000000e+00,-8.508914742151734156e-01,1.938485019288451253e-02,-5.249837394538312552e-01,0.000000000000000000e+00,3.813608727985922653e-01,-2.161286372557737201e-01,3.560282554359583407e-01,1.000000000000000000e+00
1.972449464437485769e-02,9.997496603944309168e-01,9.607692410379531714e-03,0.000000000000000000e+00,5.194458045245630151e-01,-2.036641592444893550e-03,-8.544897045336835584e-01,0.000000000000000000e+00,-8.542726718882640569e-01,2.184547370754559917e-02,-5.193659377966359791e-01,0.000000000000000000e+00,3.806572778170566607e-01,-2.166605872622719142e-01,3.534250575719432019e-01,1.000000000000000000e+00
1.404890704021842518e-02,9.996488637827597445e-01,2.203461481444920697e-02,0.000000000000000000e+00,5.100566746355711389e-01,1.178924499272115435e-02,-8.600488063263694860e-01,0.000000000000000000e+00,-8.600231416247505756e-01,2.332209711190340665e-02,-5.097217629807434536e-01,0.000000000000000000e+00,3.801448563195859998e-01,-2.169883840863135183e-01,3.490602278913108036e-01,1.000000000000000000e+00
1.165481862895653177e-02,9.996983793393218187e-01,2.116748568602211736e-02,0.000000000000000000e+00,5.025545705902019211e-01,1.244469374186149731e-02,-8.644447813931075419e-01,0.000000000000000000e+00,-8.644641134766501978e-01,2.071316261386375521e-02,-5.022676193082337148e-01,0.000000000000000000e+00,3.798184558634906116e-01,-2.175738461671153645e-01,3.472031012414625861e-01,1.000000000000000000e+00
