9.996535323798311223e-01,2.065488673261851871e-02,1.571425326883345644e-02,0.000000000000000000e+00,2.361963990245981998e-02,-9.749665970890231126e-01,-2.210497547448019573e-01,0.000000000000000000e+00,1.075532146204918708e-02,2.213485948122457803e-01,-9.751354380981608339e-01,0.000000000000000000e+00,6.226886671717198896e-01,2.957719986140700530e-01,2.866982883993239237e-02,1.000000000000000000e+00
9.996528105525428476e-01,2.066587542102457306e-02,1.574569302040202193e-02,0.000000000000000000e+00,2.363744054497217070e-02,-9.749636447049482291e-01,-2.210608735378895573e-01,0.000000000000000000e+00,1.078326939393043152e-02,2.213605732949468774e-01,-9.751324103380577535e-01,0.000000000000000000e+00,6.226968304210184213e-01,2.957818899611381891e-01,2.868869866917250766e-02,1.000000000000000000e+00
9.996527507680653679e-01,2.066661124822872370e-02,1.574852255174942484e-02,0.000000000000000000e+00,2.363884432010771378e-02,-9.749623875709216847e-01,-2.210662678077001675e-01,0.000000000000000000e+00,1.078573418969547282e-02,2.213660415711374563e-01,-9.751311417328003550e-01,0.000000000000000000e+00,6.226964252308143655e-01,2.957860643141095869e-01,2.869191192849133987e-02,1.000000000000000000e+00
9.996529146077244299e-01,2.066535044569565993e-02,1.573977472666886895e-02,0.000000000000000000e+00,2.363567052192895590e-02,-9.749626148647729806e-01,-2.210656047335984031e-01,0.000000000000000000e+00,1.077750123188193389e-02,2.213651581862494111e-01,-9.751314332993136214e-01,0.000000000000000000e+00,6.226940572756879400e-01,2.957869058642642046e-01,2.868785935870872550e-02,1.000000000000000000e+00
9.996529992458972336e-01,2.066296166897349518e-02,1.573753522496499843e-02,0.000000000000000000e+00,2.363284559959016179e-02,-9.749626692256135874e-01,-2.210656670008733504e-01,0.000000000000000000e+00,1.077584541481532189e-02,2.213651417527507659e-01,-9.751314553291678955e-01,0.000000000000000000e+00,6.226942916937922012e-01,2.957831000733137650e-01,2.868450173345482926e-02,1.000000000000000000e+00
9.996528889878161239e-01,2.066537950665780707e-02,1.574136364382858894e-02,0.000000000000000000e+00,2.363604607234091881e-02,-9.749626998079178319e-01,-2.210651899565612422e-01,0.000000000000000000e+00,1.077905388087081057e-02,2.213647813490481620e-01,-9.751315016836045180e-01,0.000000000000000000e+00,6.226952077575590438e-01,2.957839293550028059e-01,2.868794638117832044e-02,1.000000000000000000e+00
9.996526664387467287e-01,2.066070486535010950e-02,1.576161976381169547e-02,0.000000000000000000e+00,2.363597198750887543e-02,-9.749626950227225919e-01,-2.210652189817372271e-01,0.000000000000000000e+00,1.079983596778250586e-02,2.213652387819856349e-01,-9.751311678959212470e-01,0.000000000000000000e+00,6.227020706112746939e-01,2.957844875043757482e-01,2.869822100902192502e-02,1.000000000000000000e+00
9.996528989580369950e-01,2.064334396781790718e-02,1.576961812560519899e-02,0.000000000000000000e+00,2.362064697006822228e-02,-9.749664156155996020e-01,-2.210504475444318995e-01,0.000000000000000000e+00,1.081183579799097245e-02,2.213504709688457472e-01,-9.751343872556988979e-01,0.000000000000000000e+00,6.227114148369650160e-01,2.957679700860093575e-01,2.869963446524876824e-02,1.000000000000000000e+00
9.996540774118410910e-01,2.061951862899026600e-02,1.572602513662996193e-02,0.000000000000000000e+00,2.358749675217749336e-02,-9.749725993394109391e-01,-2.210267120407096164e-01,0.000000000000000000e+00,1.077518665404224828e-02,2.213254526760685958e-01,-9.751404715989917538e-01,0.000000000000000000e+00,6.227051909403253926e-01,2.957411844670550516e-01,2.866543331017111854e-02,1.000000000000000000e+00
9.996544450457530706e-01,2.061931463741622020e-02,1.570290627110140433e-02,0.000000000000000000e+00,2.358211533147161476e-02,-9.749740615257438403e-01,-2.210208363247606334e-01,0.000000000000000000e+00,1.075283516468652188e-02,2.213190303036559892e-01,-9.751421759730066752e-01,0.000000000000000000e+00,6.226965687131382765e-01,2.957388930196455656e-01,2.865655799446478399e-02,1.000000000000000000e+00
9.996546673794959315e-01,2.067704772291870108e-02,1.561257778401268712e-02,0.000000000000000000e+00,2.361827453717245395e-02,-9.749763758080521869e-01,-2.210067660169950932e-01,0.000000000000000000e+00,1.065233214725990959e-02,2.213034480968221751e-01,-9.751468154489772999e-01,0.000000000000000000e+00,6.226509522303685928e-01,2.957612593265146472e-01,2.860898094591408231e-02,1.000000000000000000e+00
9.996590508704658040e-01,2.059067702957795634e-02,1.544515889952281784e-02,0.000000000000000000e+00,2.349563306309232838e-02,-9.750076583733557900e-01,-2.208817969898789757e-01,0.000000000000000000e+00,1.051124484233203343e-02,2.211736395975029690e-01,-9.751777965474082155e-01,0.000000000000000000e+00,6.226251635663988537e-01,2.956521438469427165e-01,2.850597666806246530e-02,1.000000000000000000e+00
9.996808343206624592e-01,1.996300421532226296e-02,1.484772224455302263e-02,0.000000000000000000e+00,2.273582250402727059e-02,-9.753632909793510386e-01,-2.193861433322611409e-01,0.000000000000000000e+00,1.010251123251617103e-02,2.196579270780989190e-01,-9.755246456848486458e-01,0.000000000000000000e+00,6.227367229654635628e-01,2.947568747282197643e-01,2.810827563044589888e-02,1.000000000000000000e+00
9.997137562157659696e-01,1.876573233666434595e-02,1.417744067316721590e-02,0.000000000000000000e+00,2.139388224989968029e-02,-9.759880321322210728e-01,-2.167265785227102115e-01,0.000000000000000000e+00,9.770167566478775087e-03,2.169720297670205411e-01,-9.761289269991448858e-01,0.000000000000000000e+00,6.230307403669703703e-01,2.931144285338107003e-01,2.746851480471436055e-02,1.000000000000000000e+00
9.997527534427612661e-01,1.682482876150090401e-02,1.386015952188394094e-02,0.000000000000000000e+00,1.938970551665498282e-02,-9.769062637332196486e-01,-2.127414818505944938e-01,0.000000000000000000e+00,9.960929429424232595e-03,2.129617268363338811e-01,-9.770097659633646403e-01,0.000000000000000000e+00,6.236644675123328430e-01,2.905436160838577031e-01,2.667311261358524740e-02,1.000000000000000000e+00
9.997834635675622028e-01,1.498495810959474435e-02,1.375586814821531945e-02,0.000000000000000000e+00,1.750220870264284495e-02,-9.783131908285441769e-01,-2.063436944580804289e-01,0.000000000000000000e+00,1.036569521481777757e-02,2.065437482130315638e-01,-9.783824571387333968e-01,0.000000000000000000e+00,6.244673076453524097e-01,2.868748218636132385e-01,2.572338147354237547e-02,1.000000000000000000e+00
9.998249113391605158e-01,1.072165209356865448e-02,1.469488833684823303e-02,0.000000000000000000e+00,1.330895211324160249e-02,-9.818474585894886308e-01,-1.891538705821753374e-01,0.000000000000000000e+00,1.240033552014136939e-02,1.893199704455612864e-01,-9.818371455946651727e-01,0.000000000000000000e+00,6.265865792810322299e-01,2.771593573721791159e-01,2.418835555935425555e-02,1.000000000000000000e+00
9.997723367442677977e-01,5.945824361717646882e-03,2.001671188717199859e-02,0.000000000000000000e+00,9.305677527410646452e-03,-9.850083262888591484e-01,-1.721997340549182298e-01,0.000000000000000000e+00,1.869311840042000433e-02,1.723501178426537772e-01,-9.848583675859645670e-01,0.000000000000000000e+00,6.295402085719405960e-01,2.671134631443810581e-01,2.477101118416780504e-02,1.000000000000000000e+00
9.996857677409083376e-01,4.051333032651318125e-03,2.434541801114241399e-02,0.000000000000000000e+00,7.991031040848816519e-03,-9.864212834521985940e-01,-1.639815290715077589e-01,0.000000000000000000e+00,2.335094427329642564e-02,1.641277057431409503e-01,-9.861626790793891484e-01,0.000000000000000000e+00,6.312338681982371247e-01,2.623571883288360884e-01,2.616214511638529153e-02,1.000000000000000000e+00
9.995781901998848085e-01,2.763502190696411499e-03,2.857536760171809978e-02,0.000000000000000000e+00,7.177157536760272495e-03,-9.877951904273443162e-01,-1.555310164549427165e-01,0.000000000000000000e+00,2.779733556182378482e-02,1.556734990601852109e-01,-9.874173736703349968e-01,0.000000000000000000e+00,6.326794930609773715e-01,2.578296314676206680e-01,2.809547725841145607e-02,1.000000000000000000e+00
9.994570319868781860e-01,1.873775208633443688e-03,3.260179565078809988e-02,0.000000000000000000e+00,6.663260680295082262e-03,-9.890406794205752750e-01,-1.474275493576474583e-01,0.000000000000000000e+00,3.196887153357211298e-02,1.475675763102853866e-01,-9.885351797861208212e-01,0.000000000000000000e+00,6.338782889022349654e-01,2.537689856583665304e-01,3.061190058721927412e-02,1.000000000000000000e+00
9.992007636801298887e-01,1.881981224674245806e-03,3.968675986929866978e-02,0.000000000000000000e+00,7.026451326643376807e-03,-9.914939717210813352e-01,-1.298887213106589555e-01,0.000000000000000000e+00,3.910548793457073458e-02,1.300662707923409267e-01,-9.907338320737678616e-01,0.000000000000000000e+00,6.354359787115730906e-01,2.463100858919586855e-01,3.770009725928510219e-02,1.000000000000000000e+00
9.990219283773605907e-01,4.482498576597866366e-03,4.377031789807715040e-02,0.000000000000000000e+00,9.225446057846642400e-03,-9.940148105057652339e-01,-1.087666977591471851e-01,0.000000000000000000e+00,4.302162598296276064e-02,1.090662167079292227e-01,-9.931030661873927468e-01,0.000000000000000000e+00,6.355419551166391345e-01,2.393329390828838055e-01,4.675859921621327436e-02,1.000000000000000000e+00
9.989632923244103901e-01,6.561921755144888534e-03,4.483334331122464100e-02,0.000000000000000000e+00,1.087932921131615389e-02,-9.952401527267789039e-01,-9.674412383963192086e-02,0.000000000000000000e+00,4.398596293949953717e-02,9.713345528541646179e-02,-9.942989122636114452e-01,0.000000000000000000e+00,6.351525687175416657e-01,2.359307673861182897e-01,5.207185496148417775e-02,1.000000000000000000e+00
9.989004498166013102e-01,8.853209143885168442e-03,4.582858218682474977e-02,0.000000000000000000e+00,1.268844569353978942e-02,-9.963682443388386378e-01,-8.408371970976791232e-02,0.000000000000000000e+00,4.491859804004388890e-02,8.457438723566232386e-02,-9.954041855316005938e-01,0.000000000000000000e+00,6.345935100476803870e-01,2.325289505520619637e-01,5.786237595540100892e-02,1.000000000000000000e+00
9.987289824649000503e-01,1.568116091688693051e-02,4.769976601758463969e-02,0.000000000000000000e+00,1.773499783380981173e-02,-9.989104554704523187e-01,-4.294320324401221939e-02,0.000000000000000000e+00,4.697530013819772865e-02,4.373541896901290971e-02,-9.979381415220740514e-01,0.000000000000000000e+00,6.322346443608589661e-01,2.221039533654816378e-01,7.766003469049316543e-02,1.000000000000000000e+00
9.986876729951531528e-01,1.748794336521207818e-02,4.793590038362709194e-02,0.000000000000000000e+00,1.887193785664273427e-02,-9.994039245411339145e-01,-2.857258256655849371e-02,0.000000000000000000e+00,4.740856402585469365e-02,2.944029614493032243e-02,-9.984416342580597625e-01,0.000000000000000000e+00,6.312987237862093259e-01,2.185134187485807955e-01,8.499354284093475764e-02,1.000000000000000000e+00
9.988237284612204725e-01,1.988869186813057438e-02,4.400393504913532872e-02,0.000000000000000000e+00,1.976014061424449450e-02,-9.997894936359507101e-01,3.354423837712843578e-03,0.000000000000000000e+00,4.406223537743854390e-02,-2.481001947248116356e-03,-9.990257073984036840e-01,0.000000000000000000e+00,6.284622953226446374e-01,2.107889863790665397e-01,1.002249803823326291e-01,1.000000000000000000e+00
9.990009620801854062e-01,2.069192937174127098e-02,3.936583192245758644e-02,0.000000000000000000e+00,1.983718744859872332e-02,-9.995519403347570275e-01,2.198070673022118129e-02,0.000000000000000000e+00,3.980378325835860764e-02,-2.117824753066943622e-02,-9.989830532445739264e-01,0.000000000000000000e+00,6.263735883804656401e-01,2.064409662205182461e-01,1.080567145585933780e-01,1.000000000000000000e+00
9.994214251620250344e-01,2.033650404258870864e-02,2.690703312594669439e-02,0.000000000000000000e+00,1.859798471897482902e-02,-9.978080804501459067e-01,6.335531906632890786e-02,0.000000000000000000e+00,2.813702250119501022e-02,-6.281945615115139270e-02,-9.976281992273677846e-01,0.000000000000000000e+00,6.215876174309171720e-01,1.969172520000964377e-01,1.245119503101594638e-01,1.000000000000000000e+00
9.995969889471446601e-01,1.914583137639134028e-02,2.049496840488121766e-02,0.000000000000000000e+00,1.734294706363652058e-02,-9.962379167577340988e-01,8.479376334711552499e-02,0.000000000000000000e+00,2.204173609423041441e-02,-8.440577244383221100e-02,-9.961876467052340756e-01,0.000000000000000000e+00,6.191401660721606026e-01,1.919436022307744738e-01,1.333199070131346753e-01,1.000000000000000000e+00
9.997042632263845041e-01,1.823051461451578523e-02,1.548487407406141589e-02,0.000000000000000000e+00,1.650848839319130068e-02,-9.943403736638963819e-01,1.048591341473054245e-01,0.000000000000000000e+00,1.730920470630680982e-02,-1.045745049646420455e-01,-9.943664135236240931e-01,0.000000000000000000e+00,6.169304707723554104e-01,1.873363552331654969e-01,1.425921703192354895e-01,1.000000000000000000e+00
9.997635986881469039e-01,1.799704780951611599e-02,1.138419560076795942e-02,0.000000000000000000e+00,1.644658004453940225e-02,-9.921252920922999374e-01,1.240873148102390328e-01,0.000000000000000000e+00,1.352801417903569912e-02,-1.238731342637344329e-01,-9.922058452962523312e-01,0.000000000000000000e+00,6.147179491877661217e-01,1.829729670439759481e-01,1.520879832614204508e-01,1.000000000000000000e+00
9.998061773586880419e-01,1.729765999615044333e-02,8.315381847744968136e-03,0.000000000000000000e+00,1.593223465523011667e-02,-9.895946857938867636e-01,1.429309926104114781e-01,0.000000000000000000e+00,1.070143543575625099e-02,-1.427735555664224332e-01,-9.896975250603267105e-01,0.000000000000000000e+00,6.125004410328559468e-01,1.787551950315330318e-01,1.617636252130144892e-01,1.000000000000000000e+00
9.999083700684303633e-01,1.250939835830562098e-02,-2.741043782265693927e-03,0.000000000000000000e+00,1.280476514603350394e-02,-9.798138997525052130e-01,1.994530188855279107e-01,0.000000000000000000e+00,-1.906792018538511744e-04,-1.994736819274474660e-01,-9.799031655524690354e-01,0.000000000000000000e+00,6.037234053619494611e-01,1.661647924114357244e-01,1.898832209926727133e-01,1.000000000000000000e+00
9.999221864740955867e-01,6.277042215016418771e-03,-9.847164013226872986e-03,0.000000000000000000e+00,8.256285739804219981e-03,-9.763466470137065478e-01,2.160088088761290548e-01,0.000000000000000000e+00,-8.258508156650676280e-03,-2.160774616296192996e-01,-9.763412966881648281e-01,0.000000000000000000e+00,5.993692080270797140e-01,1.619778606145820810e-01,1.984389412508772155e-01,1.000000000000000000e+00
9.998092049721601926e-01,-2.917607738251972154e-03,-1.880925621153549041e-02,0.000000000000000000e+00,1.470548584774446004e-03,-9.733792969354627678e-01,2.291535046327941860e-01,0.000000000000000000e+00,-1.897748600084043710e-02,-2.291418548993702786e-01,-9.732080277917788402e-01,0.000000000000000000e+00,5.942890372075768646e-01,1.581674005586876097e-01,2.065322192560982428e-01,1.000000000000000000e+00
9.988354330428963479e-01,-2.296599888468619025e-02,-4.220293229677750391e-02,0.000000000000000000e+00,-1.191022004760923687e-02,-9.692919528756579473e-01,2.455850232610273520e-01,0.000000000000000000e+00,-4.654796422588477339e-02,-2.448010900270396195e-01,-9.684553233618982127e-01,0.000000000000000000e+00,5.824626446019454118e-01,1.516558152049848895e-01,2.212464267859021450e-01,1.000000000000000000e+00
9.966385564321921242e-01,-4.237603091033424751e-02,-6.997575821847619448e-02,0.000000000000000000e+00,-2.363024016546134629e-02,-9.680335421748982316e-01,2.496666174626681056e-01,0.000000000000000000e+00,-7.832026930136472276e-02,-2.471785921986938972e-01,-9.657995024720366084e-01,0.000000000000000000e+00,5.693882984865359376e-01,1.460749371690579501e-01,2.339018671925198467e-01,1.000000000000000000e+00
9.951215846859450265e-01,-4.930345830009810054e-02,-8.534018744409037349e-02,0.000000000000000000e+00,-2.666881550095644149e-02,-9.682742447590945156e-01,2.484240489912148131e-01,0.000000000000000000e+00,-9.488269707114636853e-02,-2.449409274643477019e-01,-9.648840426960174632e-01,0.000000000000000000e+00,5.625706826008238792e-01,1.432976659916477824e-01,2.394234793894685631e-01,1.000000000000000000e+00
9.909927462335539339e-01,-6.878337300996646697e-02,-1.148171215936844014e-01,0.000000000000000000e+00,-3.911661491925391004e-02,-9.692237645352856923e-01,2.430142621298511107e-01,0.000000000000000000e+00,-1.280012878843968249e-01,-2.363386641221132678e-01,-9.632028374859111786e-01,0.000000000000000000e+00,5.484859876662840916e-01,1.370969311819528191e-01,2.497336077527194942e-01,1.000000000000000000e+00
9.888867958939894232e-01,-7.657680471118591403e-02,-1.273563692476845088e-01,0.000000000000000000e+00,-4.394358026552882407e-02,-9.693589683786305589e-01,2.416462271142931217e-01,0.000000000000000000e+00,-1.419612678476240286e-01,-2.333687615083828992e-01,-9.619698641761803559e-01,0.000000000000000000e+00,5.419099635364021950e-01,1.333815241234595217e-01,2.546777358286569926e-01,1.000000000000000000e+00
9.871372822695280158e-01,-8.460444767690056267e-02,-1.355832596157250658e-01,0.000000000000000000e+00,-4.988007477143509977e-02,-9.690937405257118442e-01,2.415575441088285424e-01,0.000000000000000000e+00,-1.518326540642761513e-01,-2.316920152651625320e-01,-9.608671371329989830e-01,0.000000000000000000e+00,5.361449901234082160e-01,1.293879766509013762e-01,2.598977558068162885e-01,1.000000000000000000e+00
9.853756885925545328e-01,-9.522102557414532931e-02,-1.412390014145012140e-01,0.000000000000000000e+00,-5.787306906417457458e-02,-9.669786336552249617e-01,2.481607882655434694e-01,0.000000000000000000e+00,-1.602083058788964787e-01,-2.363622238406607734e-01,-9.583664215051105328e-01,0.000000000000000000e+00,5.266825604209204315e-01,1.197508369121675770e-01,2.711995543439276735e-01,1.000000000000000000e+00
9.849958511333257727e-01,-9.375599944603824065e-02,-1.448231083743809766e-01,0.000000000000000000e+00,-5.376789850515355934e-02,-9.644563063781093071e-01,2.586770053155910132e-01,0.000000000000000000e+00,-1.639312375323347393e-01,-2.470136986063180551e-01,-9.550449110182956947e-01,0.000000000000000000e+00,5.178191373273075548e-01,1.079398699320583549e-01,2.822277028609405103e-01,1.000000000000000000e+00
9.847788472546582517e-01,-9.157976411259347027e-02,-1.476635219208740357e-01,0.000000000000000000e+00,-5.043623699715499287e-02,-9.638923151091907116e-01,2.614355327269415885e-01,0.000000000000000000e+00,-1.662771397694703668e-01,-2.500134036955698469e-01,-9.538580663613639432e-01,0.000000000000000000e+00,5.132119631897766876e-01,1.021397703591840900e-01,2.872398977826555733e-01,1.000000000000000000e+00
9.842475021358448872e-01,-8.799133920418397703e-02,-1.532811980172804900e-01,0.000000000000000000e+00,-4.555399123363032543e-02,-9.642485631357349263e-01,2.610177949385164564e-01,0.000000000000000000e+00,-1.707717681623731609e-01,-2.499283542257761948e-01,-9.530859462570475671e-01,0.000000000000000000e+00,5.081977911029758044e-01,9.647063794018383154e-02,2.914703759816222872e-01,1.000000000000000000e+00
9.833160290635033496e-01,-8.226785855495680200e-02,-1.621799412281703656e-01,0.000000000000000000e+00,-3.851034468978779129e-02,-9.657890336200998238e-01,2.564161515822188653e-01,0.000000000000000000e+00,-1.777298382510257568e-01,-2.458972408069764470e-01,-9.528623465951311378e-01,0.000000000000000000e+00,5.027679919257060925e-01,9.120287313796163198e-02,2.949859231467555909e-01,1.000000000000000000e+00
9.791485836435659396e-01,-7.106413647439756287e-02,-1.902595242219301541e-01,0.000000000000000000e+00,-2.477932461825317276e-02,-9.715794518724270024e-01,2.353722597757558210e-01,0.000000000000000000e+00,-2.015826517387519501e-01,-2.257542587450535043e-01,-9.530999156313281206e-01,0.000000000000000000e+00,4.904213684675046703e-01,8.142086902338269150e-02,3.000084706753226027e-01,1.000000000000000000e+00
9.720735149751610349e-01,-5.028131412239873754e-02,-2.291846806293312555e-01,0.000000000000000000e+00,-2.997871905771511657e-03,-9.793412957388452078e-01,2.021444684521559731e-01,0.000000000000000000e+00,-2.346186287430084283e-01,-1.958159877303376761e-01,-9.521608046942191539e-01,0.000000000000000000e+00,4.771528232040921358e-01,7.304471877548771030e-02,3.031052106402870039e-01,1.000000000000000000e+00
9.672290850578814103e-01,-3.617285376026161542e-02,-2.512770752976493660e-01,0.000000000000000000e+00,1.086044451692824882e-02,-9.829851383638018580e-01,1.833112527969860406e-01,0.000000000000000000e+00,-2.536374050751643572e-01,-1.800364223173139822e-01,-9.503972608261868071e-01,0.000000000000000000e+00,4.704884758192694472e-01,6.893651472099451838e-02,3.043904181593478642e-01,1.000000000000000000e+00
9.618112709671055027e-01,-2.035965761625151832e-02,-2.729199704741265275e-01,0.000000000000000000e+00,2.564017187156408806e-02,-9.861298512394196525e-01,1.639245100103250974e-01,0.000000000000000000e+00,-2.724772228135285412e-01,-1.646653265836298952e-01,-9.479670317415753722e-01,0.000000000000000000e+00,4.642738433770473572e-01,6.498256995591331076e-02,3.054600954801964252e-01,1.000000000000000000e+00
9.487874113554782829e-01,1.389148337775022307e-02,-3.155791844278463265e-01,0.000000000000000000e+00,5.639338440996148616e-02,-9.904228268211971997e-01,1.259490262269129524e-01,0.000000000000000000e+00,-3.108131932397956709e-01,-1.372980722291461675e-01,-9.405022053510782021e-01,0.000000000000000000e+00,4.530254883305769864e-01,5.679714589256170537e-02,3.069541957827557344e-01,1.000000000000000000e+00
9.305103443308231359e-01,5.816830157840632148e-02,-3.615905069080560530e-01,0.000000000000000000e+00,9.543889107937682248e-02,-9.916977373055856360e-01,8.606836116558204408e-02,0.000000000000000000e+00,-3.535888448242210935e-01,-1.145995037838778846e-01,-9.283543949098111980e-01,0.000000000000000000e+00,4.422673582024123640e-01,4.827819478338704617e-02,3.067937307992975593e-01,1.000000000000000000e+00
9.189066469660853720e-01,7.932576371012654837e-02,-3.863919567933055688e-01,0.000000000000000000e+00,1.136828916580581439e-01,-9.912555089245911333e-01,6.685404304991783564e-02,0.000000000000000000e+00,-3.777171799796538165e-01,-1.053608080188503382e-01,-9.199069692538657250e-01,0.000000000000000000e+00,4.367598023904536997e-01,4.351419505383784941e-02,3.062180229783424967e-01,1.000000000000000000e+00
9.057277153637707245e-01,9.946461984715393445e-02,-4.120010217484822990e-01,0.000000000000000000e+00,1.305002454985327298e-01,-9.902849408990089808e-01,4.781389604160255630e-02,0.000000000000000000e+00,-4.032503802987474906e-01,-9.707447429266853611e-02,-9.099261932869705527e-01,0.000000000000000000e+00,4.311164994747214707e-01,3.893250487788577074e-02,3.055223937544435664e-01,1.000000000000000000e+00
8.910409085344265234e-01,1.179145334141556978e-01,-4.383183877378107884e-01,0.000000000000000000e+00,1.452566866028138781e-01,-9.889520093285825153e-01,2.924320678959842559e-02,0.000000000000000000e+00,-4.300359307191018998e-01,-8.972729775467370994e-02,-8.983418671798615307e-01,0.000000000000000000e+00,4.252137704835615151e-01,3.412534285397560846e-02,3.048158588499345067e-01,1.000000000000000000e+00
8.416704459333864685e-01,1.744949239079310044e-01,-5.110020830425920924e-01,0.000000000000000000e+00,1.866139461437023028e-01,-9.820253816386365076e-01,-2.796661980601113789e-02,0.000000000000000000e+00,-5.067068044892170109e-01,-7.182282065271668181e-02,-8.591214679646960173e-01,0.000000000000000000e+00,4.084901840809176399e-01,1.995156634658526093e-02,3.033042849565821264e-01,1.000000000000000000e+00
8.249236032271790586e-01,1.972259056640016661e-01,-5.297015554771481449e-01,0.000000000000000000e+00,2.016140275483195021e-01,-9.781667021371674986e-01,-5.022383524833106544e-02,0.000000000000000000e+00,-5.280520316687145055e-01,-6.536569534960617878e-02,-8.466926111181113379e-01,0.000000000000000000e+00,4.038390769407104175e-01,1.586507037596164224e-02,3.028604937590428370e-01,1.000000000000000000e+00
7.931203333852069326e-01,2.433215407798214325e-01,-5.583327963362711976e-01,0.000000000000000000e+00,2.285942896846090422e-01,-9.686265940313305567e-01,-9.740594930527303463e-02,0.000000000000000000e+00,-5.645278294273416986e-01,-5.037801993240537818e-02,-8.238752241145163024e-01,0.000000000000000000e+00,3.960349976923220328e-01,8.001407414100138171e-03,3.022800819389417359e-01,1.000000000000000000e+00
7.769325226712016086e-01,2.664082633839316427e-01,-5.704237366359578010e-01,0.000000000000000000e+00,2.404833163770391802e-01,-9.629235717457423904e-01,-1.221749418740666338e-01,0.000000000000000000e+00,-5.818340780927379052e-01,-4.225651969792022095e-02,-8.122090199652998166e-01,0.000000000000000000e+00,3.923256897350283490e-01,4.133063905470699476e-03,3.022102543570260869e-01,1.000000000000000000e+00
7.422433467726996525e-01,3.122331499702071245e-01,-5.929300305538186544e-01,0.000000000000000000e+00,2.613416380941736006e-01,-9.496224763641150091e-01,-1.729116753823981001e-01,0.000000000000000000e+00,-6.170603213197666248e-01,-2.661527725481998424e-02,-7.864656298080642260e-01,0.000000000000000000e+00,3.845610557685672504e-01,-4.510265208286065759e-03,3.030191823188816969e-01,1.000000000000000000e+00
7.235859011094096793e-01,3.352524834570763113e-01,-6.033323818201330457e-01,0.000000000000000000e+00,2.696890077368080951e-01,-9.419457693489887706e-01,-1.999668812895930292e-01,0.000000000000000000e+00,-6.353580107387742926e-01,-1.801924232484085342e-02,-7.720074514511542363e-01,0.000000000000000000e+00,3.804907709653605474e-01,-8.995630337406879465e-03,3.040752572934008469e-01,1.000000000000000000e+00
6.863830948444552549e-01,3.810408270321066770e-01,-6.194084937645299993e-01,0.000000000000000000e+00,2.831438637908137990e-01,-9.245477308526030003e-01,-2.549937110481747538e-01,0.000000000000000000e+00,-6.698486285884293068e-01,-3.583485335379630286e-04,-7.424976002415961673e-01,0.000000000000000000e+00,3.728874358118944854e-01,-1.743234859272236800e-02,3.072976662033825024e-01,1.000000000000000000e+00
6.691602358667880779e-01,4.036513544226900674e-01,-6.239157873532620302e-01,0.000000000000000000e+00,2.888839408949275267e-01,-9.148628934592948347e-01,-2.820508850642223231e-01,0.000000000000000000e+00,-6.846608061073701235e-01,8.498148954540766381e-03,-7.288122954813212040e-01,0.000000000000000000e+00,3.699313005503847562e-01,-2.138967198837860711e-02,3.094466917497727398e-01,1.000000000000000000e+00
6.523444670143238033e-01,4.278298986981687868e-01,-6.256109182526474743e-01,0.000000000000000000e+00,2.958964264146339285e-01,-9.036932587488544222e-01,-3.094584718958807157e-01,0.000000000000000000e+00,-6.977693903301087630e-01,1.675780951481138994e-02,-7.161264230138513209e-01,0.000000000000000000e+00,3.676207950432895388e-01,-2.505153896157781210e-02,3.117661713053730965e-01,1.000000000000000000e+00
6.249535747366661287e-01,4.756717522175741841e-01,-6.189912442574074802e-01,0.000000000000000000e+00,3.121440514994101578e-01,-8.790300666816264208e-01,-3.603511896531458869e-01,0.000000000000000000e+00,-7.155345727687493218e-01,3.198894519549776161e-02,-6.978445260643110215e-01,0.000000000000000000e+00,3.659406612581765916e-01,-3.228147149297031643e-02,3.170386492951113300e-01,1.000000000000000000e+00
5.988414607513470322e-01,5.257207263781724649e-01,-6.041418456313117913e-01,0.000000000000000000e+00,3.305270819660737769e-01,-8.493615103288779666e-01,-4.114822228967466855e-01,0.000000000000000000e+00,-7.294736081987142073e-01,4.672827376665460858e-02,-6.824109636958781699e-01,0.000000000000000000e+00,3.659126611292500830e-01,-3.961352690497261381e-02,3.236930444451949773e-01,1.000000000000000000e+00
5.815427929605141433e-01,5.547753622582333177e-01,-5.949899362914794487e-01,0.000000000000000000e+00,3.409977758543857873e-01,-8.302674051105769504e-01,-4.408597280025917109e-01,0.000000000000000000e+00,-7.385930859849896279e-01,5.348958243551751868e-02,-6.720261288864023408e-01,0.000000000000000000e+00,3.653969857293328793e-01,-4.357169600398723419e-02,3.277142393618167060e-01,1.000000000000000000e+00
5.604344366721588644e-01,5.877233888872754886e-01,-5.835025340545015871e-01,0.000000000000000000e+00,3.530537910046048777e-01,-8.068652333024697310e-01,-4.736055984109946437e-01,0.000000000000000000e+00,-7.491714194379138769e-01,5.941824902692971477e-02,-6.597057343846234323e-01,0.000000000000000000e+00,3.644724852847032182e-01,-4.826239387442941148e-02,3.324161249123662176e-01,1.000000000000000000e+00
5.370651053783861428e-01,6.219460430989257604e-01,-5.698464169929479128e-01,0.000000000000000000e+00,3.653240097950407050e-01,-7.803991508373082642e-01,-5.074409129552815978e-01,0.000000000000000000e+00,-7.603231664250598154e-01,6.435146833160940161e-02,-6.463494187519138734e-01,0.000000000000000000e+00,3.634537386561993433e-01,-5.359791865263299065e-02,3.373782445292478060e-01,1.000000000000000000e+00
4.932019939028488564e-01,6.829871301590987320e-01,-5.387588701344053765e-01,0.000000000000000000e+00,3.860095980726903631e-01,-7.268402802401628948e-01,-5.680497725704765077e-01,0.000000000000000000e+00,-7.795773413853723799e-01,7.219857559544877457e-02,-6.221306410075804205e-01,0.000000000000000000e+00,3.626626238211422826e-01,-6.616490583691339578e-02,3.472059187551619908e-01,1.000000000000000000e+00
4.484570023563794194e-01,7.393552733033308400e-01,-5.022159334163897038e-01,0.000000000000000000e+00,4.072570441522583851e-01,-6.692005286883607740e-01,-6.215248179218526570e-01,0.000000000000000000e+00,-7.956261380460178945e-01,7.419760869989266983e-02,-6.012268817353365602e-01,0.000000000000000000e+00,3.631610225462159058e-01,-8.086550973360456807e-02,3.567201229699739073e-01,1.000000000000000000e+00
4.241456839385627786e-01,7.682972497327968942e-01,-4.793751367671432728e-01,0.000000000000000000e+00,4.182828070321018554e-01,-6.357094417900216454e-01,-6.487632433034200563e-01,0.000000000000000000e+00,-8.032017802832284170e-01,7.465718909900807831e-02,-5.910103250076830239e-01,0.000000000000000000e+00,3.635332475103064676e-01,-8.826200733408412491e-02,3.614829609391078113e-01,1.000000000000000000e+00
3.989359777938724649e-01,7.975548521655763112e-01,-4.524788285765434237e-01,0.000000000000000000e+00,4.292116824938264630e-01,-5.984675120697318107e-01,-6.764574750190085473e-01,0.000000000000000000e+00,-8.103214214858959208e-01,7.565548152896839351e-02,-5.810812696995980575e-01,0.000000000000000000e+00,3.638627352338065224e-01,-9.577666727020853199e-02,3.663284801942525148e-01,1.000000000000000000e+00
3.310710936617889955e-01,8.716682637228230224e-01,-3.613407199046830276e-01,0.000000000000000000e+00,4.554555464989973323e-01,-4.829949112263021704e-01,-7.478348131733401072e-01,0.000000000000000000e+00,-8.264055129500801344e-01,8.301345268533434629e-02,-5.569225213968046484e-01,0.000000000000000000e+00,3.659061463050753971e-01,-1.166383988843033570e-01,3.775012233187675093e-01,1.000000000000000000e+00
3.138437496636489743e-01,8.895607778471067428e-01,-3.319103346000540355e-01,0.000000000000000000e+00,4.624813890246463610e-01,-4.485261385814680590e-01,-7.647980221707165738e-01,0.000000000000000000e+00,-8.292207493005627761e-01,8.652639233711185984e-02,-5.521830605501560907e-01,0.000000000000000000e+00,3.673094149420615961e-01,-1.232438236126836978e-01,3.794525392353177429e-01,1.000000000000000000e+00
2.985817116106436742e-01,9.047927700900814107e-01,-3.036111848822172221e-01,0.000000000000000000e+00,4.713213891397646793e-01,-4.164173763899143843e-01,-7.774531906688086913e-01,0.000000000000000000e+00,-8.298789767938151707e-01,8.903657317993191045e-02,-5.507934027491840911e-01,0.000000000000000000e+00,3.693798904995910792e-01,-1.299563409614553355e-01,3.804229541470410814e-01,1.000000000000000000e+00
2.682574647013723501e-01,9.299993330752409637e-01,-2.512367807722576951e-01,0.000000000000000000e+00,4.874173781606550016e-01,-3.559825350720274839e-01,-7.972963571294516827e-01,0.000000000000000000e+00,-8.309369846282073091e-01,9.142528661772482412e-02,-5.488033751206794486e-01,0.000000000000000000e+00,3.737818492194200370e-01,-1.432117467303051228e-01,3.799613200325312468e-01,1.000000000000000000e+00
2.514650674986136369e-01,9.407983373277956085e-01,-2.272543843589847901e-01,0.000000000000000000e+00,4.916289762590554391e-01,-3.264145369022514176e-01,-8.073012118797854297e-01,0.000000000000000000e+00,-8.337028238515913348e-01,9.128497092283666126e-02,-5.446160625481949458e-01,0.000000000000000000e+00,3.753967349898786887e-01,-1.495357714121191839e-01,3.792527393282442150e-01,1.000000000000000000e+00
2.151029472619359617e-01,9.595615324171921090e-01,-1.815299823324156292e-01,0.000000000000000000e+00,4.880868063072398289e-01,-2.666332397666087428e-01,-8.310588016870823491e-01,0.000000000000000000e+00,-8.458702702035966192e-01,9.016254417359607920e-02,-5.257130411297010752e-01,0.000000000000000000e+00,3.762142852261138315e-01,-1.618543017612269208e-01,3.781578372595050808e-01,1.000000000000000000e+00
1.796784359955376220e-01,9.731418913511564739e-01,-1.438445891818656563e-01,0.000000000000000000e+00,4.712798778747427364e-01,-2.135067825831974686e-01,-8.557399589843558418e-01,0.000000000000000000e+00,-8.634848223776095955e-01,8.596861218880579025e-02,-4.969943251605985490e-01,0.000000000000000000e+00,3.755491608683488303e-01,-1.727986019156394770e-01,3.770481064717942643e-01,1.000000000000000000e+00
1.625984877786018357e-01,9.785030802208241063e-01,-1.267840710486912437e-01,0.000000000000000000e+00,4.608189378119470492e-01,-1.889294423157637515e-01,-8.671403111846039957e-01,0.000000000000000000e+00,-8.724695070571424349e-01,8.257279212047462236e-02,-4.816416647850306765e-01,0.000000000000000000e+00,3.753457392839575357e-01,-1.777190142534930406e-01,3.764702738771064094e-01,1.000000000000000000e+00
1.454905440149834306e-01,9.830536925510465762e-01,-1.114391585807480711e-01,0.000000000000000000e+00,4.500682456042495172e-01,-1.660722472287166906e-01,-8.774048836770430571e-01,0.000000000000000000e+00,-8.810600253915308322e-01,7.750037937598568127e-02,-4.666121760666486762e-01,0.000000000000000000e+00,3.754568701742560521e-01,-1.823086181510593928e-01,3.759658638940785447e-01,1.000000000000000000e+00
1.280830268959293194e-01,9.869251029882246673e-01,-9.774623375899109401e-02,0.000000000000000000e+00,4.397816039912739727e-01,-1.448584315362195785e-01,-8.863345432199610796e-01,0.000000000000000000e+00,-8.889222909689674657e-01,7.053877376137829280e-02,-4.525941250333721522e-01,0.000000000000000000e+00,3.760831158245518946e-01,-1.866211677776868083e-01,3.755883821312885340e-01,1.000000000000000000e+00
9.297747320481918043e-02,9.926928483969578165e-01,-7.679091820775428567e-02,0.000000000000000000e+00,4.193058094233452771e-01,-1.089916189165349714e-01,-9.012681133219984098e-01,0.000000000000000000e+00,-9.030693639601971023e-01,5.159974719632007961e-02,-4.263838528436565967e-01,0.000000000000000000e+00,3.782332225977552698e-01,-1.944302333977508679e-01,3.760713482054000578e-01,1.000000000000000000e+00
5.700751000821782655e-02,9.968261408394223366e-01,-5.539436472291872637e-02,0.000000000000000000e+00,3.978834482943199302e-01,-7.357237507628298923e-02,-9.144706742702382041e-01,0.000000000000000000e+00,-9.156613974414775647e-01,3.009177462356378216e-02,-4.008225172511209466e-01,0.000000000000000000e+00,3.807536028939544348e-01,-2.011163197274240255e-01,3.786392891318951515e-01,1.000000000000000000e+00
3.935710594153158520e-02,9.982940913207990485e-01,-4.290305754949683831e-02,0.000000000000000000e+00,3.887537348410811111e-01,-5.485160731064268880e-02,-9.196970053902304709e-01,0.000000000000000000e+00,-9.204991104119415457e-01,1.951826440385670547e-02,-3.902568706448167890e-01,0.000000000000000000e+00,3.822048559445243021e-01,-2.040997936452245420e-01,3.803685684853663207e-01,1.000000000000000000e+00
2.345511277097868733e-02,9.991542896684234565e-01,-3.348596755801878933e-02,0.000000000000000000e+00,3.821519258951880937e-01,-3.991231227661229397e-02,-9.232267650824153016e-01,0.000000000000000000e+00,-9.238002710807403650e-01,8.857831436136954714e-03,-3.827722534006345323e-01,0.000000000000000000e+00,3.838244138661438543e-01,-2.072598384225441404e-01,3.820507168019938726e-01,1.000000000000000000e+00
1.041334437236922546e-02,9.995219318297804412e-01,-2.877875868509012502e-02,0.000000000000000000e+00,3.800483219938328716e-01,-3.057673521854156057e-02,-9.244506926355000598e-01,0.000000000000000000e+00,-9.249065099850554139e-01,-1.310720765081699627e-03,-3.801923589426022265e-01,0.000000000000000000e+00,3.858755903086623085e-01,-2.105653239445128555e-01,3.829215439744963478e-01,1.000000000000000000e+00
-4.236617948785399886e-03,9.997075311867356096e-01,-2.340192423896781879e-02,0.000000000000000000e+00,3.865456737354303618e-01,-1.994579376233040699e-02,-9.220441173440786509e-01,0.000000000000000000e+00,-9.222589744929612365e-01,-1.295251060473551902e-02,-3.863555570148121121e-01,0.000000000000000000e+00,3.922422755301505082e-01,-2.152224937852457998e-01,3.837512587580289014e-01,1.000000000000000000e+00
-4.721578892433991870e-03,9.996860440799142378e-01,-2.421294830917068014e-02,0.000000000000000000e+00,3.883904262268387253e-01,-2.047895862758510044e-02,-9.212568783841303954e-01,0.000000000000000000e+00,-9.214812416692981234e-01,-1.375412915510269840e-02,-3.881792693882474277e-01,0.000000000000000000e+00,3.937657202989684468e-01,-2.154990855763376789e-01,3.835314999264046176e-01,1.000000000000000000e+00
-5.492853355544353305e-03,9.996741075527600939e-01,-2.454086697359814107e-02,0.000000000000000000e+00,3.891565596831809137e-01,-2.046960285742523838e-02,-9.209337187418097370e-01,0.000000000000000000e+00,-9.211536702618052797e-01,-1.460907450026754581e-02,-3.889247879802095742e-01,0.000000000000000000e+00,3.949511307893566192e-01,-2.155385867304276393e-01,3.830920797856238180e-01,1.000000000000000000e+00
-6.154348552079243022e-03,9.996720123394630120e-01,-2.446913648407299940e-02,0.000000000000000000e+00,3.888415694415905399e-01,-2.015142280630637800e-02,-9.210737760539546848e-01,0.000000000000000000e+00,-9.212825006789611137e-01,-1.518351882315108724e-02,-3.885974970311401044e-01,0.000000000000000000e+00,3.955538191383234925e-01,-2.154398055691558733e-01,3.825819726959262534e-01,1.000000000000000000e+00
-6.612196212623311191e-03,9.996902241971172831e-01,-2.358985814225104602e-02,0.000000000000000000e+00,3.857630790302226109e-01,-1.921419746936528158e-02,-9.223873418331035579e-01,0.000000000000000000e+00,-9.225726311283475312e-01,-1.519939503453570338e-02,-3.855239534497203469e-01,0.000000000000000000e+00,3.955575490416980977e-01,-2.152696972994063707e-01,3.812575117055814755e-01,1.000000000000000000e+00
-6.467390064478435556e-03,9.997170426174105673e-01,-2.246674135829773711e-02,0.000000000000000000e+00,3.820418231815071453e-01,-1.829258809889594550e-02,-9.239535559009459664e-01,0.000000000000000000e+00,-9.241208834573904074e-01,-1.455908318441159928e-02,-3.818227675961211043e-01,0.000000000000000000e+00,3.952347178699082697e-01,-2.152543428171593554e-01,3.798027577483601980e-01,1.000000000000000000e+00
-6.585290661988519277e-03,9.997257802685465267e-01,-2.203962600751494319e-02,0.000000000000000000e+00,3.806451961658566252e-01,-1.787471364854201564e-02,-9.245379798304920183e-01,0.000000000000000000e+00,-9.246962085452052893e-01,-1.447790783487391993e-02,-3.804304300221621471e-01,0.000000000000000000e+00,3.952416713984791552e-01,-2.152120322255462737e-01,3.791785053229504987e-01,1.000000000000000000e+00
-6.701863646288528514e-03,9.997299804151732472e-01,-2.181279862722811450e-02,0.000000000000000000e+00,3.797664393656670079e-01,-1.763436129035175770e-02,-9.249039018917655230e-01,0.000000000000000000e+00,-9.250566247025018285e-01,-1.448262753912020126e-02,-3.795530194763016563e-01,0.000000000000000000e+00,3.953438003815408219e-01,-2.151964891035524075e-01,3.787188758646554132e-01,1.000000000000000000e+00
