9.996726161416448209e-01,1.979498497156880962e-02,1.560660141424425815e-02,0.000000000000000000e+00,2.276069594423557954e-02,-9.749144499420000498e-01,-2.213696296144300191e-01,0.000000000000000000e+00,1.083330131647291909e-02,2.216566414576924271e-01,-9.750645993370297138e-01,0.000000000000000000e+00,6.229014823566160208e-01,2.954120486726417028e-01,2.875463333419603709e-02,1.000000000000000000e+00
9.996724739611141386e-01,1.979227237910481316e-02,1.561914401449241742e-02,0.000000000000000000e+00,2.276078080326695077e-02,-9.749154760349094673e-01,-2.213651019155001842e-01,0.000000000000000000e+00,1.084623565345321436e-02,2.216523704887571056e-01,-9.750654264349979394e-01,0.000000000000000000e+00,6.229059717336424828e-01,2.954117683111590065e-01,2.876248352656488733e-02,1.000000000000000000e+00
9.996727099611136813e-01,1.979526995064631589e-02,1.560022909422404368e-02,0.000000000000000000e+00,2.275950736849731773e-02,-9.749155775406677105e-01,-2.213647858041060956e-01,0.000000000000000000e+00,1.082713912058174202e-02,2.216516563250089111e-01,-9.750658010138820719e-01,0.000000000000000000e+00,6.228992478127913790e-01,2.954105048389046306e-01,2.874978950932965960e-02,1.000000000000000000e+00
9.996724443550081274e-01,1.979734395818705597e-02,1.561461080822975668e-02,0.000000000000000000e+00,2.276474564441414647e-02,-9.749148967626697360e-01,-2.213672453801293905e-01,0.000000000000000000e+00,1.084064190217721296e-02,2.216544654679960535e-01,-9.750650124075037617e-01,0.000000000000000000e+00,6.229029098642892004e-01,2.954125153474837506e-01,2.875899923153208901e-02,1.000000000000000000e+00
9.996725466741418487e-01,1.979833727771012492e-02,1.560679878392336531e-02,0.000000000000000000e+00,2.276394004171901353e-02,-9.749157831988711775e-01,-2.213634242703992894e-01,0.000000000000000000e+00,1.083289529180481332e-02,2.216504777712047791e-01,-9.750660049880690572e-01,0.000000000000000000e+00,6.229005196999649607e-01,2.954102975204759840e-01,2.875307909516426966e-02,1.000000000000000000e+00
9.996724924675487456e-01,1.979655592064240299e-02,1.561252953906444585e-02,0.000000000000000000e+00,2.276348745552439837e-02,-9.749155034982166512e-01,-2.213647026490202507e-01,0.000000000000000000e+00,1.083884706300329917e-02,2.216518671470908142e-01,-9.750656230144476577e-01,0.000000000000000000e+00,6.229019788455989470e-01,2.954125099789346454e-01,2.875687434156835517e-02,1.000000000000000000e+00
9.996728811273899451e-01,1.977274858515021272e-02,1.561781204458326938e-02,0.000000000000000000e+00,2.274134626904057016e-02,-9.749179490321728814e-01,-2.213562077873157119e-01,0.000000000000000000e+00,1.084947352851997268e-02,2.216432353849571990e-01,-9.750674669643339953e-01,0.000000000000000000e+00,6.229105536034933444e-01,2.953973852286468360e-01,2.875767423515959015e-02,1.000000000000000000e+00
9.996723756401555416e-01,1.977306060324831791e-02,1.564973985587405844e-02,0.000000000000000000e+00,2.274874237376823746e-02,-9.749174919229691705e-01,-2.213574610539424947e-01,0.000000000000000000e+00,1.088050012047862142e-02,2.216452182149486194e-01,-9.750666705203169249e-01,0.000000000000000000e+00,6.229222212456059227e-01,2.953963947844829852e-01,2.877587228505631631e-02,1.000000000000000000e+00
9.996718279317153844e-01,1.971730709871684362e-02,1.575471807573837132e-02,0.000000000000000000e+00,2.271763936315025767e-02,-9.749182616531313350e-01,-2.213572652031338128e-01,0.000000000000000000e+00,1.099520487445756513e-02,2.216467993228191380e-01,-9.750650244059205773e-01,0.000000000000000000e+00,6.229748138050446027e-01,2.953709803411093682e-01,2.883163277950410303e-02,1.000000000000000000e+00
9.996683896470925923e-01,1.969680897752078275e-02,1.599666708099011306e-02,0.000000000000000000e+00,2.275199241143166171e-02,-9.749035453613689173e-01,-2.214185425486130121e-01,0.000000000000000000e+00,1.123418500743541756e-02,2.217133425845013439e-01,-9.750471715805478778e-01,0.000000000000000000e+00,6.230626837793841188e-01,2.953975893728675306e-01,2.896929225078270775e-02,1.000000000000000000e+00
9.996649068116847392e-01,1.967531830083845551e-02,1.623892977244080840e-02,0.000000000000000000e+00,2.278464971632066308e-02,-9.749048663459189967e-01,-2.214093679444452956e-01,0.000000000000000000e+00,1.147533280602388087e-02,2.217094420938426624e-01,-9.750452502440223324e-01,0.000000000000000000e+00,6.231573236017665662e-01,2.953892794718978032e-01,2.909467270823335242e-02,1.000000000000000000e+00
9.995496725784910330e-01,2.397568101570426644e-02,1.750330452437395129e-02,0.000000000000000000e+00,2.726441036139229737e-02,-9.746863670901997345e-01,-2.218645637260770187e-01,0.000000000000000000e+00,1.174110434299259313e-02,2.222461482334510685e-01,-9.749198921266311046e-01,0.000000000000000000e+00,6.233028808479449401e-01,2.956005546444420151e-01,2.993191665206841254e-02,1.000000000000000000e+00
9.994205387063656021e-01,2.603463943234546329e-02,2.148327867700685137e-02,0.000000000000000000e+00,3.017496401491945660e-02,-9.743402503781171120e-01,-2.230051455482922884e-01,0.000000000000000000e+00,1.512645580033813823e-02,2.235284834751420091e-01,-9.745800159095319160e-01,0.000000000000000000e+00,6.243908646452228650e-01,2.961383703466483053e-01,3.327277541050024240e-02,1.000000000000000000e+00
9.993432745634113212e-01,2.620621834182312523e-02,2.463738229413543757e-02,0.000000000000000000e+00,3.105510711970818627e-02,-9.742216018013172274e-01,-2.234023227423283520e-01,0.000000000000000000e+00,1.814808940188634631e-02,2.240250384768816272e-01,-9.744144031091148683e-01,0.000000000000000000e+00,6.252838367038584533e-01,2.963450500058941173e-01,3.568455334744764784e-02,1.000000000000000000e+00
9.992516378988912651e-01,2.641225429543223036e-02,2.791601476975748980e-02,0.000000000000000000e+00,3.199054721159518694e-02,-9.741964218274987708e-01,-2.233801322607036066e-01,0.000000000000000000e+00,2.129611885884449135e-02,2.241103264422856789e-01,-9.743310715067451389e-01,0.000000000000000000e+00,6.262378536556887365e-01,2.963864146878584793e-01,3.838014446744873742e-02,1.000000000000000000e+00
9.990054064012516832e-01,2.630803774499523157e-02,3.573278651723532651e-02,0.000000000000000000e+00,3.360736958847333755e-02,-9.744175619173284231e-01,-2.221749460169658019e-01,0.000000000000000000e+00,2.897422569645998619e-02,2.231591537059982866e-01,-9.743513156775195361e-01,0.000000000000000000e+00,6.286403022729480927e-01,2.957877562450450526e-01,4.428428910022962767e-02,1.000000000000000000e+00
9.985700235655166068e-01,2.573410378441285187e-02,4.665201860567930181e-02,0.000000000000000000e+00,3.536807538344290819e-02,-9.750294588329163625e-01,-2.191971727757219268e-01,0.000000000000000000e+00,3.984701683965000824e-02,2.205379641341934926e-01,-9.745641187856886045e-01,0.000000000000000000e+00,6.319073882092919314e-01,2.943108511532935290e-01,5.135085788904120846e-02,1.000000000000000000e+00
9.983389455928892708e-01,2.547362827648764344e-02,5.148971621710531771e-02,0.000000000000000000e+00,3.607117813617067431e-02,-9.755503918027860211e-01,-2.167511247087497706e-01,0.000000000000000000e+00,4.471023606066210077e-02,2.182525860622552272e-01,-9.748675825303341202e-01,0.000000000000000000e+00,6.334079425952812148e-01,2.931686357478225369e-01,5.496979059941399515e-02,1.000000000000000000e+00
9.981041145746801790e-01,2.533015408003201976e-02,5.592232706695616368e-02,0.000000000000000000e+00,3.673369324847532147e-02,-9.762585656292407377e-01,-2.134258553153120519e-01,0.000000000000000000e+00,4.918948805930940110e-02,2.150795989038175871e-01,-9.753569399967563225e-01,0.000000000000000000e+00,6.348459496182350392e-01,2.917492711339594869e-01,5.879197191358905006e-02,1.000000000000000000e+00
9.978786640007581976e-01,2.544821070241502781e-02,5.976041670968949837e-02,0.000000000000000000e+00,3.745190019316075453e-02,-9.771299292847717144e-01,-2.092730354562354067e-01,0.000000000000000000e+00,5.306908919736020441e-02,2.110713019711933647e-01,-9.760289838196137824e-01,0.000000000000000000e+00,6.360513576633597399e-01,2.901031379012241618e-01,6.271686068803974945e-02,1.000000000000000000e+00
9.977760666600734574e-01,2.726568748884877422e-02,6.066506397689999663e-02,0.000000000000000000e+00,3.867758911783372722e-02,-9.798836610946312087e-01,-1.957365620445554455e-01,0.000000000000000000e+00,5.410885482250372275e-02,1.976514407994036382e-01,-9.787778807164153605e-01,0.000000000000000000e+00,6.366203892001706111e-01,2.855798509775362426e-01,6.965029045664267171e-02,1.000000000000000000e+00
9.979820336099717304e-01,3.060476329635499274e-02,5.546130143160588055e-02,0.000000000000000000e+00,3.998458727607991092e-02,-9.834213735353700692e-01,-1.768173683645803407e-01,0.000000000000000000e+00,4.913132145663246658e-02,1.786815942799713786e-01,-9.826795007109352387e-01,0.000000000000000000e+00,6.354878429545182117e-01,2.799714245493897802e-01,7.616105646601283030e-02,1.000000000000000000e+00
9.981547147184591795e-01,3.278596578049932514e-02,5.092143786617848999e-02,0.000000000000000000e+00,4.079764773176182413e-02,-9.853963534001569657e-01,-1.652583599895516842e-01,0.000000000000000000e+00,4.476050602611052198e-02,1.670341019783375680e-01,-9.849345693377690170e-01,0.000000000000000000e+00,6.343094008674801110e-01,2.767215760023736260e-01,7.949978179678873769e-02,1.000000000000000000e+00
9.985071457955386753e-01,3.723727008498234348e-02,3.971916934017093170e-02,0.000000000000000000e+00,4.245446322429658609e-02,-9.892552894450246104e-01,-1.398296740988325126e-01,0.000000000000000000e+00,3.408617928639066930e-02,1.413099054495673690e-01,-9.893784124406040936e-01,0.000000000000000000e+00,6.312997452254249797e-01,2.697701724013071845e-01,8.635178238740083556e-02,1.000000000000000000e+00
9.987707977890196709e-01,3.936720123672840521e-02,2.979704434805886815e-02,0.000000000000000000e+00,4.257444888942103767e-02,-9.923241516788868788e-01,-1.160212963112726842e-01,0.000000000000000000e+00,2.500137438952464500e-02,1.171495309104702842e-01,-9.927995360021536486e-01,0.000000000000000000e+00,6.282032833912462033e-01,2.627775010954712664e-01,9.472267772374184935e-02,1.000000000000000000e+00
9.987914917253125635e-01,4.033692478917024621e-02,2.773509431904143743e-02,0.000000000000000000e+00,4.304971838129469097e-02,-9.934872057636524589e-01,-1.054070236389861165e-01,0.000000000000000000e+00,2.330311482901169587e-02,1.064756763651375226e-01,-9.940421998999099396e-01,0.000000000000000000e+00,6.270624947715348618e-01,2.591892296017837549e-01,9.959254782377602311e-02,1.000000000000000000e+00
9.987345765286107513e-01,4.223105733146344937e-02,2.695422683163519947e-02,0.000000000000000000e+00,4.460339161601940827e-02,-9.945140900641810111e-01,-9.451459686932053850e-02,0.000000000000000000e+00,2.281534627791482681e-02,9.559908639378637829e-02,-9.951584168638137884e-01,0.000000000000000000e+00,6.259264008535642132e-01,2.554976786402252120e-01,1.049598107577201789e-01,1.000000000000000000e+00
9.985383605926538841e-01,4.705931877061998031e-02,2.621659480154634944e-02,0.000000000000000000e+00,4.886340950869930838e-02,-9.961205713169629661e-01,-7.305423678035798118e-02,0.000000000000000000e+00,2.267744338656830019e-02,7.422991919268541461e-02,-9.969832760172541164e-01,0.000000000000000000e+00,6.230921683942499678e-01,2.478884659116361300e-01,1.161030604290890500e-01,1.000000000000000000e+00
9.983149715856052264e-01,5.154958235651280890e-02,2.627936392132733390e-02,0.000000000000000000e+00,5.309922308655346673e-02,-9.966438763566092263e-01,-6.214662605230263093e-02,0.000000000000000000e+00,2.298797709866926692e-02,6.343854241750139511e-02,-9.977209550995980170e-01,0.000000000000000000e+00,6.213544414749314626e-01,2.441489202920557600e-01,1.218990259978736251e-01,1.000000000000000000e+00
9.971920672630968374e-01,7.010672733290111702e-02,2.595716994261667090e-02,0.000000000000000000e+00,7.110082311546120359e-02,-9.966734662914787934e-01,-3.959067370026415206e-02,0.000000000000000000e+00,2.309569463948505513e-02,4.132587755137622637e-02,-9.988787517680653982e-01,0.000000000000000000e+00,6.171138255726594801e-01,2.367806790764787617e-01,1.330951115102965154e-01,1.000000000000000000e+00
9.954709414442937110e-01,9.181726388390447358e-02,2.424750902862508536e-02,0.000000000000000000e+00,9.220347469427368770e-02,-9.956126724357445834e-01,-1.531902871808622432e-02,0.000000000000000000e+00,2.273501368111012846e-02,1.748568917882669174e-02,-9.995886002885693289e-01,0.000000000000000000e+00,6.125192117080963117e-01,2.294099447939811354e-01,1.444260232391649801e-01,1.000000000000000000e+00
9.951453997641932503e-01,9.540531423098505548e-02,2.375302603584408118e-02,0.000000000000000000e+00,9.552167494599257680e-02,-9.954103853985961647e-01,-3.810663635004358282e-03,0.000000000000000000e+00,2.328089946865360624e-02,6.061209915476139902e-03,-9.997105888477381130e-01,0.000000000000000000e+00,6.106511417148821064e-01,2.256013208812971960e-01,1.500256040214276165e-01,1.000000000000000000e+00
9.950711037129751357e-01,9.576478536517223084e-02,2.536437148071977662e-02,0.000000000000000000e+00,9.561912381563233976e-02,-9.953844260353126305e-01,6.897424757832649155e-03,0.000000000000000000e+00,2.590832956521758532e-02,-4.438194538430924319e-03,-9.996544707489577464e-01,0.000000000000000000e+00,6.092974730096486491e-01,2.219405423144352463e-01,1.560972038278449214e-01,1.000000000000000000e+00
9.950796325733830550e-01,9.501120180181774066e-02,2.775145529523336332e-02,0.000000000000000000e+00,9.457626531881999088e-02,-9.953697273934871692e-01,1.658863249840848708e-02,0.000000000000000000e+00,2.919962658520687537e-02,-1.388264861643119172e-02,-9.994771902723330603e-01,0.000000000000000000e+00,6.080776278169901516e-01,2.185656964924556356e-01,1.623333003066359526e-01,1.000000000000000000e+00
9.949861625522891106e-01,9.538539004288000556e-02,2.974744689961734620e-02,0.000000000000000000e+00,9.438511181530295779e-02,-9.949659099322937239e-01,3.339214939808843319e-02,0.000000000000000000e+00,3.278344995034756376e-02,-3.041759612011963113e-02,-9.989995071348266586e-01,0.000000000000000000e+00,6.049898555100996500e-01,2.124855191243116004e-01,1.739178506835761528e-01,1.000000000000000000e+00
9.940715121558606482e-01,1.048151652548894586e-01,2.857195747510065525e-02,0.000000000000000000e+00,1.034251961885814253e-01,-9.935435988775475069e-01,4.642297732817891875e-02,0.000000000000000000e+00,3.325395773879830097e-02,-4.319353057335722362e-02,-9.985131412311580856e-01,0.000000000000000000e+00,6.013321357650488475e-01,2.067883360599513665e-01,1.850149045330578557e-01,1.000000000000000000e+00
9.934215782817719109e-01,1.113504354267318835e-01,2.637034765866153388e-02,0.000000000000000000e+00,1.099057896641222470e-01,-9.926208841995571852e-01,5.104159627601061872e-02,0.000000000000000000e+00,3.185987518112394501e-02,-4.780848970896831723e-02,-9.983482842501361088e-01,0.000000000000000000e+00,5.994030690321117127e-01,2.040911189913664492e-01,1.903551871050972455e-01,1.000000000000000000e+00
9.928442177376258782e-01,1.170636713469748735e-01,2.317764131522718346e-02,0.000000000000000000e+00,1.157029760202536312e-01,-9.918460019116541737e-01,5.324543861338570938e-02,0.000000000000000000e+00,2.922232001902775808e-02,-5.018366996205745473e-02,-9.983124036502023513e-01,0.000000000000000000e+00,5.973667705946066331e-01,2.017238066780462913e-01,1.958669141428911187e-01,1.000000000000000000e+00
9.922963014307069063e-01,1.225376434859138386e-01,1.770093209599812520e-02,0.000000000000000000e+00,1.214626437327781389e-01,-9.911909915077721234e-01,5.261170432985565887e-02,0.000000000000000000e+00,2.399238063087686182e-02,-5.005736136889109289e-02,-9.984581244320901439e-01,0.000000000000000000e+00,5.950234224427177754e-01,1.997050061199900084e-01,2.010285852372715176e-01,1.000000000000000000e+00
9.910444168729348746e-01,1.323148848061049265e-01,-1.744941101986243609e-02,0.000000000000000000e+00,1.329641641431913712e-01,-9.901486494210129941e-01,4.366840968771877607e-02,0.000000000000000000e+00,-1.149975156286548762e-02,-4.559835787546957092e-02,-9.988936607432510328e-01,0.000000000000000000e+00,5.840366262824233656e-01,1.945588062838537469e-01,2.152768193108537953e-01,1.000000000000000000e+00
9.899370460978043074e-01,1.371323981255093971e-01,-3.464241690050703232e-02,0.000000000000000000e+00,1.385031949511996152e-01,-9.895087040988130855e-01,4.086730236026974578e-02,0.000000000000000000e+00,-2.867529396475502687e-02,-4.525501330130481809e-02,-9.985638243433081485e-01,0.000000000000000000e+00,5.792443177544522870e-01,1.926948530141331106e-01,2.198783318632305528e-01,1.000000000000000000e+00
9.878075164094621829e-01,1.378152137861211879e-01,-7.227741192975827011e-02,0.000000000000000000e+00,1.406572104989189942e-01,-9.894010603012836080e-01,3.580276400735832310e-02,0.000000000000000000e+00,-6.657846426507736670e-02,-4.553345519893511884e-02,-9.967416980109493618e-01,0.000000000000000000e+00,5.692444568256460613e-01,1.889118705788422614e-01,2.295284304627888683e-01,1.000000000000000000e+00
9.866449564240239445e-01,1.356800230837296728e-01,-9.001893245447092906e-02,0.000000000000000000e+00,1.393077747726961524e-01,-9.896103034389253095e-01,3.529218208904132820e-02,0.000000000000000000e+00,-8.429684195642685174e-02,-4.736210249423526003e-02,-9.953144596977875347e-01,0.000000000000000000e+00,5.646006747616965082e-01,1.867843295507012613e-01,2.349873333776164586e-01,1.000000000000000000e+00
9.840367574496104996e-01,1.330360702040575549e-01,-1.181262498936032357e-01,0.000000000000000000e+00,1.385158598157385790e-01,-9.895655623139393287e-01,3.942209232159243210e-02,0.000000000000000000e+00,-1.116512582910201418e-01,-5.515620889877913963e-02,-9.922155960989254009e-01,0.000000000000000000e+00,5.567190108243537106e-01,1.817116159905019790e-01,2.467632820150209849e-01,1.000000000000000000e+00
9.832857089202156065e-01,1.296008495739818522e-01,-1.278029002964303218e-01,0.000000000000000000e+00,1.360933738508500745e-01,-9.897346685716185144e-01,4.341228308358493354e-02,0.000000000000000000e+00,-1.208670194624665434e-01,-6.008096218165328434e-02,-9.908488490125960668e-01,0.000000000000000000e+00,5.535755968680803329e-01,1.788919586830102493e-01,2.528153613004205380e-01,1.000000000000000000e+00
9.824339835299203960e-01,1.222076589609230601e-01,-1.409592245936078792e-01,0.000000000000000000e+00,1.310882369992039942e-01,-9.898060618494745055e-01,5.550298143057653261e-02,0.000000000000000000e+00,-1.327419612444658559e-01,-7.300751700631692709e-02,-9.884581297078518514e-01,0.000000000000000000e+00,5.483473163376726411e-01,1.723687780005327130e-01,2.651984763233203868e-01,1.000000000000000000e+00
9.820996223650593215e-01,1.183059922589755619e-01,-1.465086033215639849e-01,0.000000000000000000e+00,1.285661521393306750e-01,-9.897115033166814513e-01,6.263091591162812943e-02,0.000000000000000000e+00,-1.375942865055900521e-01,-8.034739318584747936e-02,-9.872244469872373251e-01,0.000000000000000000e+00,5.459458437880817527e-01,1.687787838999849077e-01,2.711510174525415540e-01,1.000000000000000000e+00
9.800658686466305891e-01,1.138435534280870520e-01,-1.627614369499120750e-01,0.000000000000000000e+00,1.274938397335559082e-01,-9.889130527107078406e-01,7.600685435927016786e-02,0.000000000000000000e+00,-1.523069514733518814e-01,-9.524463805243715830e-02,-9.837332216892719083e-01,0.000000000000000000e+00,5.399769311155383500e-01,1.611560986916620308e-01,2.822698561612413393e-01,1.000000000000000000e+00
9.783123166476381805e-01,1.111922507258395476e-01,-1.747055848427919444e-01,0.000000000000000000e+00,1.269469839174573456e-01,-9.885276016382236186e-01,8.172142298596327126e-02,0.000000000000000000e+00,-1.636176539699766841e-01,-1.021293880176641772e-01,-9.812231404795234146e-01,0.000000000000000000e+00,5.361278766746102598e-01,1.572288504790921304e-01,2.875769039540299610e-01,1.000000000000000000e+00
9.733803514233481113e-01,1.025714772090471766e-01,-2.049159106251183804e-01,0.000000000000000000e+00,1.230123218060128615e-01,-9.883415953376628593e-01,8.960807168165979553e-02,0.000000000000000000e+00,-1.933394081177822466e-01,-1.124320829108514108e-01,-9.746686103496886577e-01,0.000000000000000000e+00,5.269395871299368261e-01,1.494582207437219201e-01,2.975351835605497541e-01,1.000000000000000000e+00
9.703349988475051813e-01,9.626006198900080579e-02,-2.217312277932325382e-01,0.000000000000000000e+00,1.190176444298969849e-01,-9.886441054342907098e-01,9.164267567895538480e-02,0.000000000000000000e+00,-2.103957924777710431e-01,-1.153162442228631707e-01,-9.707913134788462850e-01,0.000000000000000000e+00,5.218716081719934063e-01,1.456983332383615937e-01,3.023465160919213135e-01,1.000000000000000000e+00
9.641080525229983600e-01,8.330132104210345723e-02,-2.520660625196498583e-01,0.000000000000000000e+00,1.093682014554473308e-01,-9.897978720814484266e-01,9.121137996240334667e-02,0.000000000000000000e+00,-2.419010812063716598e-01,-1.155078616934908237e-01,-9.634011629628571605e-01,0.000000000000000000e+00,5.122916425928690787e-01,1.385518164908579597e-01,3.123922800297463942e-01,1.000000000000000000e+00
9.615244617531836235e-01,7.516874670636461420e-02,-2.641990080792375739e-01,0.000000000000000000e+00,1.023688934324588212e-01,-9.905911619510830990e-01,9.072213854966885982e-02,0.000000000000000000e+00,-2.548986405349438211e-01,-1.142795157758999675e-01,-9.601910618868847447e-01,0.000000000000000000e+00,5.080645083643918758e-01,1.349421621656408388e-01,3.174898847071243591e-01,1.000000000000000000e+00
9.588979960457438834e-01,6.833005574322084663e-02,-2.753659084977532201e-01,0.000000000000000000e+00,9.631837496578826707e-02,-9.913162214842955455e-01,8.941849119313510785e-02,0.000000000000000000e+00,-2.668698595216513758e-01,-1.122681703521877378e-01,-9.571710066673907447e-01,0.000000000000000000e+00,5.041362584405545411e-01,1.313431180280604238e-01,3.224124031497426768e-01,1.000000000000000000e+00
9.522648840225820255e-01,6.238442399981927733e-02,-2.987984625142459105e-01,0.000000000000000000e+00,9.170118578019083311e-02,-9.921331841426761500e-01,8.510807453250149313e-02,0.000000000000000000e+00,-2.911440572490478496e-01,-1.084476920000599087e-01,-9.505126175009058764e-01,0.000000000000000000e+00,4.959197269571675171e-01,1.241445835141188753e-01,3.321545188171621810e-01,1.000000000000000000e+00
9.479676676695919513e-01,6.154733644191436731e-02,-3.123299110414945456e-01,0.000000000000000000e+00,9.154896848024740574e-02,-9.923835509435549040e-01,8.230687145112122738e-02,0.000000000000000000e+00,-3.048911675763295581e-01,-1.066197869053670255e-01,-9.464003365247691812e-01,0.000000000000000000e+00,4.913371783762000566e-01,1.202978804381132777e-01,3.369985838803356559e-01,1.000000000000000000e+00
9.380087750906853650e-01,5.849781253769079092e-02,-3.416113152142145060e-01,0.000000000000000000e+00,8.924838468981380335e-02,-9.931727011689605034e-01,7.498972185718379146e-02,0.000000000000000000e+00,-3.348987458283661511e-01,-1.008312165316527925e-01,-9.368435812959036157e-01,0.000000000000000000e+00,4.815056564040000042e-01,1.126779754737455286e-01,3.464685151563293708e-01,1.000000000000000000e+00
9.267652692788875823e-01,5.401827603756959723e-02,-3.717107859795946156e-01,0.000000000000000000e+00,8.387220264798440905e-02,-9.943701218973469702e-01,6.460852267340028154e-02,0.000000000000000000e+00,-3.661351077883381877e-01,-9.105489037004681208e-02,-9.260961557983711234e-01,0.000000000000000000e+00,4.713810879080900795e-01,1.045655638825482431e-01,3.558867779955823818e-01,1.000000000000000000e+00
9.208985516330830956e-01,5.221138810364631122e-02,-3.862649032122763559e-01,0.000000000000000000e+00,8.083654578076679420e-02,-9.950154744727124356e-01,5.822718718335340854e-02,0.000000000000000000e+00,-3.813067750107149712e-01,-8.484728644802938535e-02,-9.205466209341784944e-01,0.000000000000000000e+00,4.664685879415443326e-01,1.004573810815371365e-01,3.604137738712763217e-01,1.000000000000000000e+00
9.150100432649151960e-01,5.215162039875296390e-02,-4.000219695408375187e-01,0.000000000000000000e+00,7.899001562300250745e-02,-9.955660433468133119e-01,5.088789313635496553e-02,0.000000000000000000e+00,-3.956020199466038223e-01,-7.816217978810073574e-02,-9.150900040241611855e-01,0.000000000000000000e+00,4.617776134470261140e-01,9.603447032078075984e-02,3.650053764758733887e-01,1.000000000000000000e+00
9.094086543394875877e-01,5.297019691909587297e-02,-4.124933994041632968e-01,0.000000000000000000e+00,7.752556935398040305e-02,-9.960525470249771418e-01,4.300995887704600618e-02,0.000000000000000000e+00,-4.085947218308538242e-01,-7.109378324477004518e-02,-9.099428703363265925e-01,0.000000000000000000e+00,4.573903250742951676e-01,9.159859571926343147e-02,3.694833720498633123e-01,1.000000000000000000e+00
8.994424205770580327e-01,5.742885915205139802e-02,-4.332274288456174349e-01,0.000000000000000000e+00,7.677717334619610368e-02,-9.966652933143790305e-01,2.728196577850882515e-02,0.000000000000000000e+00,-4.302242534222202597e-01,-5.780164760156083353e-02,-9.008696139296953342e-01,0.000000000000000000e+00,4.497861740888470794e-01,8.091768420391985683e-02,3.784484468957132197e-01,1.000000000000000000e+00
8.920209351447918600e-01,6.529857450995417423e-02,-4.472309183538045740e-01,0.000000000000000000e+00,7.892875553402059485e-02,-9.967997208361858430e-01,1.188759824190570996e-02,0.000000000000000000e+00,-4.450319795895084640e-01,-4.590425012143585504e-02,-8.943373731223758227e-01,0.000000000000000000e+00,4.439286614417316534e-01,6.910216957702969287e-02,3.865148508529269722e-01,1.000000000000000000e+00
8.889644416249860015e-01,6.915329144105276937e-02,-4.527038664628945108e-01,0.000000000000000000e+00,8.040492808470846298e-02,-9.967367146185972526e-01,5.631711305279124211e-03,0.000000000000000000e+00,-4.508457933587552979e-01,-4.140681013191521015e-02,-8.916409292340801152e-01,0.000000000000000000e+00,4.412935853573243250e-01,6.255527777240986465e-02,3.902845552916629490e-01,1.000000000000000000e+00
8.857145125657676088e-01,7.416144818802002103e-02,-4.582473444923040318e-01,0.000000000000000000e+00,8.304809668345602969e-02,-9.965355914827612738e-01,-7.585819447569817735e-04,0.000000000000000000e+00,-4.567248393930886108e-01,-3.738540251774026546e-02,-8.888221153638922178e-01,0.000000000000000000e+00,4.386793009014995359e-01,5.574658165426781692e-02,3.937267428890172671e-01,1.000000000000000000e+00
8.821248939929084987e-01,8.051338693778717359e-02,-4.640625096072878986e-01,0.000000000000000000e+00,8.666338001123959078e-02,-9.961950553227921779e-01,-8.100445460275525547e-03,0.000000000000000000e+00,-4.629578851050759059e-01,-3.307225776957110897e-02,-8.857630735050193715e-01,0.000000000000000000e+00,4.359717195655286037e-01,4.903472116551507720e-02,3.969598966192495748e-01,1.000000000000000000e+00
8.678134428184197668e-01,1.064262671514182301e-01,-4.853390825238211304e-01,0.000000000000000000e+00,1.007283416221502609e-01,-9.941821971747007991e-01,-3.789864003026736927e-02,0.000000000000000000e+00,-4.865582539809544804e-01,-1.599875964993819136e-02,-8.735016343274170092e-01,0.000000000000000000e+00,4.269228932404290355e-01,2.926398689164747338e-02,4.051572286661053179e-01,1.000000000000000000e+00
8.620043584549247351e-01,1.169440308158809227e-01,-4.932071842161838138e-01,0.000000000000000000e+00,1.061874240102994998e-01,-9.930845584908490897e-01,-4.988023225989102194e-02,0.000000000000000000e+00,-4.956391767903835510e-01,-9.375603295936294282e-03,-8.684779240103852604e-01,0.000000000000000000e+00,4.237711060560354626e-01,2.312762995132844682e-02,4.072849795071921131e-01,1.000000000000000000e+00
8.562858022404149505e-01,1.260669930671688699e-01,-5.008617424416639263e-01,0.000000000000000000e+00,1.099480216422147882e-01,-9.920095430675944792e-01,-6.171908862737256890e-02,0.000000000000000000e+00,-5.046500842556207456e-01,-2.219621113481122249e-03,-8.633211255048189869e-01,0.000000000000000000e+00,4.207320539317275787e-01,1.702381139083057604e-02,4.091377123074702027e-01,1.000000000000000000e+00
8.504942790430294330e-01,1.360874441330680584e-01,-5.080555439768520420e-01,0.000000000000000000e+00,1.141321707189374285e-01,-9.906734238724673736e-01,-7.430182865175273543e-02,0.000000000000000000e+00,-5.134385565078189995e-01,5.207898379064452438e-03,-8.581105560973135704e-01,0.000000000000000000e+00,4.178454659311789388e-01,1.127215203175670546e-02,4.107280956986738563e-01,1.000000000000000000e+00
8.389084388882052101e-01,1.581169687750395014e-01,-5.207805701528773756e-01,0.000000000000000000e+00,1.233535163810543234e-01,-9.871976370764251607e-01,-1.010221869113912679e-01,0.000000000000000000e+00,-5.300968762712167104e-01,2.050864537859544909e-02,-8.476890333325265425e-01,0.000000000000000000e+00,4.127076322974688183e-01,9.154749287225769213e-04,4.131371930395576486e-01,1.000000000000000000e+00
8.271436158505582892e-01,1.822592745508970768e-01,-5.315973499736926788e-01,0.000000000000000000e+00,1.333682963806582522e-01,-9.825776298754117510e-01,-1.293632316005882688e-01,0.000000000000000000e+00,-5.459238236555929991e-01,3.610443333998170079e-02,-8.370565385076779163e-01,0.000000000000000000e+00,4.081129240538350911e-01,-7.925043649855367106e-03,4.149918620867846242e-01,1.000000000000000000e+00
8.222840098976560430e-01,1.921608813991728670e-01,-5.356341565170511521e-01,0.000000000000000000e+00,1.363222348416630314e-01,-9.803621791524657070e-01,-1.424324151182289611e-01,0.000000000000000000e+00,-5.524960446014096638e-01,4.410190126715327757e-02,-8.323479699046666402e-01,0.000000000000000000e+00,4.061322573974845973e-01,-1.192657001750357243e-02,4.157134265428006903e-01,1.000000000000000000e+00
8.179800031833471818e-01,2.015297234958411399e-01,-5.387719664580455925e-01,0.000000000000000000e+00,1.388978402548027846e-01,-9.780945735766445326e-01,-1.549811021179076931e-01,0.000000000000000000e+00,-5.582139827936927201e-01,5.193817984381682989e-02,-8.280697886580057343e-01,0.000000000000000000e+00,4.043200575395647367e-01,-1.536854296104153174e-02,4.162968240752083493e-01,1.000000000000000000e+00
8.139326032966547331e-01,2.110920789388146535e-01,-5.412343285502390078e-01,0.000000000000000000e+00,1.416019243830852481e-01,-9.756284829833681282e-01,-1.675670167538568789e-01,0.000000000000000000e+00,-5.634265445370623127e-01,5.974958607290343365e-02,-8.240027402109428856e-01,0.000000000000000000e+00,4.026258276467712394e-01,-1.852084300248097240e-02,4.167673872598443574e-01,1.000000000000000000e+00
8.025160845290216782e-01,2.472101948798047510e-01,-5.429878456474929171e-01,0.000000000000000000e+00,1.550644270817552461e-01,-9.652555243649865169e-01,-2.102796781381649494e-01,0.000000000000000000e+00,-5.761163899118540987e-01,8.455635272959065307e-02,-8.129822436486554560e-01,0.000000000000000000e+00,3.984728994988691042e-01,-2.450990159779126848e-02,4.175268193109112902e-01,1.000000000000000000e+00
7.944650421587589051e-01,2.743480220424086569e-01,-5.417925862267846115e-01,0.000000000000000000e+00,1.675076608407057299e-01,-9.565204425779676445e-01,-2.387269850505645274e-01,0.000000000000000000e+00,-5.837411993468555327e-01,9.890773974342960406e-02,-8.058929651038907460e-01,0.000000000000000000e+00,3.961679247051559383e-01,-2.709910893165909385e-02,4.176703284195729671e-01,1.000000000000000000e+00
7.902864301540498682e-01,2.876688642781364269e-01,-5.409942049047323787e-01,0.000000000000000000e+00,1.737969234078740044e-01,-9.519073597690262956e-01,-2.522850664084730354e-01,0.000000000000000000e+00,-5.875622361630461477e-01,1.053563645556931799e-01,-8.022908793465676203e-01,0.000000000000000000e+00,3.951282769705846687e-01,-2.808945941730118384e-02,4.176754685162926140e-01,1.000000000000000000e+00
7.857143759615661249e-01,3.002958684060323402e-01,-5.407920651477811091e-01,0.000000000000000000e+00,1.789231602203680549e-01,-9.472075193543479932e-01,-2.660172267289229731e-01,0.000000000000000000e+00,-5.921375851100953991e-01,1.122554952421418312e-01,-7.979798143361309659e-01,0.000000000000000000e+00,3.939620393945056365e-01,-2.879666952589227114e-02,4.177578035553045632e-01,1.000000000000000000e+00
7.747838639117358150e-01,3.253899856194762963e-01,-5.420443417117885021e-01,0.000000000000000000e+00,1.888051504574114192e-01,-9.373343308880068836e-01,-2.928100309085993058e-01,0.000000000000000000e+00,-6.033658387587381711e-01,1.245261211617095382e-01,-7.876819851738285916e-01,0.000000000000000000e+00,3.912260485870180382e-01,-3.039894019997775934e-02,4.184151246837942706e-01,1.000000000000000000e+00
7.637399822320956044e-01,3.488249840107362498e-01,-5.431418939570354931e-01,0.000000000000000000e+00,1.974948910525952672e-01,-9.273312789234567921e-01,-3.178572227266788230e-01,0.000000000000000000e+00,-6.145608399959830992e-01,1.354951291655795975e-01,-7.771460891723218634e-01,0.000000000000000000e+00,3.888290230789658852e-01,-3.211413028909534256e-02,4.198560479816434432e-01,1.000000000000000000e+00
7.582255647714574165e-01,3.598566760289851341e-01,-5.436707758796518464e-01,0.000000000000000000e+00,2.002832673231263738e-01,-9.221118677748886272e-01,-3.310242635220077001e-01,0.000000000000000000e+00,-6.204585115059993994e-01,1.421056357945990334e-01,-7.712569116547171033e-01,0.000000000000000000e+00,3.875760756908055438e-01,-3.254465746322759978e-02,4.210927104762089423e-01,1.000000000000000000e+00
7.525708595253818300e-01,3.701548064006344174e-01,-5.446129520980427241e-01,0.000000000000000000e+00,2.016271849681597617e-01,-9.168541749704001154e-01,-3.445368587283088591e-01,0.000000000000000000e+00,-6.268747023950802522e-01,1.494825014839795130e-01,-7.646457279336433821e-01,0.000000000000000000e+00,3.862609759506688833e-01,-3.281520671422153562e-02,4.227007772657846996e-01,1.000000000000000000e+00
7.472704903141383914e-01,3.780142452461292546e-01,-5.465096445607111608e-01,0.000000000000000000e+00,2.006920405670640228e-01,-9.124039697458189435e-01,-3.566825587918576734e-01,0.000000000000000000e+00,-6.334808539251947090e-01,1.568612349032751929e-01,-7.576915999896169929e-01,0.000000000000000000e+00,3.849688839688148456e-01,-3.313689350415664758e-02,4.245324432010998961e-01,1.000000000000000000e+00
7.376201874520895707e-01,3.865699033500226145e-01,-5.535891218117519053e-01,0.000000000000000000e+00,1.946386224245766350e-01,-9.068124339939934719e-01,-3.738820176416090546e-01,0.000000000000000000e+00,-6.465454824107863541e-01,1.680363350992588600e-01,-7.441389179854881464e-01,0.000000000000000000e+00,3.824981699918985623e-01,-3.455606153734374492e-02,4.288005903765504390e-01,1.000000000000000000e+00
7.290933020803590514e-01,3.921009728729680233e-01,-5.609461033244089734e-01,0.000000000000000000e+00,1.895302428287384267e-01,-9.032294806453058378e-01,-3.850136870913797860e-01,0.000000000000000000e+00,-6.576399604607806593e-01,1.743980069927360543e-01,-7.328676671556090261e-01,0.000000000000000000e+00,3.808847540154658429e-01,-3.668831004359816850e-02,4.329130447018277317e-01,1.000000000000000000e+00
7.242799017955783292e-01,3.977362715466756793e-01,-5.632097558213502442e-01,0.000000000000000000e+00,1.896861423664139568e-01,-9.002618160637494427e-01,-3.918272282945081120e-01,0.000000000000000000e+00,-6.628929012153907951e-01,1.769629075894403880e-01,-7.275006053988775090e-01,0.000000000000000000e+00,3.802845300326958555e-01,-3.755283113840001546e-02,4.349762404925660575e-01,1.000000000000000000e+00
7.187526024387865808e-01,4.064106057029656105e-01,-5.640973878337220970e-01,0.000000000000000000e+00,1.923512439471199709e-01,-8.959190231771377855e-01,-4.003883736605340360e-01,0.000000000000000000e+00,-6.681205255310490587e-01,1.792788029701095909e-01,-7.221316183146391232e-01,0.000000000000000000e+00,3.797635954551273341e-01,-3.827761678347279400e-02,4.369919569292071704e-01,1.000000000000000000e+00
7.122149740241868754e-01,4.168586441376018747e-01,-5.647649497664454232e-01,0.000000000000000000e+00,1.960126559331094032e-01,-8.906627569093450436e-01,-4.102190135402086768e-01,0.000000000000000000e+00,-6.740314261422222231e-01,1.814665400843408216e-01,-7.160667087656712448e-01,0.000000000000000000e+00,3.791471244851488120e-01,-3.892245176542635798e-02,4.389072431690568266e-01,1.000000000000000000e+00
6.915474580012140882e-01,4.455199371061797087e-01,-5.685550508738559383e-01,0.000000000000000000e+00,2.022874292139006658e-01,-8.750756925328587732e-01,-4.396624560061695441e-01,0.000000000000000000e+00,-6.934204451266455793e-01,1.890395538189915403e-01,-6.952928400122362351e-01,0.000000000000000000e+00,3.768951142883183447e-01,-4.130121848882620239e-02,4.444586543019895530e-01,1.000000000000000000e+00
6.843612833957143371e-01,4.528808276300096414e-01,-5.714274552866152046e-01,0.000000000000000000e+00,2.013517717603831858e-01,-8.706141200245645084e-01,-4.488532777244880756e-01,0.000000000000000000e+00,-7.007833472935582897e-01,1.921235736195597010e-01,-6.870161807524519659e-01,0.000000000000000000e+00,3.758722551681177304e-01,-4.229492656140805551e-02,4.462573473686678449e-01,1.000000000000000000e+00
6.772261975359613606e-01,4.604669108556184165e-01,-5.738603038016094615e-01,0.000000000000000000e+00,2.004219048451848784e-01,-8.659043047890626621e-01,-4.582810730405590394e-01,0.000000000000000000e+00,-7.079450075511267704e-01,1.953495343788871907e-01,-6.787138024980686746e-01,0.000000000000000000e+00,3.748978762984772062e-01,-4.337599798269151791e-02,4.479836753081297696e-01,1.000000000000000000e+00
6.638554705881678508e-01,4.733379690156333530e-01,-5.789886252419179646e-01,0.000000000000000000e+00,1.962163134789412788e-01,-8.573191905253033651e-01,-4.759030476714569691e-01,0.000000000000000000e+00,-7.216549356426862349e-01,2.023277235107178995e-01,-6.620254120209593252e-01,0.000000000000000000e+00,3.733355330659788307e-01,-4.582488228927627388e-02,4.506892491559415515e-01,1.000000000000000000e+00
6.508569905022195679e-01,4.877561212808235735e-01,-5.817730579604805108e-01,0.000000000000000000e+00,1.931766354180053935e-01,-8.474807985182013503e-01,-4.944085664435227123e-01,0.000000000000000000e+00,-7.342064361622777646e-01,2.094083414797842657e-01,-6.458243225650249775e-01,0.000000000000000000e+00,3.720923247630206765e-01,-4.841704992068426860e-02,4.529405628890078583e-01,1.000000000000000000e+00
6.438221616060545438e-01,4.979062469203651697e-01,-5.810018419969010806e-01,0.000000000000000000e+00,1.937833156641253496e-01,-8.406581681852531851e-01,-5.056902389159206868e-01,0.000000000000000000e+00,-7.402245247841652276e-01,2.129902200945556212e-01,-6.377325607589199308e-01,0.000000000000000000e+00,3.715492480831253386e-01,-4.974400198732841644e-02,4.538594374492052608e-01,1.000000000000000000e+00
6.301147703492331331e-01,5.181537197675673001e-01,-5.783189827249100023e-01,0.000000000000000000e+00,1.945859366477177832e-01,-8.263848936598011674e-01,-5.283985878965024030e-01,0.000000000000000000e+00,-7.517202378230741777e-01,2.204232577613394473e-01,-6.215547212314445069e-01,0.000000000000000000e+00,3.705834362982593500e-01,-5.252037981604702060e-02,4.549295690625310140e-01,1.000000000000000000e+00
6.235537207773514945e-01,5.290061334798963344e-01,-5.755988316063360699e-01,0.000000000000000000e+00,1.956866493161024678e-01,-8.184503130955872452e-01,-5.402097436870056946e-01,0.000000000000000000e+00,-7.568878841588964068e-01,2.242171058429939523e-01,-6.138789948034226729e-01,0.000000000000000000e+00,3.701125662585129650e-01,-5.396897719329319526e-02,4.552711599793898833e-01,1.000000000000000000e+00
6.173224675258408567e-01,5.401694749548462404e-01,-5.719358847948089464e-01,0.000000000000000000e+00,1.972798914682847293e-01,-8.100652263210775805e-01,-5.521374108216644538e-01,0.000000000000000000e+00,-7.615678098041982480e-01,2.280197696697733867e-01,-6.066477196114562487e-01,0.000000000000000000e+00,3.696831050901933646e-01,-5.544168281375709550e-02,4.554682337656045799e-01,1.000000000000000000e+00
