9.996692895164364101e-01,2.001615267674538776e-02,1.553744286982029245e-02,0.000000000000000000e+00,2.295491184207637189e-02,-9.750365500440025812e-01,-2.208111070617147231e-01,0.000000000000000000e+00,1.072999244623145179e-02,2.210989999859396538e-01,-9.751923397296151652e-01,0.000000000000000000e+00,6.228132319689902996e-01,2.953904168665409391e-01,2.850818827136584674e-02,1.000000000000000000e+00
9.996691978692101577e-01,2.001615828665765165e-02,1.554333105166188014e-02,0.000000000000000000e+00,2.295624350808999140e-02,-9.750360229221580743e-01,-2.208132962240870190e-01,0.000000000000000000e+00,1.073568049767212838e-02,2.211013240933739632e-01,-9.751917501950109202e-01,0.000000000000000000e+00,6.228148412104094200e-01,2.953921740318751765e-01,2.851076714774149201e-02,1.000000000000000000e+00
9.996693100857616532e-01,2.000665518500061024e-02,1.554834789211296912e-02,0.000000000000000000e+00,2.294807006022051704e-02,-9.750365017969173653e-01,-2.208120312513554007e-01,0.000000000000000000e+00,1.074270339783159334e-02,2.211000723779633081e-01,-9.751919566516971116e-01,0.000000000000000000e+00,6.228192736301872978e-01,2.953879873461988104e-01,2.851182711981967502e-02,1.000000000000000000e+00
9.996692414820773642e-01,2.000825093163883031e-02,1.555070514520303163e-02,0.000000000000000000e+00,2.295017356467797878e-02,-9.750359219796705945e-01,-2.208143729103999309e-01,0.000000000000000000e+00,1.074459361290550606e-02,2.211024849658017044e-01,-9.751913888309519107e-01,0.000000000000000000e+00,6.228198213254733107e-01,2.953896886657557119e-01,2.851410124110948657e-02,1.000000000000000000e+00
9.996690283715125025e-01,2.002314392632882287e-02,1.554523474477164692e-02,0.000000000000000000e+00,2.296354779317921410e-02,-9.750344150536091048e-01,-2.208196364344100215e-01,0.000000000000000000e+00,1.073584220238421247e-02,2.211077821507285157e-01,-9.751902841828312685e-01,0.000000000000000000e+00,6.228137523508071594e-01,2.953971311125303534e-01,2.851135938867842279e-02,1.000000000000000000e+00
9.996692512659380858e-01,2.001492801901298343e-02,1.554148097835747477e-02,0.000000000000000000e+00,2.295469352962261830e-02,-9.750348434996313207e-01,-2.208186652160965269e-01,0.000000000000000000e+00,1.073402244712514005e-02,2.211066366428924290e-01,-9.751905639384397251e-01,0.000000000000000000e+00,6.228147781959887386e-01,2.953949493828139650e-01,2.851066908430343119e-02,1.000000000000000000e+00
9.996689688088086223e-01,2.002131415844188300e-02,1.555142055602793012e-02,0.000000000000000000e+00,2.296313949405288241e-02,-9.750342517105335949e-01,-2.208204001379059922e-01,0.000000000000000000e+00,1.074225992292021994e-02,2.211086681643996688e-01,-9.751900126202655006e-01,0.000000000000000000e+00,6.228161221308926576e-01,2.953973322432142945e-01,2.851594227249561880e-02,1.000000000000000000e+00
9.996691388943549361e-01,2.002100705193550489e-02,1.554087899873999624e-02,0.000000000000000000e+00,2.296047652202358458e-02,-9.750349771867772297e-01,-2.208174736778562020e-01,0.000000000000000000e+00,1.073211902885175262e-02,2.211054967177231712e-01,-9.751908433441934809e-01,0.000000000000000000e+00,6.228129113926516025e-01,2.953942177898246091e-01,2.851036661692134613e-02,1.000000000000000000e+00
9.996736868273925491e-01,1.970920955625593898e-02,1.564652756379033768e-02,0.000000000000000000e+00,2.267876532199399053e-02,-9.750610136995834232e-01,-2.207316018784332701e-01,0.000000000000000000e+00,1.090608360602285214e-02,2.210186734702079270e-01,-9.752085947723431181e-01,0.000000000000000000e+00,6.229497859813960536e-01,2.952051612848025086e-01,2.851992266339152537e-02,1.000000000000000000e+00
9.996794663140730064e-01,1.939232874461143535e-02,1.567319741084848700e-02,0.000000000000000000e+00,2.237428158536214698e-02,-9.750941246758351166e-01,-2.206163784659107008e-01,0.000000000000000000e+00,1.100478924884094878e-02,2.209005930380994465e-01,-9.752342398670200696e-01,0.000000000000000000e+00,6.230612098727340564e-01,2.949859229891760859e-01,2.850135126588699414e-02,1.000000000000000000e+00
9.996980331782076012e-01,1.886194611523987416e-02,1.512667675260670475e-02,0.000000000000000000e+00,2.172562821784211270e-02,-9.753283953313394150e-01,-2.196434957838338253e-01,0.000000000000000000e+00,1.061077787213282261e-02,2.199100412405324556e-01,-9.754624468192178988e-01,0.000000000000000000e+00,6.231186629295412116e-01,2.943267218228038384e-01,2.820541068107195945e-02,1.000000000000000000e+00
9.997453522667544279e-01,1.772873271207516671e-02,1.325403933354802818e-02,0.000000000000000000e+00,2.016921707207612255e-02,-9.762968183482682027e-01,-2.154494652278271249e-01,0.000000000000000000e+00,9.120406045700569370e-03,2.156660773465710057e-01,-9.764245804338930190e-01,0.000000000000000000e+00,6.232754263287194618e-01,2.921925425395000553e-01,2.747225973016344594e-02,1.000000000000000000e+00
9.999023169365652830e-01,1.112145942480716881e-02,7.239932759288013678e-03,0.000000000000000000e+00,1.227827022469882116e-02,-9.823145989613412121e-01,-1.867833494959255658e-01,0.000000000000000000e+00,5.034685135588749978e-03,1.868575953647189092e-01,-9.823741094919492545e-01,0.000000000000000000e+00,6.255418219349916376e-01,2.781598505827663215e-01,2.705855879325464938e-02,1.000000000000000000e+00
9.999424114897723648e-01,7.629907411372064026e-03,6.140449341950890427e-03,0.000000000000000000e+00,8.578072796485961340e-03,-9.848461947439016706e-01,-1.731621675388805848e-01,0.000000000000000000e+00,4.726277858458408608e-03,1.732082034037343843e-01,-9.848738906942630100e-01,0.000000000000000000e+00,6.269676423727725822e-01,2.716282717819860637e-01,2.849140930786130121e-02,1.000000000000000000e+00
9.999554507724374153e-01,4.483864713482318097e-03,7.052540601164407688e-03,0.000000000000000000e+00,5.550138381388666775e-03,-9.872066958847085516e-01,-1.592886765139074345e-01,0.000000000000000000e+00,6.248206725931678557e-03,1.593237903793621180e-01,-9.872066094449850615e-01,0.000000000000000000e+00,6.288100013662767385e-01,2.650943842293598252e-01,3.136623480394828273e-02,1.000000000000000000e+00
9.999713916924594104e-01,-1.278849953132191099e-03,6.027208363042926495e-03,0.000000000000000000e+00,-6.091014126988073332e-04,-9.939396460032640102e-01,-1.098378623225322454e-01,0.000000000000000000e+00,6.131265537695176036e-03,1.098331634948061103e-01,-9.939311262756737042e-01,0.000000000000000000e+00,6.324185795511375607e-01,2.443358965252439285e-01,4.484284976939472561e-02,1.000000000000000000e+00
9.999870155137990935e-01,-1.954486357952605995e-03,1.701672145192709845e-03,0.000000000000000000e+00,-1.792296738999161424e-03,-9.958769911438321021e-01,-9.059002750808409221e-02,0.000000000000000000e+00,1.871749145770128849e-03,9.058754543264677106e-02,-9.958867371180436523e-01,0.000000000000000000e+00,6.320934262308950391e-01,2.374035237795522890e-01,5.066471622102032557e-02,1.000000000000000000e+00
9.999801990776326921e-01,-2.182150101806787715e-03,-3.947983637189836879e-03,0.000000000000000000e+00,-2.453143525161942656e-03,-9.975349447401496983e-01,-6.999116380172454299e-02,0.000000000000000000e+00,-3.785593298545422182e-03,7.000081061514290548e-02,-9.975397514869274174e-01,0.000000000000000000e+00,6.310958972658549104e-01,2.304945052029279684e-01,5.732428669008213934e-02,1.000000000000000000e+00
9.999217284797049521e-01,-2.240575599258473431e-03,-1.150059286954124849e-02,0.000000000000000000e+00,-2.791289259035420901e-03,-9.988292390498680895e-01,-4.809476920146012191e-02,0.000000000000000000e+00,-1.137958755050497150e-02,4.812403276886294962e-02,-9.987765428048666072e-01,0.000000000000000000e+00,6.293049885584741654e-01,2.235153239033826345e-01,6.453861025207698054e-02,1.000000000000000000e+00
9.996571466500410175e-01,-3.344284821786752248e-03,-2.559593350002103626e-02,0.000000000000000000e+00,-3.456431704858487809e-03,-9.999749888068277803e-01,-4.338403146594142432e-03,0.000000000000000000e+00,-2.558127697824282357e-02,4.425471510646990236e-03,-9.996629499336616709e-01,0.000000000000000000e+00,6.252432527974121079e-01,2.101650482880625115e-01,8.143325718031770022e-02,1.000000000000000000e+00
9.995445156680854426e-01,-4.816758336915331548e-03,-2.946704834530647354e-02,0.000000000000000000e+00,-3.739507059725281565e-03,-9.993168783978257919e-01,3.650396605005670758e-02,0.000000000000000000e+00,-2.962331989153593054e-02,-3.637784721643793490e-02,-9.988989494190596563e-01,0.000000000000000000e+00,6.222440952701397965e-01,1.982969771663377345e-01,1.014821683175059913e-01,1.000000000000000000e+00
9.996079631839712709e-01,-5.823742456848191897e-03,-2.703240396629489478e-02,0.000000000000000000e+00,-4.334177493318031212e-03,-9.984762428642260934e-01,5.483752585961323284e-02,0.000000000000000000e+00,-2.731109859871077780e-02,-5.469991743662975386e-02,-9.981292616318578892e-01,0.000000000000000000e+00,6.213024192553164848e-01,1.929858821829049942e-01,1.124027027439863796e-01,1.000000000000000000e+00
9.998125484890050263e-01,-8.031797989594392784e-03,-1.706179961738202647e-02,0.000000000000000000e+00,-6.482113196858060519e-03,-9.959994632350491761e-01,8.901571965223693816e-02,0.000000000000000000e+00,-1.770884048893707485e-02,-8.889014841543284307e-02,-9.958839985074665613e-01,0.000000000000000000e+00,6.196549858418178847e-01,1.830246531749064876e-01,1.348642356954214139e-01,1.000000000000000000e+00
9.998803825623433505e-01,-9.483953618073154984e-03,-1.140272300639248899e-02,0.000000000000000000e+00,-8.230170996360568897e-03,-9.943889118572210029e-01,1.053741104920506294e-01,0.000000000000000000e+00,-1.233834205030668110e-02,-1.052696863184619663e-01,-9.943671648128081797e-01,0.000000000000000000e+00,6.185181410209897868e-01,1.782856101196307053e-01,1.459999059515953712e-01,1.000000000000000000e+00
9.999066137107509578e-01,-1.286214026807034477e-02,-1.440870026021153459e-03,0.000000000000000000e+00,-1.254106210371078861e-02,-9.903775309453980435e-01,1.377527308659131089e-01,0.000000000000000000e+00,-3.198861833494126474e-03,-1.377244482314717300e-01,-9.904654176912522923e-01,0.000000000000000000e+00,6.150328406722914698e-01,1.687357656405134576e-01,1.672837223819646502e-01,1.000000000000000000e+00
9.998671475889583382e-01,-1.557130954354389064e-02,1.992082485180472241e-03,0.000000000000000000e+00,-1.569260268776581993e-02,-9.880350200359644397e-01,1.533665162433561491e-01,0.000000000000000000e+00,-4.198783238405551146e-04,-1.533803551379915586e-01,-9.881671368548626821e-01,0.000000000000000000e+00,6.124007047212427501e-01,1.639582207448735673e-01,1.770110873432237109e-01,1.000000000000000000e+00
9.997947951498903363e-01,-1.952670063808464168e-02,3.134079543905473296e-03,0.000000000000000000e+00,-1.977062414476537036e-02,-9.829612225481241250e-01,1.826940182075808827e-01,0.000000000000000000e+00,-4.867421131618918811e-04,-1.827220091825552395e-01,-9.831644981601020961e-01,0.000000000000000000e+00,6.050930960455309648e-01,1.544981994911028556e-01,1.943709262018236961e-01,1.000000000000000000e+00
9.997306476214375959e-01,-2.272934784738359082e-02,1.660076522984067640e-03,0.000000000000000000e+00,-2.261735725312793988e-02,-9.805801535661486934e-01,1.947607878508425816e-01,0.000000000000000000e+00,-2.799001491705074840e-03,-1.947496246469351266e-01,-9.808489941323931260e-01,0.000000000000000000e+00,6.006743930052115266e-01,1.498918121787613522e-01,2.019639716145291419e-01,1.000000000000000000e+00
9.996344714383778030e-01,-2.505011227122113174e-02,-9.174000682494031639e-03,0.000000000000000000e+00,-2.249306700682310659e-02,-9.763406341243267006e-01,2.150204059979951288e-01,0.000000000000000000e+00,-1.434351111169307122e-02,-2.147395928887957106e-01,-9.765660095123845919e-01,0.000000000000000000e+00,5.897747738778097437e-01,1.408476948496613368e-01,2.145064336519244275e-01,1.000000000000000000e+00
9.996356845668575852e-01,-1.897495796745136964e-02,-1.868678709387863388e-02,0.000000000000000000e+00,-1.434267967792498578e-02,-9.747989317253071828e-01,2.225804958842188541e-01,0.000000000000000000e+00,-2.243974768494782362e-02,-2.222356664981968710e-01,-9.747347158380778032e-01,0.000000000000000000e+00,5.836814524041294971e-01,1.362743366835994230e-01,2.198132802445090794e-01,1.000000000000000000e+00
9.994381022175533591e-01,-1.038300194989480452e-02,-3.156612119808272637e-02,0.000000000000000000e+00,-2.927284002847972775e-03,-9.737386358492871041e-01,2.276076601609540173e-01,0.000000000000000000e+00,-3.310103987132737013e-02,-2.273917429155173919e-01,-9.732406261625539123e-01,0.000000000000000000e+00,5.770127685606780688e-01,1.317333427881121899e-01,2.243920141168085636e-01,1.000000000000000000e+00
9.980690067392824494e-01,2.392951733165326559e-03,-6.191347567107949312e-02,0.000000000000000000e+00,1.636546717132232251e-02,-9.739393314871468421e-01,2.261749255948641013e-01,0.000000000000000000e+00,-5.975989398807887015e-02,-2.267557920430203766e-01,-9.721165392304957908e-01,0.000000000000000000e+00,5.631301919631752639e-01,1.223752920003734201e-01,2.324036275653183492e-01,1.000000000000000000e+00
9.968013874589604084e-01,6.274061182971955343e-03,-7.955109689609439483e-02,0.000000000000000000e+00,2.365600229400161014e-02,-9.753167140755781839e-01,2.194958944980315296e-01,0.000000000000000000e+00,-7.621185106861272374e-02,-2.206799218801852036e-01,-9.723641940320769672e-01,0.000000000000000000e+00,5.557335229610991245e-01,1.178415189331244034e-01,2.357107745728190262e-01,1.000000000000000000e+00
9.925770736372725445e-01,9.308220452541534490e-03,-1.211810910286073850e-01,0.000000000000000000e+00,3.335310751252579253e-02,-9.796362470982885595e-01,1.979422655514653517e-01,0.000000000000000000e+00,-1.168731491601992106e-01,-2.005185812518220645e-01,-9.726936648185460221e-01,0.000000000000000000e+00,5.398691966774401552e-01,1.083669504191299426e-01,2.408114039127428607e-01,1.000000000000000000e+00
9.847348471807800818e-01,5.784022723502322064e-03,-1.739096683056693404e-01,0.000000000000000000e+00,3.687809980186105424e-02,-9.836713786071809018e-01,1.761004587309771829e-01,0.000000000000000000e+00,-1.700546681997630871e-01,-1.798291786901421163e-01,-9.688874425417524083e-01,0.000000000000000000e+00,5.213329033100603249e-01,9.766177748918128398e-02,2.444235997670502203e-01,1.000000000000000000e+00
9.792417970479985190e-01,5.365062111106937322e-03,-2.025770616924800205e-01,0.000000000000000000e+00,3.984667756339271838e-02,-9.852223394729860972e-01,1.665230644437695195e-01,0.000000000000000000e+00,-1.986938655331783321e-01,-1.711416627421964987e-01,-9.650032534003809559e-01,0.000000000000000000e+00,5.116355343747144291e-01,9.186900987149015929e-02,2.462479826875098865e-01,1.000000000000000000e+00
9.728624105208973916e-01,5.151961044003160531e-03,-2.312853959809785809e-01,0.000000000000000000e+00,4.281439215869276005e-02,-9.864819460610969593e-01,1.581171869873757574e-01,0.000000000000000000e+00,-2.273486311007354987e-01,-1.637317636652511066e-01,-9.599502640781385487e-01,0.000000000000000000e+00,5.020362036024815788e-01,8.583480795176029465e-02,2.481614200342106002e-01,1.000000000000000000e+00
9.585758034835358821e-01,8.143258109817124585e-03,-2.846873078035955240e-01,0.000000000000000000e+00,5.110179275782791158e-02,-9.882771938318061222e-01,1.437968769830379467e-01,0.000000000000000000e+00,-2.801843930088090406e-01,-1.523911726989049809e-01,-9.477729877970449968e-01,0.000000000000000000e+00,4.842683255850855906e-01,7.319681911974991462e-02,2.530864521056231387e-01,1.000000000000000000e+00
9.446973270297736036e-01,2.248038421945412410e-02,-3.271426898607928124e-01,0.000000000000000000e+00,6.711354281099285446e-02,-9.897743393448283911e-01,1.257906055596905992e-01,0.000000000000000000e+00,-3.209757983630322498e-01,-1.407924644501991340e-01,-9.365639427285534779e-01,0.000000000000000000e+00,4.701285785290937325e-01,6.107232841167630627e-02,2.591741784707915497e-01,1.000000000000000000e+00
9.381000636660941083e-01,3.134216755257999976e-02,-3.449154765793851496e-01,0.000000000000000000e+00,7.576817345045933072e-02,-9.903356203308707473e-01,1.160831163307513431e-01,0.000000000000000000e+00,-3.379502925682687509e-01,-1.350337942946329695e-01,-9.314265801185922511e-01,0.000000000000000000e+00,4.642103925772322337e-01,5.505300966555964903e-02,2.624639278363751771e-01,1.000000000000000000e+00
9.316647345157818005e-01,4.199091675615618247e-02,-3.608577729117434796e-01,0.000000000000000000e+00,8.563713546871172533e-02,-9.906813013575329618e-01,1.058186518080184713e-01,0.000000000000000000e+00,-3.530584233425717033e-01,-1.294928252654737599e-01,-9.265966533026237517e-01,0.000000000000000000e+00,4.589464159351964723e-01,4.930189158027440538e-02,2.657171285771336988e-01,1.000000000000000000e+00
9.251615909485293443e-01,5.360902571048688225e-02,-3.757430636713954830e-01,0.000000000000000000e+00,9.596372328035024379e-02,-9.908393761748801598e-01,9.491596987206457614e-02,0.000000000000000000e+00,-3.672197402589340021e-01,-1.238726980132272559e-01,-9.218488037911014565e-01,0.000000000000000000e+00,4.541363570481235512e-01,4.380286345440032730e-02,2.689593691990310176e-01,1.000000000000000000e+00
9.102878908895428722e-01,7.502181512107129746e-02,-4.070975679821923765e-01,0.000000000000000000e+00,1.160087195517114644e-01,-9.902561958502339445e-01,7.691157565284663378e-02,0.000000000000000000e+00,-3.973684935754932535e-01,-1.172408008289720360e-01,-9.101389316662179541e-01,0.000000000000000000e+00,4.447033317912798545e-01,3.235795568087806301e-02,2.755312400956709817e-01,1.000000000000000000e+00
8.918515063109810903e-01,9.145043635377601843e-02,-4.429655238082824686e-01,0.000000000000000000e+00,1.324497398472407883e-01,-9.892109098944609213e-01,6.244668975517653903e-02,0.000000000000000000e+00,-4.324838784861462226e-01,-1.143660446127478247e-01,-8.943590457356682677e-01,0.000000000000000000e+00,4.346208482139491402e-01,2.159272311325473315e-02,2.817514531280342904e-01,1.000000000000000000e+00
8.808234565662030890e-01,1.008045073205131870e-01,-4.625680885749072213e-01,0.000000000000000000e+00,1.413357209796387293e-01,-9.884935887830920143e-01,5.371578735434662244e-02,0.000000000000000000e+00,-4.518394957628067421e-01,-1.126936894932756006e-01,-8.849526554664977063e-01,0.000000000000000000e+00,4.291823331633152772e-01,1.687266217010071137e-02,2.845729636256956185e-01,1.000000000000000000e+00
8.684766173505852338e-01,1.151870435919389313e-01,-4.821421543539232690e-01,0.000000000000000000e+00,1.536075538967643372e-01,-9.872785238802966878e-01,4.082379908587319139e-02,0.000000000000000000e+00,-4.713152960060705277e-01,-1.095173004457262456e-01,-8.751387619422367203e-01,0.000000000000000000e+00,4.237702072643267925e-01,1.269727320482913133e-02,2.870733965531823140e-01,1.000000000000000000e+00
8.420942342269125414e-01,1.489585851771685343e-01,-5.183332783885422623e-01,0.000000000000000000e+00,1.781435056768364555e-01,-9.839723213496461840e-01,6.641468524649570514e-03,0.000000000000000000e+00,-5.090460961285940833e-01,-9.793233517343347128e-02,-8.551498872967921994e-01,0.000000000000000000e+00,4.136061251426381702e-01,5.100898274943878839e-03,2.911902653914609229e-01,1.000000000000000000e+00
8.145251305549741083e-01,2.003857407834059301e-01,-5.444034473497539883e-01,0.000000000000000000e+00,2.067085130262207859e-01,-9.770948150129836751e-01,-5.037916254206680627e-02,0.000000000000000000e+00,-5.420394874264786722e-01,-7.149910972061183922e-02,-8.373058410041103183e-01,0.000000000000000000e+00,4.052265002672861827e-01,-4.334985031185715327e-04,2.947495265770274098e-01,1.000000000000000000e+00
8.008803622518261278e-01,2.311041476232391645e-01,-5.524149393453509083e-01,0.000000000000000000e+00,2.201618931046589733e-01,-9.715426055262592619e-01,-8.726083527578937238e-02,0.000000000000000000e+00,-5.568717119666007909e-01,-5.173622554215816932e-02,-8.289856810452386204e-01,0.000000000000000000e+00,4.016917445460588265e-01,-2.456300107062710063e-03,2.963733075656596050e-01,1.000000000000000000e+00
7.872976220922895951e-01,2.628115939260770029e-01,-5.577394259392728371e-01,0.000000000000000000e+00,2.320862868429715842e-01,-9.643829702421117256e-01,-1.268155710772623790e-01,0.000000000000000000e+00,-5.712140042175617438e-01,-2.960264478141646713e-02,-8.202671789165313365e-01,0.000000000000000000e+00,3.983469327005282334e-01,-4.916931833877177631e-03,2.980279011529958222e-01,1.000000000000000000e+00
7.744330637535212780e-01,2.942133666462380948e-01,-5.600648815567970118e-01,0.000000000000000000e+00,2.421509801564154518e-01,-9.557100886393791184e-01,-1.672180498134266668e-01,0.000000000000000000e+00,-5.844686958296179125e-01,-6.121191240163859938e-03,-8.113931689464897179e-01,0.000000000000000000e+00,3.952188618255961239e-01,-7.394095699279998324e-03,2.996687988083672205e-01,1.000000000000000000e+00
7.495340016711905529e-01,3.481338450768456383e-01,-5.630118588022731130e-01,0.000000000000000000e+00,2.548621064088513188e-01,-9.367299183174909727e-01,-2.399231413327152507e-01,0.000000000000000000e+00,-6.109271804640655779e-01,3.634086362336010068e-02,-7.908522755871257859e-01,0.000000000000000000e+00,3.888475438552679297e-01,-1.450548119417977705e-02,3.034619356794819311e-01,1.000000000000000000e+00
7.209714836637136637e-01,4.007868914998971577e-01,-5.652881868983302693e-01,0.000000000000000000e+00,2.709565057083387352e-01,-9.138651596624932649e-01,-3.023471330616201991e-01,0.000000000000000000e+00,-6.377862261500564234e-01,6.481639718123094474e-02,-7.674813120784858000e-01,0.000000000000000000e+00,3.827101383209513541e-01,-2.434606323191169583e-02,3.084993644834586046e-01,1.000000000000000000e+00
7.054720727452845619e-01,4.302871658850665471e-01,-5.631543805674225078e-01,0.000000000000000000e+00,2.827242570276660705e-01,-8.994951939095733318e-01,-3.331007918377579813e-01,0.000000000000000000e+00,-6.498961669385662221e-01,7.577736116209930761e-02,-7.562359180400439751e-01,0.000000000000000000e+00,3.804446634588646847e-01,-2.961962336133838053e-02,3.114795942988687338e-01,1.000000000000000000e+00
6.894194957121766443e-01,4.640800454113968576e-01,-5.561575471789734770e-01,0.000000000000000000e+00,2.974604903307285220e-01,-8.814564161088657146e-01,-3.667868455846322040e-01,0.000000000000000000e+00,-6.604598101814678213e-01,8.743678886095834768e-02,-7.457530738044217955e-01,0.000000000000000000e+00,3.789255267446520192e-01,-3.513484639437301771e-02,3.150138295428773216e-01,1.000000000000000000e+00
6.524483937765402919e-01,5.448774210415732178e-01,-5.266881775763579965e-01,0.000000000000000000e+00,3.369926380507565211e-01,-8.311082813937049618e-01,-4.423524990317136418e-01,0.000000000000000000e+00,-6.787758634983217521e-01,1.111242785713913994e-01,-7.258889183918539878e-01,0.000000000000000000e+00,3.778676059428217049e-01,-4.630182077506363875e-02,3.237334824373463982e-01,1.000000000000000000e+00
6.136204353711102177e-01,6.226021227469136221e-01,-4.856102397470780652e-01,0.000000000000000000e+00,3.740809799392201818e-01,-7.708406042266151559e-01,-5.156054016633923043e-01,0.000000000000000000e+00,-6.953584960064913556e-01,1.347310506855095014e-01,-7.059207505186182452e-01,0.000000000000000000e+00,3.790049842351478904e-01,-5.922688176265344939e-02,3.343704675987417274e-01,1.000000000000000000e+00
5.950590847788461701e-01,6.550998365712682459e-01,-4.655423038217558207e-01,0.000000000000000000e+00,3.877105446491554974e-01,-7.414017861504340612e-01,-5.477085648061471579e-01,0.000000000000000000e+00,-7.039712405030685849e-01,1.454260970301387290e-01,-6.951803671329848111e-01,0.000000000000000000e+00,3.799420681359033658e-01,-6.664992665254150517e-02,3.399598684241160740e-01,1.000000000000000000e+00
5.757843681571721550e-01,6.844487062515123288e-01,-4.471946743843061567e-01,0.000000000000000000e+00,3.972455253258492247e-01,-7.122614646065689170e-01,-5.786711894904601472e-01,0.000000000000000000e+00,-7.146040390751539073e-01,1.555467366194948631e-01,-6.820163341625342657e-01,0.000000000000000000e+00,3.806535050468098369e-01,-7.417384739457204279e-02,3.454792887119537692e-01,1.000000000000000000e+00
5.571769439911297139e-01,7.099740337294111470e-01,-4.306639889936271781e-01,0.000000000000000000e+00,4.021270537635753262e-01,-6.844558977942782896e-01,-6.081074769374765765e-01,0.000000000000000000e+00,-7.265250134344715116e-01,1.656450137419173130e-01,-6.668756512847661133e-01,0.000000000000000000e+00,3.811407845588906662e-01,-8.198441062158332016e-02,3.510550315290736911e-01,1.000000000000000000e+00
4.925603422449897906e-01,7.830317228537764240e-01,-3.797714801737404611e-01,0.000000000000000000e+00,4.044092810398172144e-01,-5.923488651637993652e-01,-6.968189881520346907e-01,0.000000000000000000e+00,-7.706034146160751774e-01,1.896459393024889362e-01,-6.084445702675980172e-01,0.000000000000000000e+00,3.818004921684028385e-01,-1.038250369960003611e-01,3.656439219018139952e-01,1.000000000000000000e+00
4.673777067636813998e-01,8.069760806009500520e-01,-3.610102927334061240e-01,0.000000000000000000e+00,4.021963595513827761e-01,-5.577449639602628517e-01,-7.260436560164881259e-01,0.000000000000000000e+00,-7.872666939106807149e-01,1.941433313220881085e-01,-5.852516719857435712e-01,0.000000000000000000e+00,3.817352696491668751e-01,-1.110628408733007610e-01,3.696361465676962776e-01,1.000000000000000000e+00
4.405038383791534118e-01,8.307596163656877364e-01,-3.402581006976565514e-01,0.000000000000000000e+00,3.986875867328976142e-01,-5.206189827150535798e-01,-7.549733968313383503e-01,0.000000000000000000e+00,-8.043617222193750749e-01,1.969157893840310369e-01,-5.605589993208074384e-01,0.000000000000000000e+00,3.817739123592587269e-01,-1.179885074076922197e-01,3.731404451851918491e-01,1.000000000000000000e+00
3.840478529158576348e-01,8.750658147180797597e-01,-2.945298176479103636e-01,0.000000000000000000e+00,3.886129854336017875e-01,-4.425601947572818662e-01,-8.081467493407296088e-01,0.000000000000000000e+00,-8.375448924182554711e-01,1.959126841161300259e-01,-5.100360510655164159e-01,0.000000000000000000e+00,3.824283301091306875e-01,-1.322789757902067265e-01,3.793472585004618591e-01,1.000000000000000000e+00
3.304249707145719417e-01,9.107104294623481477e-01,-2.478035498090934985e-01,0.000000000000000000e+00,3.726343441678998114e-01,-3.671010904360524352e-01,-8.522682569757180637e-01,0.000000000000000000e+00,-8.671552391018123584e-01,1.892742447023039176e-01,-4.606702199954444965e-01,0.000000000000000000e+00,3.846607642525574633e-01,-1.453006150941199004e-01,3.838323973513986243e-01,1.000000000000000000e+00
3.063793159677600242e-01,9.246155266495915681e-01,-2.262710532234169514e-01,0.000000000000000000e+00,3.640984465232176559e-01,-3.334570163986827485e-01,-8.696088122570267975e-01,0.000000000000000000e+00,-8.795224137613464332e-01,1.840487575959381950e-01,-4.388238581923355475e-01,0.000000000000000000e+00,3.867343659547931578e-01,-1.512448371135069747e-01,3.853271592368515130e-01,1.000000000000000000e+00
2.593970270548228152e-01,9.496307500553816672e-01,-1.757707820019603906e-01,0.000000000000000000e+00,3.468220341730881007e-01,-2.614580552852339701e-01,-9.007413107211820202e-01,0.000000000000000000e+00,-9.013456870417791977e-01,1.726917628359950774e-01,-3.971819576715175382e-01,0.000000000000000000e+00,3.916510145603560589e-01,-1.613261740670820510e-01,3.878552970823886392e-01,1.000000000000000000e+00
2.380242918795780760e-01,9.593417750027334323e-01,-1.516197286339692474e-01,0.000000000000000000e+00,3.346636285866567695e-01,-2.275571411102921826e-01,-9.144390357657151691e-01,0.000000000000000000e+00,-9.117792742635771885e-01,1.669203091384122983e-01,-3.752281511567609473e-01,0.000000000000000000e+00,3.938018318790901251e-01,-1.657061919359468227e-01,3.892154865737744718e-01,1.000000000000000000e+00
2.188331646525387142e-01,9.672064684896680697e-01,-1.288582176700722171e-01,0.000000000000000000e+00,3.272781967801347558e-01,-1.971653730416823569e-01,-9.241187934929607772e-01,0.000000000000000000e+00,-9.192377514509074699e-01,1.600584365964794753e-01,-3.596988367812302134e-01,0.000000000000000000e+00,3.967011276258551322e-01,-1.700269167256773239e-01,3.894942021184478742e-01,1.000000000000000000e+00
1.840207749197136367e-01,9.783368409443028435e-01,-9.473186871522344676e-02,0.000000000000000000e+00,3.416229153997672463e-01,-1.540301886142747267e-01,-9.271187796449938956e-01,0.000000000000000000e+00,-9.216437701625667112e-01,1.382492008266497652e-01,-3.625740191896304476e-01,0.000000000000000000e+00,4.060863357583378019e-01,-1.800454677832709627e-01,3.846236922291856319e-01,1.000000000000000000e+00
1.499961334078935560e-01,9.862183589639887948e-01,-6.967966207055480143e-02,0.000000000000000000e+00,3.545721290661587588e-01,-1.194485826241796222e-01,-9.273572064203597920e-01,0.000000000000000000e+00,-9.229176081852631386e-01,1.143957315903543492e-01,-3.676094464176634102e-01,0.000000000000000000e+00,4.139035064208190784e-01,-1.899021859544584301e-01,3.802876250548820614e-01,1.000000000000000000e+00
1.348410620767683532e-01,9.887791686452800377e-01,-6.414351512324571736e-02,0.000000000000000000e+00,3.548450603569757167e-01,-1.086291390323637918e-01,-9.285824897092070929e-01,0.000000000000000000e+00,-9.251486889946880510e-01,1.024520121615741797e-01,-3.655181096135382002e-01,0.000000000000000000e+00,4.163548399502935426e-01,-1.947672025899957193e-01,3.792059858576859455e-01,1.000000000000000000e+00
1.219898971354107658e-01,9.903379860705524562e-01,-6.580186352849246023e-02,0.000000000000000000e+00,3.516251007127064732e-01,-1.051199206405498965e-01,-9.302098353245420448e-01,0.000000000000000000e+00,-9.281570915106198694e-01,9.034035456706970835e-02,-3.610582138869616875e-01,0.000000000000000000e+00,4.177856380407821701e-01,-1.995144515261727258e-01,3.786487331419839397e-01,1.000000000000000000e+00
1.109889495510391066e-01,9.912217362670774357e-01,-7.170543585004905685e-02,0.000000000000000000e+00,3.492660860607364470e-01,-1.064530854606485361e-01,-9.309466626101253750e-01,0.000000000000000000e+00,-9.304257457537892240e-01,7.828202241402869299e-02,-3.580221454118093782e-01,0.000000000000000000e+00,4.189158646956109844e-01,-2.039918474916571633e-01,3.782110219385541594e-01,1.000000000000000000e+00
8.749599971959227951e-02,9.939865946670271013e-01,-6.569510298739449083e-02,0.000000000000000000e+00,3.438034601943138480e-01,-9.202762447814259728e-02,-9.345110186576373046e-01,0.000000000000000000e+00,-9.349551901667386700e-01,5.918091151747256751e-02,-3.497948142729372378e-01,0.000000000000000000e+00,4.196578031415339471e-01,-2.109248119871016403e-01,3.771589910825878245e-01,1.000000000000000000e+00
6.286285027038290840e-02,9.974309396325546917e-01,-3.406654694580286968e-02,0.000000000000000000e+00,3.388351165445389612e-01,-5.343670279147347962e-02,-9.393167886779374420e-01,0.000000000000000000e+00,-9.387421047824271447e-01,4.750610287815894284e-02,-3.413303837896486947e-01,0.000000000000000000e+00,4.191969063574671472e-01,-2.147000877194074897e-01,3.762140267359335155e-01,1.000000000000000000e+00
5.262691111639831998e-02,9.983746023819962678e-01,-2.143148259327229410e-02,0.000000000000000000e+00,3.361337281349686124e-01,-3.791920415141290801e-02,-9.410403804661194860e-01,0.000000000000000000e+00,-9.403415849264187276e-01,4.232101912695799412e-02,-3.375894474033901416e-01,0.000000000000000000e+00,4.190636813311888753e-01,-2.160854064828129917e-01,3.758452527079514938e-01,1.000000000000000000e+00
4.499010944702050430e-02,9.988638855503979563e-01,-1.508559234219730358e-02,0.000000000000000000e+00,3.330772237112945011e-01,-2.923560084611525126e-02,-9.424359869981362436e-01,0.000000000000000000e+00,-9.418244412507381647e-01,3.737635059704796925e-02,-3.340205536771373440e-01,0.000000000000000000e+00,4.189454572959296907e-01,-2.173488213570529959e-01,3.756646696321459533e-01,1.000000000000000000e+00
3.719477285566277769e-02,9.992492088451537802e-01,-9.915361605018198007e-03,0.000000000000000000e+00,3.289438132752757760e-01,-2.161222984510689782e-02,-9.440919585137091952e-01,0.000000000000000000e+00,-9.436156032203308897e-01,3.185430238944807896e-02,-3.295070511816293735e-01,0.000000000000000000e+00,4.184998031501300786e-01,-2.190894281390242948e-01,3.762331217414321416e-01,1.000000000000000000e+00
3.697876159101737281e-02,9.992376618547273992e-01,-1.172233865320104589e-02,0.000000000000000000e+00,3.280654878484010606e-01,-2.321925691199895614e-02,-9.443593853467299182e-01,0.000000000000000000e+00,-9.439298217313424333e-01,3.107614413006290835e-02,-3.286803384935640948e-01,0.000000000000000000e+00,4.183210544412733767e-01,-2.193292461562406925e-01,3.768167208498829912e-01,1.000000000000000000e+00
3.690210727584215117e-02,9.992291931375415492e-01,-1.264914864756742571e-02,0.000000000000000000e+00,3.274169963361384106e-01,-2.404884029570740489e-02,-9.445636615347114962e-01,0.000000000000000000e+00,-9.441579607045661460e-01,3.071543467771862407e-02,-3.280583900935226671e-01,0.000000000000000000e+00,4.181375113440934377e-01,-2.193146159700577191e-01,3.773807383299753737e-01,1.000000000000000000e+00
3.648805112580727483e-02,9.992363720911272562e-01,-1.326807131466524632e-02,0.000000000000000000e+00,3.278666636547661883e-01,-2.451224408547146918e-02,-9.443957579611396147e-01,0.000000000000000000e+00,-9.440179964776951316e-01,3.010958212716806359e-02,-3.285170245061368455e-01,0.000000000000000000e+00,4.181291852125119668e-01,-2.191999617443340098e-01,3.778415542576617492e-01,1.000000000000000000e+00
3.654276184238962333e-02,9.992346494410044855e-01,-1.324721912900020046e-02,0.000000000000000000e+00,3.276434562205300383e-01,-2.450339722016208269e-02,-9.444734490824739925e-01,0.000000000000000000e+00,-9.440933743956485547e-01,3.017388459632574724e-02,-3.282944366123271007e-01,0.000000000000000000e+00,4.180607617867366232e-01,-2.192154738424961502e-01,3.778048103365357346e-01,1.000000000000000000e+00
3.701420241229409769e-02,9.992184790603138023e-01,-1.315776673236846925e-02,0.000000000000000000e+00,3.261621080884015145e-01,-2.452569585861966855e-02,-9.449854582961521032e-01,0.000000000000000000e+00,-9.445878220005059500e-01,3.068690891297241874e-02,-3.268212969647291688e-01,0.000000000000000000e+00,4.176897814202013559e-01,-2.193613138006039465e-01,3.774544460599778550e-01,1.000000000000000000e+00
3.750946123417144007e-02,9.992038946962481516e-01,-1.285939512495954014e-02,0.000000000000000000e+00,3.241047503916946737e-01,-2.433747291056083048e-02,-9.456979142871542177e-01,0.000000000000000000e+00,-9.452762038384807664e-01,3.130543093458203890e-02,-3.247658671269369468e-01,0.000000000000000000e+00,4.171796921964237015e-01,-2.194684467090059488e-01,3.769699619699216631e-01,1.000000000000000000e+00
3.729037367394574115e-02,9.992138464357371852e-01,-1.272257928114092426e-02,0.000000000000000000e+00,3.237858322394823740e-01,-2.412623693372170988e-02,-9.458125641127909100e-01,0.000000000000000000e+00,-9.453941599236921345e-01,3.115091277210276996e-02,-3.244372096656633619e-01,0.000000000000000000e+00,4.171593843752671171e-01,-2.193664795646789734e-01,3.768557508703185843e-01,1.000000000000000000e+00
3.680736845730986362e-02,9.992312256914548385e-01,-1.276409540896017783e-02,0.000000000000000000e+00,3.240720476066071276e-01,-2.401792935841570026e-02,-9.457172907008749574e-01,0.000000000000000000e+00,-9.453150149298654714e-01,3.067346879957321207e-02,-3.247131978530437002e-01,0.000000000000000000e+00,4.172957548580816245e-01,-2.191919044524178461e-01,3.768315595333378565e-01,1.000000000000000000e+00
3.620617526924332918e-02,9.992503442016447135e-01,-1.298496771177958496e-02,0.000000000000000000e+00,3.246325687893005796e-01,-2.404933401873597665e-02,-9.455242311626518292e-01,0.000000000000000000e+00,-9.451458902531958417e-01,3.001905057061662538e-02,-3.252662028867013277e-01,0.000000000000000000e+00,4.174984743192963754e-01,-2.189830157034431402e-01,3.768564050426685963e-01,1.000000000000000000e+00
3.596750568101384632e-02,9.992577742649133565e-01,-1.307616180024784303e-02,0.000000000000000000e+00,3.251515932835276068e-01,-2.407424759308380777e-02,-9.453452379365003821e-01,0.000000000000000000e+00,-9.449765708563832023e-01,2.975054816285941164e-02,-3.257824203613821634e-01,0.000000000000000000e+00,4.176138879256468539e-01,-2.189026045516754004e-01,3.769916514648148365e-01,1.000000000000000000e+00
3.626010293245960497e-02,9.992464065151501762e-01,-1.313662449393276054e-02,0.000000000000000000e+00,3.249991127627920307e-01,-2.422203944828598896e-02,-9.453938948446682922e-01,0.000000000000000000e+00,-9.450178425234881940e-01,3.001126644343811434e-02,-3.256387587476535783e-01,0.000000000000000000e+00,4.175498902758901232e-01,-2.190236107498026719e-01,3.769462687245174748e-01,1.000000000000000000e+00
3.616502239326079005e-02,9.992494777278263518e-01,-1.316507945929927190e-02,0.000000000000000000e+00,3.251668391461337015e-01,-2.422327214390227607e-02,-9.453361871353297419e-01,0.000000000000000000e+00,-9.449637860558591784e-01,2.990783292048273742e-02,-3.258051021285225946e-01,0.000000000000000000e+00,4.175769635174347849e-01,-2.189849826233920271e-01,3.770129201836339150e-01,1.000000000000000000e+00
3.616412402107479357e-02,9.992497518245995192e-01,-1.314673014375427294e-02,0.000000000000000000e+00,3.251033860806654685e-01,-2.420361116496403536e-02,-9.453585142509001171e-01,0.000000000000000000e+00,-9.449856529971082386e-01,2.991459201672070148e-02,-3.257410517790200744e-01,0.000000000000000000e+00,4.175756233434561593e-01,-2.189856492116277753e-01,3.769848396001327928e-01,1.000000000000000000e+00
3.626147092315828296e-02,9.992461957440605946e-01,-1.314887518838788426e-02,0.000000000000000000e+00,3.250272119793294334e-01,-2.423496816868407275e-02,-9.453839033387522184e-01,0.000000000000000000e+00,-9.450081258353693059e-01,3.000784642302591412e-02,-3.256672707813531575e-01,0.000000000000000000e+00,4.175592552543513913e-01,-2.190255006935018789e-01,3.769504606732271834e-01,1.000000000000000000e+00
3.619256991416509167e-02,9.992480278880953026e-01,-1.319937672652817320e-02,0.000000000000000000e+00,3.252492610194235301e-01,-2.426731425634702510e-02,-9.453067029098604079e-01,0.000000000000000000e+00,-9.449343649697665715e-01,2.992056747281517798e-02,-3.258892534915638350e-01,0.000000000000000000e+00,4.175935984195732198e-01,-2.190003439142825248e-01,3.770322358454201717e-01,1.000000000000000000e+00
3.625779757670158365e-02,9.992456641827375252e-01,-1.319930407616510745e-02,0.000000000000000000e+00,3.251853205919627010e-01,-2.428649816893586888e-02,-9.453282076503382036e-01,0.000000000000000000e+00,-9.449538708887458283e-01,2.998387615146326859e-02,-3.258268697687611848e-01,0.000000000000000000e+00,4.175809710666114061e-01,-2.190277294708704026e-01,3.770049351025759332e-01,1.000000000000000000e+00
3.620436516118646919e-02,9.992475853454756418e-01,-1.320053126658254049e-02,0.000000000000000000e+00,3.252329504031117313e-01,-2.427173817799592806e-02,-9.453122011267569569e-01,0.000000000000000000e+00,-9.449395272263114709e-01,2.993175666926695469e-02,-3.258732573072035676e-01,0.000000000000000000e+00,4.175947885841456153e-01,-2.190063250530546735e-01,3.770210594261192427e-01,1.000000000000000000e+00
3.621699329513905496e-02,9.992470902096487473e-01,-1.320337098691235812e-02,0.000000000000000000e+00,3.252232700268817833e-01,-2.427823777243013140e-02,-9.453153646825462886e-01,0.000000000000000000e+00,-9.449423751386263337e-01,2.994301323254982064e-02,-3.258639649085594003e-01,0.000000000000000000e+00,4.175909486500762324e-01,-2.190112994406649416e-01,3.770186580465782478e-01,1.000000000000000000e+00
3.627401222785345269e-02,9.992449899388730072e-01,-1.320579494630081362e-02,0.000000000000000000e+00,3.252061680947703204e-01,-2.429858985454059692e-02,-9.453207252913715664e-01,0.000000000000000000e+00,-9.449460739680030086e-01,2.999654710381554484e-02,-3.258483151012230294e-01,0.000000000000000000e+00,4.175763074090076410e-01,-2.190342807831102134e-01,3.770167338312785388e-01,1.000000000000000000e+00
