9.996537148542875562e-01,2.048002640364577145e-02,1.593002817752235678e-02,0.000000000000000000e+00,2.349816542034708841e-02,-9.749434530352085737e-01,-2.211647496932326595e-01,0.000000000000000000e+00,1.100162858051061815e-02,2.214667539842184174e-01,-9.751058614572419847e-01,0.000000000000000000e+00,6.228531149262613864e-01,2.957574188287212524e-01,2.877449649069581394e-02,1.000000000000000000e+00
9.996534016890366026e-01,2.049319359872723081e-02,1.593274643214613248e-02,0.000000000000000000e+00,2.351169719930676014e-02,-9.749413583622049684e-01,-2.211725452014224325e-01,0.000000000000000000e+00,1.100117346814089014e-02,2.214747571558694783e-01,-9.751040488712332532e-01,0.000000000000000000e+00,6.228502687561393580e-01,2.957665754452342144e-01,2.877972351179450966e-02,1.000000000000000000e+00
9.996534901395655037e-01,2.050312619534956290e-02,1.591440759850105274e-02,0.000000000000000000e+00,2.351726401226805069e-02,-9.749423910053993669e-01,-2.211674013394841487e-01,0.000000000000000000e+00,1.098121887804806053e-02,2.214692919493634338e-01,-9.751055150881876576e-01,0.000000000000000000e+00,6.228407231121433352e-01,2.957714517018915634e-01,2.876822573752282550e-02,1.000000000000000000e+00
9.996534638241203474e-01,2.051261087840474881e-02,1.590383477647532365e-02,0.000000000000000000e+00,2.352422838645407827e-02,-9.749410911332103691e-01,-2.211723906820541874e-01,0.000000000000000000e+00,1.096869002434419302e-02,2.214741359524985964e-01,-9.751045559032344157e-01,0.000000000000000000e+00,6.228342043232428793e-01,2.957782138001998629e-01,2.876351723076003494e-02,1.000000000000000000e+00
9.996534088156725506e-01,2.052466540040361401e-02,1.589173541862805988e-02,0.000000000000000000e+00,2.353328101027218899e-02,-9.749413517630367565e-01,-2.211702787640385526e-01,0.000000000000000000e+00,1.095427494648964530e-02,2.214718717903583212e-01,-9.751052322011568574e-01,0.000000000000000000e+00,6.228272530082427094e-01,2.957814148883144423e-01,2.875679354325967260e-02,1.000000000000000000e+00
9.996529823540581949e-01,2.052722125294205793e-02,1.591524299148711769e-02,0.000000000000000000e+00,2.354101888109329938e-02,-9.749403992311277412e-01,-2.211736541233998155e-01,0.000000000000000000e+00,1.097654415495727745e-02,2.214758280943596724e-01,-9.751040831871907733e-01,0.000000000000000000e+00,6.228338189614677223e-01,2.957867886735561225e-01,2.877078108968333936e-02,1.000000000000000000e+00
9.996529851444017067e-01,2.052458826516953549e-02,1.591846316828385288e-02,0.000000000000000000e+00,2.353922397014827222e-02,-9.749392404818812974e-01,-2.211789528972047669e-01,0.000000000000000000e+00,1.098013885148687099e-02,2.214811729834864906e-01,-9.751028287132905703e-01,0.000000000000000000e+00,6.228353936567220250e-01,2.957882206226271626e-01,2.877390014763140172e-02,1.000000000000000000e+00
9.996529320733431589e-01,2.050424586128361468e-02,1.594798419975837142e-02,0.000000000000000000e+00,2.352584165294715340e-02,-9.749412176589484780e-01,-2.211716613524785380e-01,0.000000000000000000e+00,1.101360105894750273e-02,2.214743535811142250e-01,-9.751040002469181234e-01,0.000000000000000000e+00,6.228515600415578390e-01,2.957760033157036950e-01,2.878675570081296736e-02,1.000000000000000000e+00
9.996530984498054329e-01,2.043844875817669299e-02,1.602184362897192058e-02,0.000000000000000000e+00,2.347778809085397655e-02,-9.749472366570546278e-01,-2.211502342353325046e-01,0.000000000000000000e+00,1.110069816477825093e-02,2.214539380003422986e-01,-9.751076493620564056e-01,0.000000000000000000e+00,6.228958632523273753e-01,2.957373884218656990e-01,2.881987007176861626e-02,1.000000000000000000e+00
9.996517795158763597e-01,2.019717382016794280e-02,1.640551070914252063e-02,0.000000000000000000e+00,2.332684168208418174e-02,-9.749626697889770544e-01,-2.210981634394494910e-01,0.000000000000000000e+00,1.152942445907893278e-02,2.214081240734497857e-01,-9.751130780406537246e-01,0.000000000000000000e+00,6.231036909464519047e-01,2.955879977002537351e-01,2.901571500645207594e-02,1.000000000000000000e+00
9.996197891570045568e-01,1.990481300837470754e-02,1.856939541331190449e-02,0.000000000000000000e+00,2.352034446449875749e-02,-9.749679348264141954e-01,-2.210544420675517596e-01,0.000000000000000000e+00,1.370478162258106578e-02,2.214114162042736533e-01,-9.750841828965820524e-01,0.000000000000000000e+00,6.239288302908970740e-01,2.955195496615153350e-01,3.018765297325236643e-02,1.000000000000000000e+00
9.995228118378428617e-01,1.997457805439818712e-02,2.314976778564709417e-02,0.000000000000000000e+00,2.459819703003868901e-02,-9.750014624283103171e-01,-2.207890936317644104e-01,0.000000000000000000e+00,1.816123812168573756e-02,2.212574381304556748e-01,-9.750463145419480115e-01,0.000000000000000000e+00,6.254041160979123548e-01,2.955104684913548163e-01,3.282867334859565500e-02,1.000000000000000000e+00
9.993704792318468533e-01,2.036100618902954990e-02,2.871970696381079963e-02,0.000000000000000000e+00,2.619350457098216026e-02,-9.751019403322278567e-01,-2.201609710639530204e-01,0.000000000000000000e+00,2.352239597078238306e-02,2.207788956138536929e-01,-9.750401920635480835e-01,0.000000000000000000e+00,6.270184674104554157e-01,2.955748198196934129e-01,3.631960267696510147e-02,1.000000000000000000e+00
9.989400892899136242e-01,2.281018965876465895e-02,3.973839652526443833e-02,0.000000000000000000e+00,3.086097308752647553e-02,-9.759950464850323248e-01,-2.155504963528939721e-01,0.000000000000000000e+00,3.386838253238060731e-02,2.165525669669181585e-01,-9.756833084585790905e-01,0.000000000000000000e+00,6.297417746989216747e-01,2.952175490926970958e-01,4.476256293882122789e-02,1.000000000000000000e+00
9.983197645250099228e-01,2.722035292263586675e-02,5.096515522103362006e-02,0.000000000000000000e+00,3.723310143527421012e-02,-9.775776792793078318e-01,-2.072108202618819783e-01,0.000000000000000000e+00,4.418289716585453025e-02,2.087642674439506574e-01,-9.769674263948731063e-01,0.000000000000000000e+00,6.315882734056753600e-01,2.941551932865058561e-01,5.457882778980504418e-02,1.000000000000000000e+00
9.979716078489908604e-01,3.002522521762154492e-02,5.596340482082218931e-02,0.000000000000000000e+00,4.075481977170248432e-02,-9.785810739792002444e-01,-2.017396173692697081e-01,0.000000000000000000e+00,4.870838913369178458e-02,2.036151090119431573e-01,-9.778386268756492639e-01,0.000000000000000000e+00,6.321544209711685847e-01,2.934340971007328158e-01,5.972675961244647974e-02,1.000000000000000000e+00
9.976096315011713234e-01,3.313780178322234260e-02,6.047855926095952600e-02,0.000000000000000000e+00,4.439858955909368327e-02,-9.796728460788268755e-01,-1.955776746006112066e-01,0.000000000000000000e+00,5.276920403449093105e-02,1.977991428643628424e-01,-9.788211839696204786e-01,0.000000000000000000e+00,6.324581494155450123e-01,2.926066692695370453e-01,6.493973621212488501e-02,1.000000000000000000e+00
9.971977920857160171e-01,3.649399492124782984e-02,6.515749147465214886e-02,0.000000000000000000e+00,4.822104796542187044e-02,-9.808538420698811322e-01,-1.886298436914941035e-01,0.000000000000000000e+00,5.702721724552261423e-02,1.912469082679560117e-01,-9.798839301525360534e-01,0.000000000000000000e+00,6.327440199328411286e-01,2.916664728121607930e-01,7.058349870479468935e-02,1.000000000000000000e+00
9.958688399280605230e-01,4.728837235555587853e-02,7.739386539971802870e-02,0.000000000000000000e+00,5.945817840146842836e-02,-9.847595351153790588e-01,-1.633833832485114823e-01,0.000000000000000000e+00,6.848953128375449839e-02,1.673133398955946871e-01,-9.835219521685891753e-01,0.000000000000000000e+00,6.326489245341392342e-01,2.877646477015672333e-01,8.818667975710334228e-02,1.000000000000000000e+00
9.954317151387380713e-01,5.102611105870492186e-02,8.057780952212073577e-02,0.000000000000000000e+00,6.298133246662694640e-02,-9.861156760618305928e-01,-1.535902734129185876e-01,0.000000000000000000e+00,7.162330573436422043e-02,1.579665684489426070e-01,-9.848434725011621094e-01,0.000000000000000000e+00,6.321701157817147809e-01,2.860459260978353013e-01,9.403340547584876363e-02,1.000000000000000000e+00
9.949864155167811308e-01,5.471572682245417346e-02,8.360005428566612273e-02,0.000000000000000000e+00,6.630619635381582166e-02,-9.875127688140061810e-01,-1.428382534743154186e-01,0.000000000000000000e+00,7.474206124003109075e-02,1.476681665075396666e-01,-9.862087694204979549e-01,0.000000000000000000e+00,6.316406679795848467e-01,2.840433577113101737e-01,1.001828735845543689e-01,1.000000000000000000e+00
9.943664501411560996e-01,6.177104968795588819e-02,8.602585166874072986e-02,0.000000000000000000e+00,7.183775080812633551e-02,-9.902437513300023086e-01,-1.193205657542846659e-01,0.000000000000000000e+00,7.781750369989574867e-02,1.248306744704661270e-01,-9.891217007169366138e-01,0.000000000000000000e+00,6.297329694227564723e-01,2.793614517994549851e-01,1.114541557471365602e-01,1.000000000000000000e+00
9.939514983226731548e-01,6.922778228045810278e-02,8.513918042740838132e-02,0.000000000000000000e+00,7.678151053286551286e-02,-9.930665864283136912e-01,-8.890501370067020737e-02,0.000000000000000000e+00,7.839568770615980287e-02,9.490621369363372306e-02,-9.923945418790938167e-01,0.000000000000000000e+00,6.265806147007749738e-01,2.729173893259897454e-01,1.238621204797935998e-01,1.000000000000000000e+00
9.939146055760800236e-01,7.267564322076708327e-02,8.266047789724847994e-02,0.000000000000000000e+00,7.875106431837856913e-02,-9.942244520922836060e-01,-7.277881306897715508e-02,0.000000000000000000e+00,7.689530176728789912e-02,7.884704394714836528e-02,-9.939166243840145132e-01,0.000000000000000000e+00,6.244718430330593595e-01,2.694277850023324983e-01,1.296240595723704703e-01,1.000000000000000000e+00
9.939459505354216740e-01,7.912199709078931997e-02,7.610455894235458596e-02,0.000000000000000000e+00,8.217161315186177761e-02,-9.958911815351525476e-01,-3.780644698655206276e-02,0.000000000000000000e+00,7.280193919975780359e-02,4.383204316557700458e-02,-9.963827726535047224e-01,0.000000000000000000e+00,6.194122429290186416e-01,2.617215750924914985e-01,1.417743271474004030e-01,1.000000000000000000e+00
9.939400430370582962e-01,8.199133948334332012e-02,7.308459480920866114e-02,0.000000000000000000e+00,8.363601217292346290e-02,-9.962913802225997761e-01,-1.972942125776195460e-02,0.000000000000000000e+00,7.119728092760428673e-02,2.572286111993870097e-02,-9.971305238554880601e-01,0.000000000000000000e+00,6.166671885359324978e-01,2.576988348265875639e-01,1.481585625559729835e-01,1.000000000000000000e+00
9.938435649744544742e-01,8.453282645351908875e-02,7.148368003855735953e-02,0.000000000000000000e+00,8.489153305409545547e-02,-9.963785509813529728e-01,-1.989387150140349819e-03,0.000000000000000000e+00,7.105800510371292067e-02,8.045653707997041035e-03,-9.974397362082039198e-01,0.000000000000000000e+00,6.140862615806582658e-01,2.537646593867874389e-01,1.549799016255450079e-01,1.000000000000000000e+00
9.933098736834939935e-01,8.875618325489291471e-02,7.374674011855335276e-02,0.000000000000000000e+00,8.663712775642376518e-02,-9.957334468966100305e-01,3.145882589546608599e-02,0.000000000000000000e+00,7.622572863328108683e-02,-2.485963525619918485e-02,-9.967806362631921324e-01,0.000000000000000000e+00,6.094104875151921119e-01,2.463271067721649887e-01,1.699439934243370809e-01,1.000000000000000000e+00
9.924057173558396006e-01,9.172996592519173931e-02,8.183674243280419924e-02,0.000000000000000000e+00,8.682962060055540721e-02,-9.943097383169362535e-01,6.155898127550369497e-02,0.000000000000000000e+00,8.701954860382946078e-02,-5.398667108649702479e-02,-9.947426991467614998e-01,0.000000000000000000e+00,6.052310148262550760e-01,2.394627318343039712e-01,1.861477798746377643e-01,1.000000000000000000e+00
9.918408698878811158e-01,9.323264866135529128e-02,8.683380070484059132e-02,0.000000000000000000e+00,8.671007967332516886e-02,-9.933142680251451084e-01,7.608464971283014633e-02,0.000000000000000000e+00,9.334862385244577232e-02,-6.793580735364421197e-02,-9.933130224174366862e-01,0.000000000000000000e+00,6.030842756537531102e-01,2.361005650309123682e-01,1.943507499357518820e-01,1.000000000000000000e+00
9.913274241703029510e-01,9.452223269908621717e-02,9.119337977430250208e-02,0.000000000000000000e+00,8.622392761658462246e-02,-9.921005722925320125e-01,9.100898672333777861e-02,0.000000000000000000e+00,9.907728442889231213e-02,-8.235823865932975774e-02,-9.916656756362645098e-01,0.000000000000000000e+00,6.006540251411703890e-01,2.325859031042541158e-01,2.024607586994797703e-01,1.000000000000000000e+00
9.909367344570894076e-01,9.614058203228373345e-02,9.371298571287670076e-02,0.000000000000000000e+00,8.600391310424489177e-02,-9.905457509900915669e-01,1.067857154653237273e-01,0.000000000000000000e+00,1.030954255544685449e-01,-9.776008687449272427e-02,-9.898556958688650154e-01,0.000000000000000000e+00,5.977396055705712641e-01,2.287922257866162878e-01,2.100960543169490824e-01,1.000000000000000000e+00
9.908305798486392035e-01,9.690664038534338443e-02,9.404579728644615888e-02,0.000000000000000000e+00,8.318661253714654258e-02,-9.866123879150705545e-01,1.402024622049314606e-01,0.000000000000000000e+00,1.063753462752411172e-01,-1.310960596284917179e-01,-9.856460362902625949e-01,0.000000000000000000e+00,5.909809833117607436e-01,2.204000702296231295e-01,2.246379785104314353e-01,1.000000000000000000e+00
9.913397455805761371e-01,9.508736140500380352e-02,9.046905235759375441e-02,0.000000000000000000e+00,7.862088111345676145e-02,-9.821569054551978484e-01,1.707844167973812388e-01,0.000000000000000000e+00,1.050962674941747083e-01,-1.621957464579195929e-01,-9.811459190098845706e-01,0.000000000000000000e+00,5.836558486465738271e-01,2.119885701306030990e-01,2.382388136630836650e-01,1.000000000000000000e+00
9.914635886939825449e-01,9.596320390927949584e-02,8.815760143472431420e-02,0.000000000000000000e+00,7.860550690730293277e-02,-9.800042395448885779e-01,1.827391902660699396e-01,0.000000000000000000e+00,1.039330623653753199e-01,-1.742529353367004707e-01,-9.792006092082963242e-01,0.000000000000000000e+00,5.800960266691226330e-01,2.082321759198763333e-01,2.446592868959006628e-01,1.000000000000000000e+00
9.913487809265840722e-01,9.971407732657275313e-02,8.523757527930089783e-02,0.000000000000000000e+00,8.172540041788615983e-02,-9.777246032137920650e-01,1.932777951503410752e-01,0.000000000000000000e+00,1.026133671052850693e-01,-1.846431865856306143e-01,-9.774340850097360534e-01,0.000000000000000000e+00,5.765974027227613874e-01,2.046513743694903520e-01,2.509822283348872030e-01,1.000000000000000000e+00
9.910776820610887050e-01,1.060875024497483221e-01,8.056808825833594589e-02,0.000000000000000000e+00,8.802766172479460638e-02,-9.754883739461478465e-01,2.016291396806866865e-01,0.000000000000000000e+00,9.998549028741160472e-02,-1.927416308453481220e-01,-9.761421850688871693e-01,0.000000000000000000e+00,5.729744456508299999e-01,2.012372221558675622e-01,2.569668768201511799e-01,1.000000000000000000e+00
9.916682383562228642e-01,1.161892864446617268e-01,5.545179575229800678e-02,0.000000000000000000e+00,1.021662285036534779e-01,-9.722973277859583430e-01,2.101920907998970911e-01,0.000000000000000000e+00,7.833921014979594588e-02,-2.027794236964553243e-01,-9.760857920687298073e-01,0.000000000000000000e+00,5.606285774410338929e-01,1.907844382267593619e-01,2.723494494221569973e-01,1.000000000000000000e+00
9.917321377594902065e-01,1.203346228215132485e-01,4.435867881941665120e-02,0.000000000000000000e+00,1.085741327755599117e-01,-9.718568335845891859e-01,2.090136349814985528e-01,0.000000000000000000e+00,6.826317634716425053e-02,-2.024732321943376046e-01,-9.769056909445117398e-01,0.000000000000000000e+00,5.562553532341674156e-01,1.871115208866649948e-01,2.770273777496425893e-01,1.000000000000000000e+00
9.916710503583411329e-01,1.243528365470398106e-01,3.325126802240885304e-02,0.000000000000000000e+00,1.149144194843789019e-01,-9.716451094572893243e-01,2.065942989617781389e-01,0.000000000000000000e+00,5.800013572991456756e-02,-2.010564062464091917e-01,-9.778610871502098068e-01,0.000000000000000000e+00,5.518677229131756512e-01,1.834158738464520544e-01,2.816749303165462237e-01,1.000000000000000000e+00
9.913284577715926194e-01,1.296365119754276374e-01,2.104781404917870427e-02,0.000000000000000000e+00,1.226845388478936816e-01,-9.712686168397350883e-01,2.038787011218087253e-01,0.000000000000000000e+00,4.687410739037823487e-02,-1.995323586113909031e-01,-9.787694600483458629e-01,0.000000000000000000e+00,5.474197363337499622e-01,1.793637116323101299e-01,2.861383682744244039e-01,1.000000000000000000e+00
9.895744928896305082e-01,1.427478671878260053e-01,-1.860420212655922514e-02,0.000000000000000000e+00,1.435798708856102779e-01,-9.693931162111680822e-01,1.991043792086973907e-01,0.000000000000000000e+00,1.038713999034241754e-02,-1.997036489408947346e-01,-9.798012859363436355e-01,0.000000000000000000e+00,5.334556287454208512e-01,1.649608828276227512e-01,2.998464003771771913e-01,1.000000000000000000e+00
9.890113562042363027e-01,1.443083389527416993e-01,-3.181803747824241135e-02,0.000000000000000000e+00,1.477610503457337798e-01,-9.686243550891082688e-01,1.997855791345887477e-01,0.000000000000000000e+00,-1.989039256108902486e-03,-2.022955680242296272e-01,-9.793224938091598109e-01,0.000000000000000000e+00,5.287325156839933760e-01,1.594797267220080528e-01,3.047834459644154226e-01,1.000000000000000000e+00
9.885431480969512075e-01,1.440943130760150848e-01,-4.472158529087283396e-02,0.000000000000000000e+00,1.502132183492416451e-01,-9.677045464031435174e-01,2.023972499938114233e-01,0.000000000000000000e+00,-1.411326042599811773e-02,-2.068001694753631714e-01,-9.782814041905882885e-01,0.000000000000000000e+00,5.240232994330218386e-01,1.536681289750974622e-01,3.100282180071909921e-01,1.000000000000000000e+00
9.876267022955294017e-01,1.418648897160273981e-01,-6.669780266189731521e-02,0.000000000000000000e+00,1.529720979910235978e-01,-9.651539946976902540e-01,2.122688169668919544e-01,0.000000000000000000e+00,-3.426081799444222892e-02,-2.198494872896646912e-01,-9.749319972638210707e-01,0.000000000000000000e+00,5.152793067202326993e-01,1.412815720912947437e-01,3.219130746103142648e-01,1.000000000000000000e+00
9.869708937811325633e-01,1.380358714536792930e-01,-8.255482979271225319e-02,0.000000000000000000e+00,1.535158942076244870e-01,-9.615889949881640808e-01,2.275087291610907447e-01,0.000000000000000000e+00,-4.798037388960142008e-02,-2.372225395489074296e-01,-9.702697307714907016e-01,0.000000000000000000e+00,5.078922935233125546e-01,1.280383574001849045e-01,3.355319642296991089e-01,1.000000000000000000e+00
9.867780163606731936e-01,1.357329377296446760e-01,-8.846729872548177165e-02,0.000000000000000000e+00,1.531457431547491588e-01,-9.596292904731632545e-01,2.358786830571198700e-01,0.000000000000000000e+00,-5.288032261694421143e-02,-2.463130314662083375e-01,-9.677466414355849755e-01,0.000000000000000000e+00,5.046531964579534790e-01,1.212540024226595736e-01,3.428404658985909070e-01,1.000000000000000000e+00
9.865690987747325336e-01,1.287184197050830481e-01,-1.004675503465992104e-01,0.000000000000000000e+00,1.501532881094290173e-01,-9.569204395851530487e-01,2.484713449782336991e-01,0.000000000000000000e+00,-6.415784881151796737e-02,-2.602246940511057649e-01,-9.634141783479662768e-01,0.000000000000000000e+00,4.978912669905567467e-01,1.079862855665231214e-01,3.572987272479752341e-01,1.000000000000000000e+00
9.862325408826099205e-01,1.239793263097778014e-01,-1.093400606054946295e-01,0.000000000000000000e+00,1.480335340750461304e-01,-9.567487442675831621e-01,2.503970048400405712e-01,0.000000000000000000e+00,-7.356833013072192062e-02,-2.631407361747891693e-01,-9.619483633580168114e-01,0.000000000000000000e+00,4.938430964240062560e-01,1.014987466178443737e-01,3.638631942710163769e-01,1.000000000000000000e+00
9.852425352091661592e-01,1.216380617809833947e-01,-1.203414959271694312e-01,0.000000000000000000e+00,1.486052850325304264e-01,-9.569172046914664609e-01,2.494126691390762818e-01,0.000000000000000000e+00,-8.482040728899870041e-02,-2.636204282695155943e-01,-9.608900916891200961e-01,0.000000000000000000e+00,4.892356181306343199e-01,9.545445294906003408e-02,3.702598664140641649e-01,1.000000000000000000e+00
9.818598771550166582e-01,1.191509452499100730e-01,-1.474278833206152106e-01,0.000000000000000000e+00,1.520915467681569488e-01,-9.593856870203109066e-01,2.375458099892398811e-01,0.000000000000000000e+00,-1.131385715932212155e-01,-2.556641569529831126e-01,-9.601226497002173232e-01,0.000000000000000000e+00,4.789764397568452292e-01,8.380487029260397236e-02,3.818157353741125082e-01,1.000000000000000000e+00
9.767490208949042296e-01,1.208375297817173288e-01,-1.770321679195812348e-01,0.000000000000000000e+00,1.583498250836245513e-01,-9.634464691482683696e-01,2.160485613998125165e-01,0.000000000000000000e+00,-1.444570238806888451e-01,-2.390628363376654242e-01,-9.601984839259667392e-01,0.000000000000000000e+00,4.677020295192041988e-01,7.250710553192074581e-02,3.928826071994385161e-01,1.000000000000000000e+00
9.738250105579934202e-01,1.219727986416311027e-01,-1.917504422536247533e-01,0.000000000000000000e+00,1.609376161768289182e-01,-9.658624840100663578e-01,2.029519464859413369e-01,0.000000000000000000e+00,-1.604530307805110689e-01,-2.285039399155177342e-01,-9.602295425347182611e-01,0.000000000000000000e+00,4.617372455583136359e-01,6.665021395317430319e-02,3.984756862797331767e-01,1.000000000000000000e+00
9.709857303071162127e-01,1.218903688026116011e-01,-2.056944248985083656e-01,0.000000000000000000e+00,1.617851881720456797e-01,-9.683778897326097423e-01,1.898698566554520850e-01,0.000000000000000000e+00,-1.760500157690941814e-01,-2.176434229763713757e-01,-9.600196520815759138e-01,0.000000000000000000e+00,4.556903948083554923e-01,6.088622473324486334e-02,4.039353147882870920e-01,1.000000000000000000e+00
9.683232776118939622e-01,1.204813257932554060e-01,-2.186664745023032264e-01,0.000000000000000000e+00,1.610079887675284760e-01,-9.707340513951203675e-01,1.781363969441945028e-01,0.000000000000000000e+00,-1.908085570780381490e-01,-2.077046679799698647e-01,-9.594013057345334161e-01,0.000000000000000000e+00,4.496989460791113169e-01,5.488173975189421239e-02,4.092938296820103905e-01,1.000000000000000000e+00
9.618353807468693617e-01,1.190346595428009580e-01,-2.463416267549244365e-01,0.000000000000000000e+00,1.603385436541584497e-01,-9.748058698356313334e-01,1.550026272489266055e-01,0.000000000000000000e+00,-2.216888469800148420e-01,-1.885886995888814699e-01,-9.567070384982260256e-01,0.000000000000000000e+00,4.368372359974016517e-01,4.195654470384652807e-02,4.200085359311440669e-01,1.000000000000000000e+00
9.545178128432478815e-01,1.216935599285351582e-01,-2.721528418702816587e-01,0.000000000000000000e+00,1.637193069527953793e-01,-9.768823264172656895e-01,1.373959816213533303e-01,0.000000000000000000e+00,-2.491458920144054012e-01,-1.757069694305423146e-01,-9.523935034353607776e-01,0.000000000000000000e+00,4.244022662460015805e-01,2.844273991456540418e-02,4.303083396870620581e-01,1.000000000000000000e+00
9.509294129769630954e-01,1.248260226906706544e-01,-2.830767784466342585e-01,0.000000000000000000e+00,1.670654779470560902e-01,-9.772921754202499312e-01,1.302684798479100958e-01,0.000000000000000000e+00,-2.603928377667230620e-01,-1.711717819453024980e-01,-9.502082882744512515e-01,0.000000000000000000e+00,4.187143471028349495e-01,2.185488576057206117e-02,4.353330732324448005e-01,1.000000000000000000e+00
9.476473993483203184e-01,1.277960540642885945e-01,-2.925975426676901692e-01,0.000000000000000000e+00,1.699334823652201287e-01,-9.776955412925372180e-01,1.233482347223922859e-01,0.000000000000000000e+00,-2.703130995508464807e-01,-1.666159610794668289e-01,-9.482457222285687326e-01,0.000000000000000000e+00,4.133997774581108509e-01,1.540839487697429240e-02,4.401751536343507243e-01,1.000000000000000000e+00
9.438610049168714156e-01,1.321173791629420557e-01,-3.027410583677694333e-01,0.000000000000000000e+00,1.739647023813899740e-01,-9.779335150404674382e-01,1.155987430172069341e-01,0.000000000000000000e+00,-2.807934305383584794e-01,-1.617785186067252634e-01,-9.460352849042752421e-01,0.000000000000000000e+00,4.080931724828149032e-01,9.511515367292663198e-03,4.446313093189377952e-01,1.000000000000000000e+00
9.296552754222255910e-01,1.431742141856017780e-01,-3.394450768138632113e-01,0.000000000000000000e+00,1.829132099575700443e-01,-9.791776109287116947e-01,8.794720450456033900e-02,0.000000000000000000e+00,-3.197914044368529995e-01,-1.438523408339489884e-01,-9.365041172813380888e-01,0.000000000000000000e+00,3.912084908645815928e-01,-6.605273937552781985e-03,4.563115541098453631e-01,1.000000000000000000e+00
9.243815204601699698e-01,1.433336499267925113e-01,-3.534897683549222402e-01,0.000000000000000000e+00,1.820777159016087055e-01,-9.801184808340566157e-01,7.871604538340511159e-02,0.000000000000000000e+00,-3.351856500202358702e-01,-1.371289074891798021e-01,-9.321192213184619213e-01,0.000000000000000000e+00,3.853688961267883184e-01,-1.119755105796448741e-02,4.596823525325655080e-01,1.000000000000000000e+00
9.185865818729063159e-01,1.433304200144386586e-01,-3.682876989565952996e-01,0.000000000000000000e+00,1.806477971057919851e-01,-9.811333081923950816e-01,6.873537558986325680e-02,0.000000000000000000e+00,-3.514942255437529806e-01,-1.296722518271878621e-01,-9.271660673878567849e-01,0.000000000000000000e+00,3.795034723515125497e-01,-1.561225429841278829e-02,4.629812813026443763e-01,1.000000000000000000e+00
9.065708401293000041e-01,1.407453945478571167e-01,-3.978703213888060142e-01,0.000000000000000000e+00,1.745367390284340015e-01,-9.833794630447351137e-01,4.982474578336914400e-02,0.000000000000000000e+00,-3.842522975526789231e-01,-1.146148567866156348e-01,-9.160860256707725746e-01,0.000000000000000000e+00,3.684893838061449878e-01,-2.318658539559387971e-02,4.692562670246289702e-01,1.000000000000000000e+00
8.920242919917112934e-01,1.464473171596205603e-01,-4.275822642423836029e-01,0.000000000000000000e+00,1.747213770031404989e-01,-9.842266472785228260e-01,2.740609615054748899e-02,0.000000000000000000e+00,-4.168323344300887134e-01,-9.915657457682501563e-02,-9.035589514203006267e-01,0.000000000000000000e+00,3.586678512855382972e-01,-2.948761602921522867e-02,4.752316674960319065e-01,1.000000000000000000e+00
8.846042741748467719e-01,1.518618740954186253e-01,-4.409013452111797959e-01,0.000000000000000000e+00,1.767408988218339694e-01,-9.841233897448958823e-01,1.563826530898885375e-02,0.000000000000000000e+00,-4.315347784966088174e-01,-9.176074305604263459e-02,-8.974172390709272973e-01,0.000000000000000000e+00,3.545277895547617741e-01,-3.213153724691417135e-02,4.782956009531046937e-01,1.000000000000000000e+00
8.687415467082199028e-01,1.720448833352150042e-01,-4.644022287224626178e-01,0.000000000000000000e+00,1.884106558377390550e-01,-9.820149554354684618e-01,-1.134896334809306490e-02,0.000000000000000000e+00,-4.580112831547019647e-01,-7.764050733390751025e-02,-8.855493301470658274e-01,0.000000000000000000e+00,3.476679061618954125e-01,-3.668236859171426778e-02,4.843018680357997763e-01,1.000000000000000000e+00
8.606680408895821532e-01,1.859795116218195821e-01,-4.739650741873359108e-01,0.000000000000000000e+00,1.974961771979027447e-01,-9.799518184801079279e-01,-2.589286293464998154e-02,0.000000000000000000e+00,-4.692875135878769588e-01,-7.132250384154399658e-02,-8.801604001750370498e-01,0.000000000000000000e+00,3.450663328070039948e-01,-3.851574368792788639e-02,4.871679941713868978e-01,1.000000000000000000e+00
8.529356764434831151e-01,2.002830910925431362e-01,-4.820458092064717759e-01,0.000000000000000000e+00,2.068038239432795911e-01,-9.775448991058717230e-01,-4.023550093805433603e-02,0.000000000000000000e+00,-4.792891402258457889e-01,-6.537188106137339916e-02,-8.752190795612645458e-01,0.000000000000000000e+00,3.430433009340138617e-01,-4.027396804254259471e-02,4.899392420312917440e-01,1.000000000000000000e+00
8.388550653533498602e-01,2.229390759483947382e-01,-4.965894628840926139e-01,0.000000000000000000e+00,2.195960619772398537e-01,-9.733442594137443615e-01,-6.602476150359189166e-02,0.000000000000000000e+00,-4.980815919170057393e-01,-5.366491805867356496e-02,-8.654679684212334134e-01,0.000000000000000000e+00,3.400168544272369475e-01,-4.366805689248262623e-02,4.950367748136079160e-01,1.000000000000000000e+00
8.229563392108287800e-01,2.433435375113841559e-01,-5.133298485431811997e-01,0.000000000000000000e+00,2.292638265070656989e-01,-9.690147441758480973e-01,-9.181105775647080414e-02,0.000000000000000000e+00,-5.197758267363608020e-01,-4.213228452399930130e-02,-8.532631250331410566e-01,0.000000000000000000e+00,3.372623195254751960e-01,-4.653512353530774720e-02,4.995239549741883889e-01,1.000000000000000000e+00
8.140027440548146531e-01,2.549214721750582280e-01,-5.219150530465100912e-01,0.000000000000000000e+00,2.346959516229377429e-01,-9.662711661569582944e-01,-1.059178485746577608e-01,0.000000000000000000e+00,-5.313224304336320314e-01,-3.627462905594981690e-02,-8.463927139365932106e-01,0.000000000000000000e+00,3.361779863333306251e-01,-4.793218901954281880e-02,5.013440188994728874e-01,1.000000000000000000e+00
8.044604523746925473e-01,2.672371393805537121e-01,-5.304794423933991698e-01,0.000000000000000000e+00,2.402301691177833043e-01,-9.631480567744983290e-01,-1.208967885361606348e-01,0.000000000000000000e+00,-5.432488152518297753e-01,-3.018106204219544661e-02,-8.390290985546857705e-01,0.000000000000000000e+00,3.352662841212136757e-01,-4.939200050481931670e-02,5.028538682144351180e-01,1.000000000000000000e+00
7.947461317426882665e-01,2.811170279173128006e-01,-5.378964115851478933e-01,0.000000000000000000e+00,2.468385249721687102e-01,-9.593595506800542960e-01,-1.366775109874954763e-01,0.000000000000000000e+00,-5.544691106512457113e-01,-2.415009863420448585e-02,-8.318538201328253834e-01,0.000000000000000000e+00,3.345983614822602425e-01,-5.087086841460705666e-02,5.042775695332601948e-01,1.000000000000000000e+00
7.759563114632642700e-01,3.053280358294647723e-01,-5.519486752752061909e-01,0.000000000000000000e+00,2.562765446221722532e-01,-9.521575641637465282e-01,-1.664303235095368205e-01,0.000000000000000000e+00,-5.763690468632761688e-01,-1.230907635008025337e-02,-8.170968170647384676e-01,0.000000000000000000e+00,3.340801116219633271e-01,-5.390272242324124774e-02,5.059217200476362475e-01,1.000000000000000000e+00
7.595040918939229835e-01,3.247655317057346336e-01,-5.636147892962775074e-01,0.000000000000000000e+00,2.611902893964734296e-01,-9.457841788136110983e-01,-1.930094990720871428e-01,0.000000000000000000e+00,-5.957522533291789157e-01,-6.192175266368087376e-04,-8.031680205429374553e-01,0.000000000000000000e+00,3.342426755912426550e-01,-5.720902915752098389e-02,5.065951759127682585e-01,1.000000000000000000e+00
7.517306924688503811e-01,3.326327782394049581e-01,-5.694182537838471392e-01,0.000000000000000000e+00,2.616963878105506014e-01,-9.430308220618722759e-01,-2.053986761141063655e-01,0.000000000000000000e+00,-6.053129503953820212e-01,5.389892630953405268e-03,-7.959693342969090812e-01,0.000000000000000000e+00,3.343172926564499381e-01,-5.896787330914433217e-02,5.064881027960443927e-01,1.000000000000000000e+00
7.438608466937067787e-01,3.423222281037807679e-01,-5.739924039596633332e-01,0.000000000000000000e+00,2.637178292810981595e-01,-9.395056545499729239e-01,-2.185469708989373760e-01,0.000000000000000000e+00,-6.140944184327978839e-01,1.119671959069528863e-02,-7.891531402206363177e-01,0.000000000000000000e+00,3.345269694942019645e-01,-6.074452080683653832e-02,5.061415499237549298e-01,1.000000000000000000e+00
7.186268114106553195e-01,3.785443368274135634e-01,-5.833184703734801690e-01,0.000000000000000000e+00,2.752236236375512624e-01,-9.251714774705569466e-01,-2.613243983403972792e-01,0.000000000000000000e+00,-6.386047772587516436e-01,2.725222066196153134e-02,-7.690521795894552648e-01,0.000000000000000000e+00,3.354321052110583734e-01,-6.570666855148021845e-02,5.030298271432050994e-01,1.000000000000000000e+00
7.085540568748809331e-01,3.964874352482022357e-01,-5.837204888280510540e-01,0.000000000000000000e+00,2.837081411731709468e-01,-9.174737779551348504e-01,-2.788051367855416962e-01,0.000000000000000000e+00,-6.461034152658975405e-01,3.194287089609969266e-02,-7.625811627496827949e-01,0.000000000000000000e+00,3.358860387137714287e-01,-6.711004831881824118e-02,5.014869451623366059e-01,1.000000000000000000e+00
6.976648295938806532e-01,4.166613369348394214e-01,-5.827845766255502769e-01,0.000000000000000000e+00,2.939634087963201581e-01,-9.083286532501194666e-01,-2.974984350797159061e-01,0.000000000000000000e+00,-6.533286039177188531e-01,3.623755196073705914e-02,-7.562067013263089610e-01,0.000000000000000000e+00,3.364200194400976951e-01,-6.843555332920933654e-02,4.998252725637173377e-01,1.000000000000000000e+00
6.746885458147234838e-01,4.575449612607085381e-01,-5.791620856656267691e-01,0.000000000000000000e+00,3.143553183889904457e-01,-8.880754938866913806e-01,-3.353854467022592822e-01,0.000000000000000000e+00,-6.678064338299825042e-01,4.421888883535408932e-02,-7.430203609629064676e-01,0.000000000000000000e+00,3.373836247183962245e-01,-7.075713379062700814e-02,4.964708802690444012e-01,1.000000000000000000e+00
6.614307193754604963e-01,4.788586925285485130e-01,-5.772213639129429863e-01,0.000000000000000000e+00,3.240083218759041706e-01,-8.765469527676360562e-01,-3.558999773112387355e-01,0.000000000000000000e+00,-6.764004482211213309e-01,4.837958400323984220e-02,-7.349434328558489549e-01,0.000000000000000000e+00,3.374710393471745395e-01,-7.175790597480434518e-02,4.949863386062301474e-01,1.000000000000000000e+00
6.329491619213554188e-01,5.201418599920949459e-01,-5.734183035169231335e-01,0.000000000000000000e+00,3.390431916833516190e-01,-8.521011730131508033e-01,-3.986904212844685214e-01,0.000000000000000000e+00,-6.959993864868634361e-01,5.793831171608532227e-02,-7.157010591339093564e-01,0.000000000000000000e+00,3.369814330944318481e-01,-7.382434726845310546e-02,4.928172589700856032e-01,1.000000000000000000e+00
6.066854496241083083e-01,5.563944582939845951e-01,-5.677488167273845310e-01,0.000000000000000000e+00,3.489931282781724153e-01,-8.281217919751592271e-01,-4.386329228086675580e-01,0.000000000000000000e+00,-7.142318461523877726e-01,6.797308506071443601e-02,-6.966006959866467563e-01,0.000000000000000000e+00,3.371878411492743588e-01,-7.624517088241557217e-02,4.912034564459472619e-01,1.000000000000000000e+00
5.938632693023720988e-01,5.753243737226850785e-01,-5.624135749386804939e-01,0.000000000000000000e+00,3.549157386209566001e-01,-8.146722906427344979e-01,-4.586116268034087229e-01,0.000000000000000000e+00,-7.220471040007023777e-01,7.274457123215365140e-02,-6.880088712803410500e-01,0.000000000000000000e+00,3.379739174357612730e-01,-7.758037572954740169e-02,4.904365931598843598e-01,1.000000000000000000e+00
5.816471016817665873e-01,5.940292896606134132e-01,-5.556946994813934948e-01,0.000000000000000000e+00,3.610469850545946491e-01,-8.006981280675559143e-01,-4.780254482695535656e-01,0.000000000000000000e+00,-7.289188570738401873e-01,7.741171107285785280e-02,-6.802093257159438355e-01,0.000000000000000000e+00,3.391292074933705547e-01,-7.902945875824622657e-02,4.897640394439247702e-01,1.000000000000000000e+00
5.597851608470080231e-01,6.288541549453733337e-01,-5.395959343848303336e-01,0.000000000000000000e+00,3.725801049359548367e-01,-7.726658869785532069e-01,-5.139574295666585746e-01,0.000000000000000000e+00,-7.401458864013846783e-01,8.666470108642387871e-02,-6.668382835655954910e-01,0.000000000000000000e+00,3.425946306507434147e-01,-8.238750274735397172e-02,4.885108210550615504e-01,1.000000000000000000e+00
5.497832847511660015e-01,6.449048407664130789e-01,-5.308642322340750841e-01,0.000000000000000000e+00,3.774942144209554318e-01,-7.587610622294848062e-01,-5.308111862275490811e-01,0.000000000000000000e+00,-7.451361584607474331e-01,9.143470163680260387e-02,-6.606147142555552909e-01,0.000000000000000000e+00,3.446551897025313393e-01,-8.427217013121968137e-02,4.879550460242521037e-01,1.000000000000000000e+00
5.292411625310352585e-01,6.749320230866218129e-01,-5.141510507586328771e-01,0.000000000000000000e+00,3.829245882525934008e-01,-7.307551394885662965e-01,-5.651074523697560137e-01,0.000000000000000000e+00,-7.571422162384526811e-01,1.021990132834327408e-01,-6.452061888058863159e-01,0.000000000000000000e+00,3.482760244812723727e-01,-8.820556136048426921e-02,4.874481710388767208e-01,1.000000000000000000e+00
5.183312090575575848e-01,6.895053836206856968e-01,-5.058614737022676389e-01,0.000000000000000000e+00,3.834715732511802533e-01,-7.161249708713536277e-01,-5.831769247012231761e-01,0.000000000000000000e+00,-7.643783789572692333e-01,1.082973903674397526e-01,-6.356078736314237920e-01,0.000000000000000000e+00,3.497717721542780711e-01,-9.025860159241828884e-02,4.873993579255044839e-01,1.000000000000000000e+00
4.957952264920023056e-01,7.180693985950878933e-01,-4.884098474542067914e-01,0.000000000000000000e+00,3.807844385194650294e-01,-6.852088186152417437e-01,-6.208645852152697708e-01,0.000000000000000000e+00,-7.805016209634804136e-01,1.218451740146126172e-01,-6.131647195026216357e-01,0.000000000000000000e+00,3.521453689654683306e-01,-9.453947770070095236e-02,4.876342326295777241e-01,1.000000000000000000e+00
4.840592310500063111e-01,7.319608900376335381e-01,-4.794795753645824665e-01,0.000000000000000000e+00,3.772604280984161451e-01,-6.689891287614548876e-01,-6.403974249567198074e-01,0.000000000000000000e+00,-7.895276933858731416e-01,1.291041008784734323e-01,-5.999817934847219147e-01,0.000000000000000000e+00,3.530558456956003899e-01,-9.665367452830374295e-02,4.878600011750993115e-01,1.000000000000000000e+00
4.624153813177285244e-01,7.574936079156703306e-01,-4.608212191174453354e-01,0.000000000000000000e+00,3.690692587326774854e-01,-6.370031233548805183e-01,-6.767537587600432891e-01,0.000000000000000000e+00,-8.061967240648267863e-01,1.428691523411715625e-01,-5.741387005040301528e-01,0.000000000000000000e+00,3.550443243030790286e-01,-1.008615387183330048e-01,4.884130515314039633e-01,1.000000000000000000e+00
4.537713230833464451e-01,7.693557588934842872e-01,-4.496265667260202492e-01,0.000000000000000000e+00,3.672643924837384333e-01,-6.211860414466220393e-01,-6.922611608537880823e-01,0.000000000000000000e+00,-8.119124897062971469e-01,1.489993037049699709e-01,-5.644442546030176144e-01,0.000000000000000000e+00,3.565746003758044069e-01,-1.031843740972313156e-01,4.883745865768077121e-01,1.000000000000000000e+00
4.468006700285964139e-01,7.810102211585866483e-01,-4.363174791468037994e-01,0.000000000000000000e+00,3.687076901949773444e-01,-6.051179552934512484e-01,-7.055973683863665524e-01,0.000000000000000000e+00,-8.151179911196695382e-01,1.543907395376905023e-01,-5.583423323535834371e-01,0.000000000000000000e+00,3.588828743737327298e-01,-1.057262128248762090e-01,4.874587923634872699e-01,1.000000000000000000e+00
4.336100552618398773e-01,8.066405669557074054e-01,-4.016143207337201648e-01,0.000000000000000000e+00,3.827721376258125807e-01,-5.683695572309607202e-01,-7.283009570031168112e-01,0.000000000000000000e+00,-8.157581563967911675e-01,1.620749666103314945e-01,-5.552209789537569939e-01,0.000000000000000000e+00,3.648104543885963280e-01,-1.109534154913982551e-01,4.844371243313995712e-01,1.000000000000000000e+00
4.181574184238015524e-01,8.319113759367600114e-01,-3.647582526898561772e-01,0.000000000000000000e+00,3.981491712824261620e-01,-5.287813221938583164e-01,-7.495654058234283434e-01,0.000000000000000000e+00,-8.164650587340633869e-01,1.682113776022927665e-01,-5.523492919444373817e-01,0.000000000000000000e+00,3.701416858239572338e-01,-1.165195142839852982e-01,4.808291367707362429e-01,1.000000000000000000e+00
