9.996597613150829398e-01,2.032743748537860565e-02,1.574496090684441088e-02,0.000000000000000000e+00,2.330717016494715174e-02,-9.749721826275931091e-01,-2.210582860299460939e-01,0.000000000000000000e+00,1.085755945249828117e-02,2.213543056888288285e-01,-9.751330087509867406e-01,0.000000000000000000e+00,6.227713225549126319e-01,2.956182898274595239e-01,2.865338835876293441e-02,1.000000000000000000e+00
9.996594697554790354e-01,2.033905298740600748e-02,1.574847144895213588e-02,0.000000000000000000e+00,2.331939216849199248e-02,-9.749695253442013376e-01,-2.210687166928046177e-01,0.000000000000000000e+00,1.085816044404444222e-02,2.213649428515394868e-01,-9.751305873718176809e-01,0.000000000000000000e+00,6.227692480427338140e-01,2.956279601254356293e-01,2.865679446948987685e-02,1.000000000000000000e+00
9.996593671176657869e-01,2.032517960297768045e-02,1.577287891359296923e-02,0.000000000000000000e+00,2.331118254102067244e-02,-9.749714035765066900e-01,-2.210612989145861462e-01,0.000000000000000000e+00,1.088520486304606592e-02,2.213579444530893725e-01,-9.751318745393323661e-01,0.000000000000000000e+00,6.227814882341244918e-01,2.956199141794190743e-01,2.866915338290865894e-02,1.000000000000000000e+00
9.996595106050096824e-01,2.031797970362209105e-02,1.577306117797638157e-02,0.000000000000000000e+00,2.330423506257387964e-02,-9.749708739531541823e-01,-2.210643672607130183e-01,0.000000000000000000e+00,1.088690352103990379e-02,2.213609381974100954e-01,-9.751311759820244784e-01,0.000000000000000000e+00,6.227835757110252723e-01,2.956176835364897060e-01,2.866693605145929566e-02,1.000000000000000000e+00
9.996596690135332031e-01,2.032297195783058091e-02,1.575658147451019717e-02,0.000000000000000000e+00,2.330545044134606572e-02,-9.749709461867207549e-01,-2.210639205585224198e-01,0.000000000000000000e+00,1.086974256670002539e-02,2.213601617541084976e-01,-9.751315436825578331e-01,0.000000000000000000e+00,6.227773118453688861e-01,2.956197835446808253e-01,2.865905206486207835e-02,1.000000000000000000e+00
9.996593536180314876e-01,2.032411924835381134e-02,1.577510069591641848e-02,0.000000000000000000e+00,2.331069983353716707e-02,-9.749702055052822391e-01,-2.210666337362262868e-01,0.000000000000000000e+00,1.088747815916940240e-02,2.213633187542812519e-01,-9.751306291617671818e-01,0.000000000000000000e+00,6.227830022610207905e-01,2.956207385980364477e-01,2.866895347744654113e-02,1.000000000000000000e+00
9.996593827687936251e-01,2.031644472448228614e-02,1.578313711782255296e-02,0.000000000000000000e+00,2.330494031381030728e-02,-9.749714352076341850e-01,-2.210618175699817778e-01,0.000000000000000000e+00,1.089712745395959512e-02,2.213586070133803374e-01,-9.751315909734173948e-01,0.000000000000000000e+00,6.227882857755746571e-01,2.956162521255596420e-01,2.867314564392199616e-02,1.000000000000000000e+00
9.996596018681264129e-01,2.028463389192563734e-02,1.581015249571755474e-02,0.000000000000000000e+00,2.327972091079473851e-02,-9.749755839017103520e-01,-2.210461768297352358e-01,0.000000000000000000e+00,1.093088234424388974e-02,2.213432506052126214e-01,-9.751346990148049843e-01,0.000000000000000000e+00,6.228078450288430101e-01,2.955942036453362842e-01,2.868190446347713973e-02,1.000000000000000000e+00
9.996585680757260617e-01,2.001407847438718343e-02,1.621514220777691903e-02,0.000000000000000000e+00,2.310565175770674592e-02,-9.749768736673595226e-01,-2.210587514030635525e-01,0.000000000000000000e+00,1.138532066048237278e-02,2.213621982255201681e-01,-9.751251979465116460e-01,0.000000000000000000e+00,6.230409572502192406e-01,2.954821442434615308e-01,2.886068467649909389e-02,1.000000000000000000e+00
9.996280964784387546e-01,1.994933364468393783e-02,1.806764287987797785e-02,0.000000000000000000e+00,2.345362891323098803e-02,-9.749531163396393252e-01,-2.211268756429998206e-01,0.000000000000000000e+00,1.320402512904026923e-02,2.214726536055572903e-01,-9.750771853680633150e-01,0.000000000000000000e+00,6.238107734054635367e-01,2.954219335463693641e-01,2.975206577105823230e-02,1.000000000000000000e+00
9.994668919171020294e-01,1.798701559445180925e-02,2.689137655051532932e-02,0.000000000000000000e+00,2.347633871131180744e-02,-9.751417295370956584e-01,-2.202912066727171492e-01,0.000000000000000000e+00,2.226095066164244032e-02,2.208093299780062024e-01,-9.750629158522561291e-01,0.000000000000000000e+00,6.277309911027230127e-01,2.946431421767302661e-01,3.457368787199020799e-02,1.000000000000000000e+00
9.993100119057388708e-01,1.685906972184016486e-02,3.280272510439317946e-02,0.000000000000000000e+00,2.363558241427118553e-02,-9.755009023595551110e-01,-2.186780639223795952e-01,0.000000000000000000e+00,2.831292432441260068e-02,2.193067125082162616e-01,-9.752450687724797396e-01,0.000000000000000000e+00,6.302844574633967856e-01,2.937870237998354006e-01,3.827837324842621458e-02,1.000000000000000000e+00
9.990988328196115376e-01,1.596705921020841190e-02,3.908096953602400309e-02,0.000000000000000000e+00,2.406145411479009011e-02,-9.760057071717882504e-01,-2.163669403933683733e-01,0.000000000000000000e+00,3.468917343465686975e-02,2.171164827281084619e-01,-9.755291354819675131e-01,0.000000000000000000e+00,6.327534944222084068e-01,2.926535928563697708e-01,4.242912282943094027e-02,1.000000000000000000e+00
9.985841179649425081e-01,1.558977972795191208e-02,5.067015904277539368e-02,0.000000000000000000e+00,2.580965542142965932e-02,-9.778216464409076325e-01,-2.077966225419172752e-01,0.000000000000000000e+00,4.630776633498865508e-02,2.088142067027083937e-01,-9.768583407312356748e-01,0.000000000000000000e+00,6.370443564399517200e-01,2.894449397884394926e-01,5.187385665267781054e-02,1.000000000000000000e+00
9.981190214404341843e-01,1.704871532762202921e-02,5.872399207884095723e-02,0.000000000000000000e+00,2.811004146370709583e-02,-9.807780549908597933e-01,-1.930413927593322143e-01,0.000000000000000000e+00,5.430514052301814443e-02,1.943327613985474933e-01,-9.794313296806419489e-01,0.000000000000000000e+00,6.403764929212298895e-01,2.850769021576186613e-01,6.225686261905181984e-02,1.000000000000000000e+00
9.979646697108618403e-01,1.852637711528507675e-02,6.086081055228260983e-02,0.000000000000000000e+00,2.942878398152692573e-02,-9.825775102025327001e-01,-1.834560710872454314e-01,0.000000000000000000e+00,5.640277327248482270e-02,1.848772964965728904e-01,-9.811417392035113316e-01,0.000000000000000000e+00,6.415567738703159550e-01,2.826114159818865490e-01,6.786356163692337795e-02,1.000000000000000000e+00
9.978709039189550545e-01,2.046413772353961047e-02,6.177074615388335188e-02,0.000000000000000000e+00,3.085796522918565071e-02,-9.845477624334103561e-01,-1.723201565995325368e-01,0.000000000000000000e+00,5.729096952114933611e-02,1.738627373628874595e-01,-9.831019750605782814e-01,0.000000000000000000e+00,6.424269891785380215e-01,2.799471377600257216e-01,7.390599811119127893e-02,1.000000000000000000e+00
9.978979279138566749e-01,2.285027224732292736e-02,6.048419152689970407e-02,0.000000000000000000e+00,3.224927151067721875e-02,-9.866932142242700321e-01,-1.593023301525050561e-01,0.000000000000000000e+00,5.604031868360730834e-02,1.609211345161893347e-01,-9.853749901168905589e-01,0.000000000000000000e+00,6.426979660549965168e-01,2.769578175464207925e-01,7.992272971983388485e-02,1.000000000000000000e+00
9.979944002540628301e-01,2.834322418462904489e-02,5.643213273979121730e-02,0.000000000000000000e+00,3.544533563124390579e-02,-9.909855621908678636e-01,-1.291200627805245416e-01,0.000000000000000000e+00,5.226475616116351558e-02,1.308638750358797898e-01,-9.900217378795315160e-01,0.000000000000000000e+00,6.423967316810551553e-01,2.702834638948173884e-01,9.328024876057045001e-02,1.000000000000000000e+00
9.981722114242771449e-01,3.441691658365129969e-02,4.948190673822419616e-02,0.000000000000000000e+00,3.897680962185685188e-02,-9.947657752529860398e-01,-9.435363055142975686e-02,0.000000000000000000e+00,4.597643147416951431e-02,9.611166936955754803e-02,-9.943081588521226477e-01,0.000000000000000000e+00,6.405984340247590225e-01,2.630303132628086238e-01,1.075864039855436993e-01,1.000000000000000000e+00
9.982757769109069645e-01,3.748755392665674424e-02,4.495445956442279539e-02,0.000000000000000000e+00,4.081582385603992058e-02,-9.962959026288369380e-01,-7.555984270200423458e-02,0.000000000000000000e+00,4.195619797777169063e-02,7.726590158777076056e-02,-9.961273301657167512e-01,0.000000000000000000e+00,6.390309035682952832e-01,2.591887001277839997e-01,1.150127507349026496e-01,1.000000000000000000e+00
9.983513995721040590e-01,4.035322100688274599e-02,4.058136799073079615e-02,0.000000000000000000e+00,4.261215773288129505e-02,-9.974870254441101647e-01,-5.643212724342010211e-02,0.000000000000000000e+00,3.820290546729789016e-02,5.806947088539632373e-02,-9.975813122572749769e-01,0.000000000000000000e+00,6.372517831374253650e-01,2.553082605089945778e-01,1.225540429780658802e-01,1.000000000000000000e+00
9.984362423605281922e-01,4.456782213334414822e-02,3.345931966564207743e-02,0.000000000000000000e+00,4.520737744152807797e-02,-9.987946818007686911e-01,-1.860708286026129324e-02,0.000000000000000000e+00,3.259034084443057644e-02,2.009098079898978539e-02,-9.992668423270023581e-01,0.000000000000000000e+00,6.331681134505773301e-01,2.475012762554749945e-01,1.384297405019847549e-01,1.000000000000000000e+00
9.984302345992198680e-01,4.815113461154144764e-02,2.827157185189075467e-02,0.000000000000000000e+00,4.759986197721793877e-02,-9.986594133637723969e-01,1.985890583300540732e-02,0.000000000000000000e+00,2.919046221533670021e-02,-1.848236493450042608e-02,-9.994029813353986214e-01,0.000000000000000000e+00,6.281000905535669698e-01,2.393241844160039211e-01,1.547947450612658371e-01,1.000000000000000000e+00
9.984398396123072006e-01,4.937418194416894057e-02,2.570649204973022087e-02,0.000000000000000000e+00,4.832303398988864462e-02,-9.980200442318223342e-01,4.002027734451861496e-02,0.000000000000000000e+00,2.763209479103204136e-02,-3.871636901409872961e-02,-9.988681144714869342e-01,0.000000000000000000e+00,6.251373439993174186e-01,2.347848810402034248e-01,1.630362383377580993e-01,1.000000000000000000e+00
9.984787296479061824e-01,4.927308678790332658e-02,2.435438893307102087e-02,0.000000000000000000e+00,4.786865185876753442e-02,-9.973160772464267909e-01,5.522663430113734090e-02,0.000000000000000000e+00,2.701073041964910035e-02,-5.397784713548230834e-02,-9.981767440993681850e-01,0.000000000000000000e+00,6.235507060890628228e-01,2.313232324038745347e-01,1.699608585290231511e-01,1.000000000000000000e+00
9.983178841264477299e-01,4.830953451513829433e-02,3.175433843479263246e-02,0.000000000000000000e+00,4.654740107846207231e-02,-9.974421496213780047e-01,5.406703721061152657e-02,0.000000000000000000e+00,3.428572909499091881e-02,-5.249901903077795751e-02,-9.980322348407544286e-01,0.000000000000000000e+00,6.259815866927658234e-01,2.319227488511517721e-01,1.745129746752920596e-01,1.000000000000000000e+00
9.984286472243125710e-01,4.837258421822799442e-02,2.794774407868756347e-02,0.000000000000000000e+00,4.679079271600036088e-02,-9.973951299350231059e-01,5.472041118371412383e-02,0.000000000000000000e+00,3.052249918788592364e-02,-5.332775573819773657e-02,-9.981104786100848392e-01,0.000000000000000000e+00,6.250021893018107288e-01,2.315359616840844126e-01,1.724704621181699371e-01,1.000000000000000000e+00
9.984414094321805155e-01,4.775911315338525476e-02,2.854060165958368853e-02,0.000000000000000000e+00,4.613338359003837236e-02,-9.974029003654011349e-01,5.513539845170434966e-02,0.000000000000000000e+00,3.110029538391386253e-02,-5.373382495811282467e-02,-9.980708630565285899e-01,0.000000000000000000e+00,6.252567972576826838e-01,2.309736569451491528e-01,1.727726340716089493e-01,1.000000000000000000e+00
9.983701562289184483e-01,4.831664603311132400e-02,3.005461310288877128e-02,0.000000000000000000e+00,4.658817144968522422e-02,-9.973463905781400074e-01,5.577155532114708852e-02,0.000000000000000000e+00,3.267018339782511160e-02,-5.428151201832549788e-02,-9.979910703857810539e-01,0.000000000000000000e+00,6.256781103019579682e-01,2.304245010556007223e-01,1.737783597117882883e-01,1.000000000000000000e+00
9.983021948608630236e-01,4.892340952068897908e-02,3.130454660369724751e-02,0.000000000000000000e+00,4.695024991043466461e-02,-9.970274461324187820e-01,6.093186845340512608e-02,0.000000000000000000e+00,3.419314522982735277e-02,-5.935980458781323077e-02,-9.976508619845866344e-01,0.000000000000000000e+00,6.252690134934959509e-01,2.290927366629834927e-01,1.768107512544571380e-01,1.000000000000000000e+00
9.984400142772514863e-01,4.728293840794640934e-02,2.937019793532697973e-02,0.000000000000000000e+00,4.510208755314636803e-02,-9.964510211429877806e-01,7.093596452190907564e-02,0.000000000000000000e+00,3.262065261387341042e-02,-6.950198631990210651e-02,-9.970483272743770886e-01,0.000000000000000000e+00,6.251144359594876798e-01,2.259916353146687873e-01,1.808669339041283075e-01,1.000000000000000000e+00
9.985654269981757425e-01,4.565981992617328816e-02,2.762273971691987795e-02,0.000000000000000000e+00,4.336124879812928989e-02,-9.959408419662871825e-01,7.875524304678262200e-02,0.000000000000000000e+00,3.110716377614025294e-02,-7.744599748744494805e-02,-9.965111448624039969e-01,0.000000000000000000e+00,6.247409853364295218e-01,2.233065848916660212e-01,1.835952856529651789e-01,1.000000000000000000e+00
9.984628234233652311e-01,5.133381294260070532e-02,2.043469577517752211e-02,0.000000000000000000e+00,4.916279941860102892e-02,-9.942140863612747292e-01,9.540501315628223400e-02,0.000000000000000000e+00,2.521445094565469974e-02,-9.425554666654135938e-02,-9.952286789407250867e-01,0.000000000000000000e+00,6.246708968011627228e-01,2.170103550899941669e-01,1.898147589700348581e-01,1.000000000000000000e+00
9.986159361823557790e-01,5.117421196393578953e-02,1.132073026422464844e-02,0.000000000000000000e+00,4.966208147409784113e-02,-9.929328866129273345e-01,1.076972945221363331e-01,0.000000000000000000e+00,1.675237209271616262e-02,-1.069880834169414097e-01,-9.941191618895778292e-01,0.000000000000000000e+00,6.232404957025382553e-01,2.126894840336464032e-01,1.925133373482448840e-01,1.000000000000000000e+00
9.989089454271552482e-01,4.647874767756363795e-02,-1.179686883169907535e-03,0.000000000000000000e+00,4.626776368993546634e-02,-9.912359379908711743e-01,1.236582232595088843e-01,0.000000000000000000e+00,4.578219467871707214e-03,-1.235802661665636182e-01,-9.923240185144696079e-01,0.000000000000000000e+00,6.204202457344516475e-01,2.073021083999363467e-01,1.954021525000324555e-01,1.000000000000000000e+00
9.988745993533638678e-01,3.548913550753682311e-02,-3.115771058330186333e-02,0.000000000000000000e+00,4.002851242832637657e-02,-9.863242839994966760e-01,1.598213749373455783e-01,0.000000000000000000e+00,-2.506016663585050597e-02,-1.608918063298088175e-01,-9.866538474582231544e-01,0.000000000000000000e+00,6.126597255165330269e-01,1.957043152770433225e-01,2.015356399570230328e-01,1.000000000000000000e+00
9.982602483610009125e-01,2.565579639843558815e-02,-5.290560985947772438e-02,0.000000000000000000e+00,3.541324170791085302e-02,-9.806151370421852809e-01,1.926670761097540319e-01,0.000000000000000000e+00,-4.693791828567626945e-02,-1.942091815265271915e-01,-9.798365300588683935e-01,0.000000000000000000e+00,6.054175797673433390e-01,1.860046208242200627e-01,2.097419328400538241e-01,1.000000000000000000e+00
9.979643273519854807e-01,2.052262076111182817e-02,-6.022267240170559033e-02,0.000000000000000000e+00,3.264678226572448327e-02,-9.776058842223187551e-01,2.078501134057933464e-01,0.000000000000000000e+00,-5.460946125227181258e-02,-2.093971066315855611e-01,-9.763045930835606567e-01,0.000000000000000000e+00,6.020154473150899355e-01,1.815534913402599704e-01,2.149340832669910661e-01,1.000000000000000000e+00
9.977148528633252855e-01,1.511023017148939614e-02,-6.570768768786648673e-02,0.000000000000000000e+00,2.935823858169748363e-02,-9.746762360196522534e-01,2.216417732900360926e-01,0.000000000000000000e+00,-6.069583208598629959e-02,-2.230686459609050043e-01,-9.729112987094752363e-01,0.000000000000000000e+00,5.988803279859864492e-01,1.773642979075323034e-01,2.203855200401974301e-01,1.000000000000000000e+00
9.974222763410131032e-01,9.873915313281019651e-03,-7.093698158440626955e-02,0.000000000000000000e+00,2.637607526570879407e-02,-9.714716003047616510e-01,2.356437551816118470e-01,0.000000000000000000e+00,-6.658781855967499386e-02,-2.369119311529955252e-01,-9.692465111089243468e-01,0.000000000000000000e+00,5.954212104262452954e-01,1.732821635471249455e-01,2.260849467641357913e-01,1.000000000000000000e+00
9.963018006807460303e-01,-1.166967908365489255e-03,-8.580272167835054087e-02,0.000000000000000000e+00,2.164939632147170473e-02,-9.641338635060821005e-01,2.644956403817647628e-01,0.000000000000000000e+00,-8.303556616727182649e-02,-2.653801693022517783e-01,-9.605615339437597600e-01,0.000000000000000000e+00,5.862802912308046066e-01,1.647070774008433935e-01,2.377156117251300049e-01,1.000000000000000000e+00
9.940986197761892962e-01,-5.572375351033749015e-03,-1.082480008740628052e-01,0.000000000000000000e+00,2.577046699272979996e-02,-9.578808895663630807e-01,2.859734801266333171e-01,0.000000000000000000e+00,-1.052842699911860913e-01,-2.870809706183222176e-01,-9.521027984420932233e-01,0.000000000000000000e+00,5.751637254714967451e-01,1.571603617744878889e-01,2.495214971304349771e-01,1.000000000000000000e+00
9.924684512780663770e-01,-7.255556772642363095e-03,-1.222066979131810754e-01,0.000000000000000000e+00,2.911584450133547844e-02,-9.556001998158463184e-01,2.931915288887059767e-01,0.000000000000000000e+00,-1.189103021195744014e-01,-2.945471647631462964e-01,-9.482100546713388978e-01,0.000000000000000000e+00,5.688279446927236860e-01,1.538699594952389615e-01,2.554645908819159206e-01,1.000000000000000000e+00
9.905417283367319303e-01,-1.262369272331190055e-02,-1.365594145671237547e-01,0.000000000000000000e+00,2.887851482010051624e-02,-9.542184437383695039e-01,2.976809364277763770e-01,0.000000000000000000e+00,-1.340679259401386103e-01,-2.988147754498595710e-01,-9.448468242032460607e-01,0.000000000000000000e+00,5.622089250835320406e-01,1.508483842535298936e-01,2.614768889519417661e-01,1.000000000000000000e+00
9.882101122306027330e-01,-1.928232413913176860e-02,-1.518213191952351993e-01,0.000000000000000000e+00,2.744732674411326165e-02,-9.536064933739631932e-01,2.997699900770986470e-01,0.000000000000000000e+00,-1.505609566980016800e-01,-3.004086086887511886e-01,-9.418524651684422322e-01,0.000000000000000000e+00,5.553384250419695078e-01,1.481877707722131787e-01,2.674194816244771511e-01,1.000000000000000000e+00
9.794082829564779713e-01,-4.465410907986541722e-02,-1.968404753086507031e-01,0.000000000000000000e+00,1.744001662541680778e-02,-9.528425576165452382e-01,3.029317631349908169e-01,0.000000000000000000e+00,-2.010890015167491052e-01,-3.001325576287403596e-01,-9.324610776435806603e-01,0.000000000000000000e+00,5.338088797692828180e-01,1.406603862199152788e-01,2.862647646680436808e-01,1.000000000000000000e+00
9.763234012177652854e-01,-5.402710996567854085e-02,-2.094145040930522894e-01,0.000000000000000000e+00,1.290779207937494712e-02,-9.520025033574243123e-01,3.057864768200858618e-01,0.000000000000000000e+00,-2.158880482590366523e-01,-3.012553720720621553e-01,-9.287828332913066198e-01,0.000000000000000000e+00,5.270764707648464276e-01,1.376711564860849668e-01,2.927475155479605795e-01,1.000000000000000000e+00
9.733984781949581722e-01,-6.166501916161273855e-02,-2.206208851417879035e-01,0.000000000000000000e+00,1.009996759461770366e-02,-9.505886623463829510e-01,3.102578485297522448e-01,0.000000000000000000e+00,-2.288561744577709278e-01,-3.042386389341021902e-01,-9.246965458960466622e-01,0.000000000000000000e+00,5.206360375620731062e-01,1.342481285382999545e-01,2.993636743747890017e-01,1.000000000000000000e+00
9.641294805714653027e-01,-7.980967592531428012e-02,-2.531116497178685365e-01,0.000000000000000000e+00,1.026036777573210816e-02,-9.417816436689548931e-01,3.360398896002030900e-01,0.000000000000000000e+00,-2.652002461165636760e-01,-3.265892706814567670e-01,-9.071980366686581698e-01,0.000000000000000000e+00,5.013509696585924935e-01,1.206959860918137561e-01,3.198020874792967261e-01,1.000000000000000000e+00
9.612760955831338716e-01,-9.174595546323656425e-02,-2.598301264630253349e-01,0.000000000000000000e+00,4.583018849947616963e-03,-9.374806101892009247e-01,3.479796665880245388e-01,0.000000000000000000e+00,-2.755167370459481457e-01,-3.357018049074356747e-01,-9.007745699060578648e-01,0.000000000000000000e+00,4.952194686290475878e-01,1.154627853887142397e-01,3.269782432903052261e-01,1.000000000000000000e+00
9.582696840479124623e-01,-1.049518548400057705e-01,-2.658666351793034788e-01,0.000000000000000000e+00,-2.489150765882400772e-03,-9.331697518004070657e-01,3.594005639317215395e-01,0.000000000000000000e+00,-2.858239607744121891e-01,-3.437475009115076308e-01,-8.945067462374557410e-01,0.000000000000000000e+00,4.890299779211866316e-01,1.102504262816657865e-01,3.342221914364750246e-01,1.000000000000000000e+00
9.550398584447210570e-01,-1.163287826326731417e-01,-2.726668847042038046e-01,0.000000000000000000e+00,-7.806906127978416668e-03,-9.293309714868025484e-01,3.691391940085917978e-01,0.000000000000000000e+00,-2.963449994750146921e-01,-3.504207055037316110e-01,-8.884733932090596031e-01,0.000000000000000000e+00,4.828393606440239960e-01,1.050677045912084967e-01,3.414852918153567507e-01,1.000000000000000000e+00
9.451180340904425936e-01,-1.336799100211900904e-01,-2.980978533887015391e-01,0.000000000000000000e+00,-7.634391712933336419e-03,-9.212315306493581435e-01,3.889150677227906083e-01,0.000000000000000000e+00,-3.266135613427922912e-01,-3.653018816459773777e-01,-8.717098811031606109e-01,0.000000000000000000e+00,4.642831891562748670e-01,8.937307259753342337e-02,3.635753333695236900e-01,1.000000000000000000e+00
9.412685939445110117e-01,-1.292487644102692235e-01,-3.119117468986224440e-01,0.000000000000000000e+00,2.231793527621669590e-03,-9.214155352089002937e-01,3.885475228006919357e-01,0.000000000000000000e+00,-3.376261167921788542e-01,-3.664307580127320607e-01,-8.670277416796124959e-01,0.000000000000000000e+00,4.578992811817969022e-01,8.450083107902070512e-02,3.707412191541528124e-01,1.000000000000000000e+00
9.370555656247623322e-01,-1.221503317881945661e-01,-3.270885358383859853e-01,0.000000000000000000e+00,1.371026272315204256e-02,-9.232021405844100803e-01,3.840450275913410150e-01,0.000000000000000000e+00,-3.488867811401714647e-01,-3.643630154321890746e-01,-8.634336146634625786e-01,0.000000000000000000e+00,4.516528163891074810e-01,7.962725472830750606e-02,3.777379152655023775e-01,1.000000000000000000e+00
9.294330060335431742e-01,-1.059959949191540546e-01,-3.534117757768673318e-01,0.000000000000000000e+00,3.424964061234762186e-02,-9.289166945898883476e-01,3.686753090882672890e-01,0.000000000000000000e+00,-3.673752778852466538e-01,-3.547700575077487595e-01,-8.597520639665172659e-01,0.000000000000000000e+00,4.405266259243802995e-01,6.971095631808667259e-02,3.909477948042452411e-01,1.000000000000000000e+00
9.263341866352292620e-01,-9.454851476590342418e-02,-3.646180192031361900e-01,0.000000000000000000e+00,4.552315116194739775e-02,-9.327803510774698159e-01,3.575321052063533678e-01,0.000000000000000000e+00,-3.739198526057228023e-01,-3.477994692944047506e-01,-8.597787348997676382e-01,0.000000000000000000e+00,4.359449463921645784e-01,6.452330455142468724e-02,3.967845922290795246e-01,1.000000000000000000e+00
9.206155426026890742e-01,-6.807737551745937643e-02,-3.844648755897210335e-01,0.000000000000000000e+00,6.758412286450626860e-02,-9.420247062752707956e-01,3.286374689606063604e-01,0.000000000000000000e+00,-3.845555917709033711e-01,-3.285388085858244045e-01,-8.626582452459011785e-01,0.000000000000000000e+00,4.283552159850424479e-01,5.316931648198676419e-02,4.060999269655938271e-01,1.000000000000000000e+00
9.171097080462076168e-01,-5.258824328149296068e-02,-3.951265708316445413e-01,0.000000000000000000e+00,7.989471920178375930e-02,-9.468836243919973583e-01,3.114626504143814256e-01,0.000000000000000000e+00,-3.905256719450816427e-01,-3.172200542836330905e-01,-8.642112801347429096e-01,0.000000000000000000e+00,4.247357517799094651e-01,4.726597292641937509e-02,4.097682292673088811e-01,1.000000000000000000e+00
9.054099548959660959e-01,-2.142622773316703311e-02,-4.239746186290154761e-01,0.000000000000000000e+00,1.054117131537851693e-01,-9.560892603856917527e-01,2.734272184811406547e-01,0.000000000000000000e+00,-4.112240107354487306e-01,-2.922612433703378754e-01,-8.634107820836359748e-01,0.000000000000000000e+00,4.161100339204595877e-01,3.479960729765464028e-02,4.152956651794295073e-01,1.000000000000000000e+00
8.964552691515920158e-01,-6.940316013774565015e-03,-4.430581556919853670e-01,0.000000000000000000e+00,1.172614036626965367e-01,-9.605064595571246588e-01,2.523050757739532246e-01,0.000000000000000000e+00,-4.273195246843932149e-01,-2.781391908932199786e-01,-8.602538080780398611e-01,0.000000000000000000e+00,4.106641670212577977e-01,2.834044315875205999e-02,4.175523675805523638e-01,1.000000000000000000e+00
8.727902107782981034e-01,2.261720244441051478e-02,-4.875514916645941610e-01,0.000000000000000000e+00,1.402590328440116996e-01,-9.684037235547333644e-01,2.061610506671867349e-01,0.000000000000000000e+00,-4.674928944204461700e-01,-2.483236285479732686e-01,-8.484018913057429501e-01,0.000000000000000000e+00,3.985666050933253657e-01,1.549322892464212106e-02,4.217556648122304797e-01,1.000000000000000000e+00
8.586145339967061751e-01,3.799433406887615938e-02,-5.111929767607236164e-01,0.000000000000000000e+00,1.505891926034767792e-01,-9.719325443570280276e-01,1.806952439659531839e-01,0.000000000000000000e+00,-4.899891289056992894e-01,-2.321321695918071581e-01,-8.402531222166536029e-01,0.000000000000000000e+00,3.922538769807308312e-01,9.294103758017121034e-03,4.239101826781869753e-01,1.000000000000000000e+00
8.437221912521295497e-01,5.479847314231631877e-02,-5.339576183848153690e-01,0.000000000000000000e+00,1.601406727386859852e-01,-9.751601660958461038e-01,1.529652323109117751e-01,0.000000000000000000e+00,-5.123218024400568726e-01,-2.145726244007800099e-01,-8.315557465391800740e-01,0.000000000000000000e+00,3.863040784306465136e-01,3.350441175160319418e-03,4.259237544318904001e-01,1.000000000000000000e+00
8.138742585617779746e-01,9.490858956806352831e-02,-5.732205489843551494e-01,0.000000000000000000e+00,1.800895346042486467e-01,-9.791796020791033728e-01,9.357250290252075442e-02,0.000000000000000000e+00,-5.524156704987124300e-01,-1.793907271411352700e-01,-8.140367890969257836e-01,0.000000000000000000e+00,3.762474613052210759e-01,-7.211473553984909524e-03,4.290070838943715881e-01,1.000000000000000000e+00
8.001298720426752720e-01,1.157163572673160501e-01,-5.885428271816444123e-01,0.000000000000000000e+00,1.886863948538104463e-01,-9.799497939044230499e-01,6.384820063994819939e-02,0.000000000000000000e+00,-5.693651030470289198e-01,-1.621399985835813851e-01,-8.059367222627110694e-01,0.000000000000000000e+00,3.721352694062434185e-01,-1.220989240822763222e-02,4.301285233807174979e-01,1.000000000000000000e+00
7.791979377884379332e-01,1.516571824440668403e-01,-6.081376650566718833e-01,0.000000000000000000e+00,2.013470737235477093e-01,-9.794138007579529237e-01,1.373716451941960418e-02,0.000000000000000000e+00,-5.935465098610279711e-01,-1.331532731579466722e-01,-7.937082250292722962e-01,0.000000000000000000e+00,3.664902719152743349e-01,-2.133050133338679558e-02,4.314838342520915804e-01,1.000000000000000000e+00
7.640954783448085097e-01,1.844361559702591968e-01,-6.181602957527609910e-01,0.000000000000000000e+00,2.150406936190194795e-01,-9.762629560814246599e-01,-2.547327172189314815e-02,0.000000000000000000e+00,-6.081968996551239126e-01,-1.134677916316665924e-01,-7.856345152245589603e-01,0.000000000000000000e+00,3.632124115773152084e-01,-2.957727597356044416e-02,4.320337173712723300e-01,1.000000000000000000e+00
7.564507726198527182e-01,2.038189360204243350e-01,-6.214666658989346226e-01,0.000000000000000000e+00,2.251221025472855686e-01,-9.732726193784594360e-01,-4.517957740052814392e-02,0.000000000000000000e+00,-6.140767660521245785e-01,-1.057317919235870179e-01,-7.821320307797087201e-01,0.000000000000000000e+00,3.618565321382495870e-01,-3.310251785496573507e-02,4.320653815427529243e-01,1.000000000000000000e+00
7.476401008866726539e-01,2.256889322182278890e-01,-6.245634734128872045e-01,0.000000000000000000e+00,2.371804113656195423e-01,-9.691904907987916040e-01,-6.630227681491356051e-02,0.000000000000000000e+00,-6.202966120219807200e-01,-9.856587831968345592e-02,-7.781496518955217656e-01,0.000000000000000000e+00,3.603845917646838481e-01,-3.624191976299419998e-02,4.321129261809999456e-01,1.000000000000000000e+00
7.287431974202412954e-01,2.691950816923637801e-01,-6.296412527047231533e-01,0.000000000000000000e+00,2.609091829026748410e-01,-9.592759868779746624e-01,-1.081514039555410978e-01,0.000000000000000000e+00,-6.331257497229701992e-01,-8.546623033073265374e-02,-7.693161304111471033e-01,0.000000000000000000e+00,3.573909679468671441e-01,-4.161688249027556408e-02,4.323433370142000798e-01,1.000000000000000000e+00
7.097728665753887389e-01,3.108465051002208823e-01,-6.321215666638355657e-01,0.000000000000000000e+00,2.831446265740757418e-01,-9.475722401102463222e-01,-1.480429569952078361e-01,0.000000000000000000e+00,-6.450119032102060723e-01,-7.390637390638397919e-02,-7.605902264775412647e-01,0.000000000000000000e+00,3.548706366824289637e-01,-4.602047953170394085e-02,4.329489777450431509e-01,1.000000000000000000e+00
7.012298487764592192e-01,3.298968118777418357e-01,-6.320012180360525811e-01,0.000000000000000000e+00,2.928634567305346548e-01,-9.415313985371560612e-01,-1.665243771395575334e-01,0.000000000000000000e+00,-6.499973662764447768e-01,-6.831951293511266676e-02,-7.568592127905917621e-01,0.000000000000000000e+00,3.539630477107430506e-01,-4.814031245937214903e-02,4.334540739935269782e-01,1.000000000000000000e+00
6.929259870325661375e-01,3.484760765307950425e-01,-6.311883613326972897e-01,0.000000000000000000e+00,3.022884430716324955e-01,-9.351887013864417231e-01,-1.844574121191049076e-01,0.000000000000000000e+00,-6.545718217632016112e-01,-6.298682536566377332e-02,-7.533713493251247284e-01,0.000000000000000000e+00,3.532825396683198504e-01,-5.012295296919565962e-02,4.341528110118200723e-01,1.000000000000000000e+00
6.854080185194884045e-01,3.654019734794314300e-01,-6.298237791856813317e-01,0.000000000000000000e+00,3.105190573571683932e-01,-9.290461371291943715e-01,-2.010769429958244314e-01,0.000000000000000000e+00,-6.586219414297579400e-01,-5.775364908185434687e-02,-7.502543930461362809e-01,0.000000000000000000e+00,3.529065144621011951e-01,-5.206524994102771503e-02,4.350282010024943968e-01,1.000000000000000000e+00
6.721756161964839160e-01,3.972390332953388836e-01,-6.247894351849030414e-01,0.000000000000000000e+00,3.254941052333641949e-01,-9.164968563574220628e-01,-2.325249376873428919e-01,0.000000000000000000e+00,-6.649983379749693224e-01,-4.706859110996485657e-02,-7.453601533630915821e-01,0.000000000000000000e+00,3.529601893538162893e-01,-5.615881402106832204e-02,4.371538019870306324e-01,1.000000000000000000e+00
6.602048056562830336e-01,4.229735997559411209e-01,-6.206478030244358957e-01,0.000000000000000000e+00,3.349125242080563392e-01,-9.054284267633115890e-01,-2.607943865168707576e-01,0.000000000000000000e+00,-6.722742476902098252e-01,-3.568570214882702679e-02,-7.394415910365793598e-01,0.000000000000000000e+00,3.532893678564582030e-01,-6.044171411095402430e-02,4.392456061412851054e-01,1.000000000000000000e+00
6.530955502933429857e-01,4.342317948273329287e-01,-6.203947916039245225e-01,0.000000000000000000e+00,3.372298235784512155e-01,-9.003066508881060193e-01,-2.751449206456426655e-01,0.000000000000000000e+00,-6.780352840672437820e-01,-2.952027111879348964e-02,-7.344363193313122595e-01,0.000000000000000000e+00,3.529795893779202887e-01,-6.252902128952851635e-02,4.403127277403606210e-01,1.000000000000000000e+00
6.441976373510412968e-01,4.465456853872538656e-01,-6.209566021829322491e-01,0.000000000000000000e+00,3.391321027862188586e-01,-8.944578529002200629e-01,-2.914023217926277609e-01,0.000000000000000000e+00,-6.855571577407727490e-01,-2.286607126259373665e-02,-7.276596225264990725e-01,0.000000000000000000e+00,3.522372333269853661e-01,-6.457316429809840941e-02,4.416201099570191690e-01,1.000000000000000000e+00
6.334696759397717702e-01,4.607047624040213618e-01,-6.216494498221830645e-01,0.000000000000000000e+00,3.412456120720592789e-01,-8.874017673879976975e-01,-3.099197999151264149e-01,0.000000000000000000e+00,-6.944477185227121430e-01,-1.581065618340121715e-02,-7.193694387376002863e-01,0.000000000000000000e+00,3.512081542304547055e-01,-6.658483062587015888e-02,4.429551669923797452e-01,1.000000000000000000e+00
5.964040067428804104e-01,5.084277721269219175e-01,-6.211152937839329313e-01,0.000000000000000000e+00,3.467137731425649072e-01,-8.610691530853362696e-01,-3.719277080554174719e-01,0.000000000000000000e+00,-7.239355339881239360e-01,6.470072807518172445e-03,-6.898372857327990104e-01,0.000000000000000000e+00,3.482288125084105901e-01,-7.248353872694915379e-02,4.469059765177949561e-01,1.000000000000000000e+00
5.851420365703910997e-01,5.232658352418440018e-01,-6.195017430226640309e-01,0.000000000000000000e+00,3.467438994559343679e-01,-8.520320646643219087e-01,-3.921616705838983363e-01,0.000000000000000000e+00,-7.330542668448862820e-01,1.466211078594978866e-02,-6.800121060450371457e-01,0.000000000000000000e+00,3.477221908973800457e-01,-7.483114528051906800e-02,4.479875781037577775e-01,1.000000000000000000e+00
5.755555758579942172e-01,5.363399393309937757e-01,-6.172973315011227591e-01,0.000000000000000000e+00,3.457492737653482529e-01,-8.436791254925358752e-01,-4.106625376146363360e-01,0.000000000000000000e+00,-7.410698612107385896e-01,2.292945071927656939e-02,-6.710362889552315968e-01,0.000000000000000000e+00,3.476437896279424011e-01,-7.735742320696215035e-02,4.489977781770018717e-01,1.000000000000000000e+00
5.569565313990604283e-01,5.658506084557521909e-01,-6.079418211830723839e-01,0.000000000000000000e+00,3.470391938884241356e-01,-8.235786825696379543e-01,-4.486231140092322711e-01,0.000000000000000000e+00,-7.545561137417813313e-01,3.888468258022852869e-02,-6.550824777656130138e-01,0.000000000000000000e+00,3.486488978696152818e-01,-8.260822229582556742e-02,4.503201229332325917e-01,1.000000000000000000e+00
5.394537991466110682e-01,5.994201170027106951e-01,-5.913255184921014651e-01,0.000000000000000000e+00,3.525635010955699422e-01,-7.985518755377062350e-01,-4.878469295502988468e-01,0.000000000000000000e+00,-7.646440872037789660e-01,5.469213745431489304e-02,-6.421278611032058548e-01,0.000000000000000000e+00,3.510288840963049495e-01,-8.853116067415513213e-02,4.504366601637390666e-01,1.000000000000000000e+00
5.293205125066521299e-01,6.198026291754615835e-01,-5.793489818823266413e-01,0.000000000000000000e+00,3.583765179004824719e-01,-7.822880657667647952e-01,-5.094824829938976452e-01,0.000000000000000000e+00,-7.690111827674036560e-01,6.205565299893137793e-02,-6.362160770599522008e-01,0.000000000000000000e+00,3.525768965030135482e-01,-9.147106028625398566e-02,4.501656976727531623e-01,1.000000000000000000e+00
5.070097605980307121e-01,6.626344154902193972e-01,-5.512145507581155401e-01,0.000000000000000000e+00,3.703160786473609356e-01,-7.449389421501756425e-01,-5.548988387666954347e-01,0.000000000000000000e+00,-7.783312373101103354e-01,7.721700313570530050e-02,-6.230874894058242575e-01,0.000000000000000000e+00,3.557104371052997593e-01,-9.783099879670155430e-02,4.491315279122285453e-01,1.000000000000000000e+00
4.948002001988995868e-01,6.839763146063504440e-01,-5.360316313818167533e-01,0.000000000000000000e+00,3.752827851742723819e-01,-7.245363717110141488e-01,-5.780922280405509373e-01,0.000000000000000000e+00,-7.837908953650076782e-01,8.487834077249553633e-02,-6.151971225636768681e-01,0.000000000000000000e+00,3.571918189303497915e-01,-1.009351134923023585e-01,4.484348841812037523e-01,1.000000000000000000e+00
4.828166407683635586e-01,7.038329763951994833e-01,-5.210450840733802380e-01,0.000000000000000000e+00,3.793575455113278871e-01,-7.043689429581483363e-01,-5.999441572020265401e-01,0.000000000000000000e+00,-7.892836530928658556e-01,9.200240976555282280e-02,-6.070970857760000783e-01,0.000000000000000000e+00,3.587756982233698544e-01,-1.042333729748260024e-01,4.476068414521028882e-01,1.000000000000000000e+00
4.606840457155711999e-01,7.384003165138979252e-01,-4.924590637774037827e-01,0.000000000000000000e+00,3.838647042250394881e-01,-6.660292313694213817e-01,-6.395574240933249444e-01,0.000000000000000000e+00,-8.002569435338858783e-01,1.055982818330416656e-01,-5.902862248093820874e-01,0.000000000000000000e+00,3.622047610236527881e-01,-1.116921503165925339e-01,4.455693806479092967e-01,1.000000000000000000e+00
4.397282253749529857e-01,7.707309268630986310e-01,-4.610788143978772902e-01,0.000000000000000000e+00,3.863173072270136843e-01,-6.257739126460765133e-01,-6.776036417329074357e-01,0.000000000000000000e+00,-8.107967869132267635e-01,1.198410282003600086e-01,-5.729281789989634222e-01,0.000000000000000000e+00,3.661574407839622292e-01,-1.192568789070249241e-01,4.431720743052707800e-01,1.000000000000000000e+00
4.297866391557582100e-01,7.857894693032891897e-01,-4.447461091864227667e-01,0.000000000000000000e+00,3.863233262455612049e-01,-6.052313183109827577e-01,-6.960101190610118449e-01,0.000000000000000000e+00,-8.161074086598142374e-01,1.273225050067283426e-01,-5.636999886902382961e-01,0.000000000000000000e+00,3.681183992023094875e-01,-1.231188758340622663e-01,4.419078870950468030e-01,1.000000000000000000e+00
4.194504393884186944e-01,8.002956593955703468e-01,-4.284494525036529611e-01,0.000000000000000000e+00,3.853271875194083651e-01,-5.843140553212159416e-01,-7.141994050779277847e-01,0.000000000000000000e+00,-8.219355457255907993e-01,1.344806209121011120e-01,-5.534771190138496610e-01,0.000000000000000000e+00,3.699131717609384085e-01,-1.268995679657278219e-01,4.407505131784721919e-01,1.000000000000000000e+00
4.086151190936095356e-01,8.153434693348742268e-01,-4.101578456671220452e-01,0.000000000000000000e+00,3.840598050740282043e-01,-5.612672540626557627e-01,-7.331151905019250847e-01,0.000000000000000000e+00,-8.279647915037038342e-01,1.420395433211400216e-01,-5.424933844420134488e-01,0.000000000000000000e+00,3.714574340957234044e-01,-1.303858081886314912e-01,4.398424943085860739e-01,1.000000000000000000e+00
3.834835709233461731e-01,8.479437065518058425e-01,-3.659406622012272292e-01,0.000000000000000000e+00,3.843573054642469566e-01,-5.068234559319874100e-01,-7.716088342901661346e-01,0.000000000000000000e+00,-8.397643341046735488e-01,1.552503332961319149e-01,-5.202818439818694962e-01,0.000000000000000000e+00,3.746162779796984865e-01,-1.374841768397830621e-01,4.374479413952295781e-01,1.000000000000000000e+00
3.549554699585878992e-01,8.791656188095281488e-01,-3.178917676677798232e-01,0.000000000000000000e+00,3.915237940776205572e-01,-4.485747685632496262e-01,-8.034118138169865642e-01,0.000000000000000000e+00,-8.489466154160885125e-01,1.607163212475698488e-01,-5.034480194202930470e-01,0.000000000000000000e+00,3.786809647368773457e-01,-1.450689191052662308e-01,4.339962805319464434e-01,1.000000000000000000e+00
3.400740458160842472e-01,8.923716168210273914e-01,-2.966534809431929931e-01,0.000000000000000000e+00,3.964587047023486743e-01,-4.221019653465357679e-01,-8.152491479403923824e-01,0.000000000000000000e+00,-8.527396354729912531e-01,1.596372948006310744e-01,-4.973439938333689136e-01,0.000000000000000000e+00,3.810305654323766222e-01,-1.494734541261834027e-01,4.317265288288996139e-01,1.000000000000000000e+00
