9.996719550519173048e-01,1.976961263824387680e-02,1.568093109544348510e-02,0.000000000000000000e+00,2.275398706507906349e-02,-9.748830090872663279e-01,-2.215087392560554924e-01,0.000000000000000000e+00,1.090814133606067028e-02,2.217971484189106557e-01,-9.750318135352467053e-01,0.000000000000000000e+00,6.229117899266909397e-01,2.954636831382914663e-01,2.877792999874485488e-02,1.000000000000000000e+00
9.996715584388390363e-01,1.978986235927959747e-02,1.568067273657227159e-02,0.000000000000000000e+00,2.277391916153473014e-02,-9.748776297759011999e-01,-2.215303646675845228e-01,0.000000000000000000e+00,1.090289155999698070e-02,2.218189859649204176e-01,-9.750269044601411750e-01,0.000000000000000000e+00,6.229054526996488095e-01,2.954862004632124450e-01,2.877638535889586943e-02,1.000000000000000000e+00
9.996706395274421730e-01,1.979399009981257923e-02,1.573395449122819839e-02,0.000000000000000000e+00,2.278976908236910251e-02,-9.748771878581780070e-01,-2.215306794105753874e-01,0.000000000000000000e+00,1.095390812991473006e-02,2.218205598840796156e-01,-9.750259745819056523e-01,0.000000000000000000e+00,6.229215254701843119e-01,2.954892606701507995e-01,2.880672348906352861e-02,1.000000000000000000e+00
9.996708831202738565e-01,1.979809772078160862e-02,1.571329594256415732e-02,0.000000000000000000e+00,2.278921835004158944e-02,-9.748766572319690349e-01,-2.215330711483605719e-01,0.000000000000000000e+00,1.093280252193063774e-02,2.218225253784573969e-01,-9.750257643076618574e-01,0.000000000000000000e+00,6.229143104454711866e-01,2.954898076949374341e-01,2.879606748388064547e-02,1.000000000000000000e+00
9.996709672510848410e-01,1.976382014308135024e-02,1.575104916635437433e-02,0.000000000000000000e+00,2.276412682846289809e-02,-9.748780529695815211e-01,-2.215295088000327206e-01,0.000000000000000000e+00,1.097729412214286382e-02,2.218194479294355037e-01,-9.750259645435277456e-01,0.000000000000000000e+00,6.229381493023833372e-01,2.954725951326506173e-01,2.881242394085765934e-02,1.000000000000000000e+00
9.996707186637336928e-01,1.974260328791024519e-02,1.579337718661888088e-02,0.000000000000000000e+00,2.275281067398645871e-02,-9.748786459634735113e-01,-2.215280617711138655e-01,0.000000000000000000e+00,1.102329775883536568e-02,2.218187311338876144e-01,-9.750256085994214450e-01,0.000000000000000000e+00,6.229578306782196373e-01,2.954649147745275761e-01,2.883346045590426399e-02,1.000000000000000000e+00
9.996714892121358886e-01,1.973193888953543237e-02,1.575789152324102299e-02,0.000000000000000000e+00,2.273443781633583197e-02,-9.748810937939571541e-01,-2.215191756970060211e-01,0.000000000000000000e+00,1.099127930253644345e-02,2.218089215721024132e-01,-9.750282016897330317e-01,0.000000000000000000e+00,6.229507522966117872e-01,2.954523174913755712e-01,2.880911396320737922e-02,1.000000000000000000e+00
9.996724377390900917e-01,1.971197889593658686e-02,1.572265925343930421e-02,0.000000000000000000e+00,2.270699213595649135e-02,-9.748850575636008875e-01,-2.215045461126267656e-01,0.000000000000000000e+00,1.096170367977997336e-02,2.217932740905418920e-01,-9.750320941490258075e-01,0.000000000000000000e+00,6.229444631610351335e-01,2.954349336578663832e-01,2.878614019392119333e-02,1.000000000000000000e+00
9.996724617563604864e-01,1.969265007514473670e-02,1.574533709401122750e-02,0.000000000000000000e+00,2.269306195343678140e-02,-9.748876261152322753e-01,-2.214946687570439054e-01,0.000000000000000000e+00,1.098832885600317839e-02,2.217837007159160490e-01,-9.750339720880012440e-01,0.000000000000000000e+00,6.229585909791374165e-01,2.954184519601876779e-01,2.879618492534053928e-02,1.000000000000000000e+00
9.996717930044066724e-01,1.971377938151595149e-02,1.576134750140845836e-02,0.000000000000000000e+00,2.271741282553193728e-02,-9.748831527582447753e-01,-2.215118609101272285e-01,0.000000000000000000e+00,1.099884794942621903e-02,2.218014865715787765e-01,-9.750298076973972217e-01,0.000000000000000000e+00,6.229569302363764383e-01,2.954378489664377105e-01,2.881001129193075730e-02,1.000000000000000000e+00
9.996711241768579947e-01,1.972731402162205064e-02,1.578681315774783239e-02,0.000000000000000000e+00,2.273639127112151229e-02,-9.748800951966629658e-01,-2.215233698789368377e-01,0.000000000000000000e+00,1.102040101021684038e-02,2.218137219607035915e-01,-9.750267809201517144e-01,0.000000000000000000e+00,6.229621989919071900e-01,2.954511168596355986e-01,2.882573936781402529e-02,1.000000000000000000e+00
9.996708436411653187e-01,1.971892198729857312e-02,1.581503685193172762e-02,0.000000000000000000e+00,2.273458233440309173e-02,-9.748778624872063148e-01,-2.215333810053563279e-01,0.000000000000000000e+00,1.104954260167576897e-02,2.218242809465316434e-01,-9.750240489294855761e-01,0.000000000000000000e+00,6.229742135732991848e-01,2.954510446005052526e-01,2.883807629986626792e-02,1.000000000000000000e+00
9.996707883216059409e-01,1.970610712669513057e-02,1.583449461077290205e-02,0.000000000000000000e+00,2.272643309407737858e-02,-9.748774357578827710e-01,-2.215360950052248645e-01,0.000000000000000000e+00,1.107129063872198775e-02,2.218272951807424287e-01,-9.750231164625732250e-01,0.000000000000000000e+00,6.229836902749441574e-01,2.954503956197193082e-01,2.884898972508554912e-02,1.000000000000000000e+00
9.996708739698010326e-01,1.970598703477113509e-02,1.582923600960299548e-02,0.000000000000000000e+00,2.272512469263832102e-02,-9.748779583460941423e-01,-2.215339295454838153e-01,0.000000000000000000e+00,1.106624159927781931e-02,2.218250091436211047e-01,-9.750236938737943948e-01,0.000000000000000000e+00,6.229824857773539337e-01,2.954478396928627015e-01,2.884327019403629122e-02,1.000000000000000000e+00
9.996717433800085262e-01,1.966134376657169627e-02,1.582984365290331444e-02,0.000000000000000000e+00,2.268148632890303398e-02,-9.748837171223804221e-01,-2.215130586867747053e-01,0.000000000000000000e+00,1.107722569710377879e-02,2.218036603490332326e-01,-9.750284259069712522e-01,0.000000000000000000e+00,6.229958560201931395e-01,2.954147591421448227e-01,2.883911594319566937e-02,1.000000000000000000e+00
9.996718354667992745e-01,1.961705357233083091e-02,1.587890061651500359e-02,0.000000000000000000e+00,2.264877192697717714e-02,-9.748925431161064026e-01,-2.214775596037178718e-01,0.000000000000000000e+00,1.113569904882095313e-02,2.217687858586137872e-01,-9.750356925905280248e-01,0.000000000000000000e+00,6.230318229070660463e-01,2.953609182258051247e-01,2.886172368259548246e-02,1.000000000000000000e+00
9.996448554149885979e-01,2.033877143330026574e-02,1.665065524652734053e-02,0.000000000000000000e+00,2.352696358576445226e-02,-9.748118651376219690e-01,-2.217409670596600102e-01,0.000000000000000000e+00,1.172154312623315160e-02,2.220582316246686727e-01,-9.749629465751326052e-01,0.000000000000000000e+00,6.232535436552812946e-01,2.954228917365531171e-01,2.929427849556163338e-02,1.000000000000000000e+00
9.995766562774495156e-01,2.005418702002175965e-02,2.061758252965963448e-02,0.000000000000000000e+00,2.413939936133030484e-02,-9.746740222911507434e-01,-2.222804232731072915e-01,0.000000000000000000e+00,1.563806999620113644e-02,2.226883057497679175e-01,-9.747642634242865700e-01,0.000000000000000000e+00,6.246439714291061041e-01,2.951616964956905176e-01,3.193182498167244920e-02,1.000000000000000000e+00
9.995181383267561781e-01,1.972885541542391055e-02,2.355865702922904995e-02,0.000000000000000000e+00,2.446257221272668536e-02,-9.748436975951630945e-01,-2.214996494826476647e-01,0.000000000000000000e+00,1.859643180847860358e-02,2.219734963173912445e-01,-9.748753457015032486e-01,0.000000000000000000e+00,6.257483450661723845e-01,2.946936954578668888e-01,3.412213522042024938e-02,1.000000000000000000e+00
9.993705747563887964e-01,1.970467375953053116e-02,2.917065382064672543e-02,0.000000000000000000e+00,2.557971056059881940e-02,-9.757795471152457267e-01,-2.172111892615346818e-01,0.000000000000000000e+00,2.418451737975038998e-02,2.178248417406114801e-01,-9.756881917086964728e-01,0.000000000000000000e+00,6.278223266716410622e-01,2.928919004808017701e-01,3.908720515008939911e-02,1.000000000000000000e+00
9.992390262650867605e-01,2.226274486105831590e-02,3.172515533863871917e-02,0.000000000000000000e+00,2.841279296063638216e-02,-9.775013658680518081e-01,-2.089606178768556033e-01,0.000000000000000000e+00,2.635985326295298831e-02,2.097070421157000431e-01,-9.774088779129436189e-01,0.000000000000000000e+00,6.286078138636829182e-01,2.900137366939617434e-01,4.425979730712951282e-02,1.000000000000000000e+00
9.991815715443103096e-01,2.324043807583934390e-02,3.281487506442236357e-02,0.000000000000000000e+00,2.946671357374527900e-02,-9.784638637054677845e-01,-2.042570124008936117e-01,0.000000000000000000e+00,2.736167379129660765e-02,2.050607372287842345e-01,-9.783667169597125568e-01,0.000000000000000000e+00,6.287687502025923747e-01,2.884008212168801544e-01,4.710131420810642622e-02,1.000000000000000000e+00
9.990941352825740696e-01,2.401850490332123680e-02,3.485351011566546753e-02,0.000000000000000000e+00,3.051374894314626968e-02,-9.793528960147080964e-01,-1.997938014410039487e-01,0.000000000000000000e+00,2.933570247166894518e-02,2.006801902585036157e-01,-9.792174823798359684e-01,0.000000000000000000e+00,6.291010830033726409e-01,2.867308157046731254e-01,5.028456594043336642e-02,1.000000000000000000e+00
9.989332272026087978e-01,2.451615810850378899e-02,3.888589054385273996e-02,0.000000000000000000e+00,3.167071078205532797e-02,-9.801563732484573910e-01,-1.956302557382134100e-01,0.000000000000000000e+00,3.331879265552076946e-02,1.966568927505464304e-01,-9.799060794737823876e-01,0.000000000000000000e+00,6.299488689599603841e-01,2.850701944489802964e-01,5.419613270460775512e-02,1.000000000000000000e+00
9.984360282743480752e-01,2.481181862064351512e-02,4.990609182945154182e-02,0.000000000000000000e+00,3.378271326356929033e-02,-9.816085950181617781e-01,-1.878404678769468039e-01,0.000000000000000000e+00,4.432843852478186852e-02,1.892362972717601677e-01,-9.809304834354107827e-01,0.000000000000000000e+00,6.325119847036331233e-01,2.816601621307229797e-01,6.332813744532178601e-02,1.000000000000000000e+00
9.978777103694754791e-01,2.545149043797139549e-02,5.977494193612826329e-02,0.000000000000000000e+00,3.570589557029815037e-02,-9.834974960009805756e-01,-1.773090840383889644e-01,0.000000000000000000e+00,5.427677025683747686e-02,1.790705483053856018e-01,-9.823379107721005310e-01,0.000000000000000000e+00,6.345951318337036406e-01,2.773832294067337112e-01,7.284986107410566791e-02,1.000000000000000000e+00
9.977167896466795360e-01,2.633197462686977589e-02,6.203693795298047958e-02,0.000000000000000000e+00,3.653656667700336258e-02,-9.848278719834165917e-01,-1.695874074372279994e-01,0.000000000000000000e+00,5.663122460548931925e-02,1.714701217639248987e-01,-9.835603193205527672e-01,0.000000000000000000e+00,6.349491073440495237e-01,2.746201524920147130e-01,7.746769150055583808e-02,1.000000000000000000e+00
9.976999123461109953e-01,2.769710053838839864e-02,6.171306529039950056e-02,0.000000000000000000e+00,3.729283609351095874e-02,-9.863671509346286781e-01,-1.602180852288966895e-01,0.000000000000000000e+00,5.643525052473510883e-02,1.621541467876424780e-01,-9.851502906550765326e-01,0.000000000000000000e+00,6.346312155535909216e-01,2.713756770116454442e-01,8.160446210446219151e-02,1.000000000000000000e+00
9.979264433698835646e-01,3.096847969741584397e-02,5.625401131984713449e-02,0.000000000000000000e+00,3.844105005764397731e-02,-9.898112339911455670e-01,-1.370282950218663365e-01,0.000000000000000000e+00,5.143828473547135821e-02,1.389092967917139598e-01,-9.889683059270929499e-01,0.000000000000000000e+00,6.327881722310023660e-01,2.636260078819466779e-01,8.959691838704984812e-02,1.000000000000000000e+00
9.982949090490994548e-01,3.280055350223818472e-02,4.808477053917992183e-02,0.000000000000000000e+00,3.796863800510374282e-02,-9.931033969630177483e-01,-1.108366923440096685e-01,0.000000000000000000e+00,4.411849352512042799e-02,1.124755844525658494e-01,-9.926745697514003375e-01,0.000000000000000000e+00,6.302424099574959193e-01,2.544044630819247144e-01,9.758609654545095935e-02,1.000000000000000000e+00
9.984235069801469242e-01,3.341744292901342728e-02,4.488342810836815078e-02,0.000000000000000000e+00,3.768334589633320214e-02,-9.944797136829860440e-01,-9.783052394969343757e-02,0.000000000000000000e+00,4.136720923048253784e-02,9.936956573004476767e-02,-9.941903456617871004e-01,0.000000000000000000e+00,6.291773927879837913e-01,2.495239741369462416e-01,1.019065677479701337e-01,1.000000000000000000e+00
9.985182088753762342e-01,3.312437258632694448e-02,4.295240838743652478e-02,0.000000000000000000e+00,3.670576989841957405e-02,-9.956551445719356019e-01,-8.546500128596876134e-02,0.000000000000000000e+00,3.993558072069965798e-02,8.691663463900282938e-02,-9.954148120334208594e-01,0.000000000000000000e+00,6.283679727089394040e-01,2.445958352369519695e-01,1.065191225980759160e-01,1.000000000000000000e+00
9.986386620441298767e-01,3.254324658977239548e-02,4.052785058839887544e-02,0.000000000000000000e+00,3.543361263902106845e-02,-9.967094482340230766e-01,-7.277006113495695927e-02,0.000000000000000000e+00,3.802704969275057245e-02,7.410847146524672524e-02,-9.965249008172099021e-01,0.000000000000000000e+00,6.273927226186619688e-01,2.394889517372025822e-01,1.109919294656702138e-01,1.000000000000000000e+00
9.988099377286151492e-01,3.106425831478100419e-02,3.734256353172385468e-02,0.000000000000000000e+00,3.280053271560261219e-02,-9.983550780734296026e-01,-4.681890686226661269e-02,0.000000000000000000e+00,3.582743310249986157e-02,4.798896936079719705e-02,-9.982051161244239745e-01,0.000000000000000000e+00,6.259682186918378299e-01,2.282561743358891837e-01,1.209057503276992768e-01,1.000000000000000000e+00
9.989860801497489895e-01,3.132753165619298064e-02,3.203348761184312415e-02,0.000000000000000000e+00,3.188597623176719215e-02,-9.993360479001389685e-01,-1.707321845132661955e-02,0.000000000000000000e+00,3.147796316730492455e-02,1.807767465209902252e-02,-9.993409505839389029e-01,0.000000000000000000e+00,6.241207956390154576e-01,2.153078591540902864e-01,1.316851544783489703e-01,1.000000000000000000e+00
9.990552433617250205e-01,3.289394051531423918e-02,2.805986974359777134e-02,0.000000000000000000e+00,3.292132970353909421e-02,-9.994481818468575751e-01,-5.145432635016511727e-04,0.000000000000000000e+00,2.802800006845046141e-02,1.437853051731977430e-03,-9.996061043184784056e-01,0.000000000000000000e+00,6.227934757838736735e-01,2.083499227114260222e-01,1.373580957537897940e-01,1.000000000000000000e+00
9.990575898494985507e-01,3.611062825306939061e-02,2.367913833922248232e-02,0.000000000000000000e+00,3.571254737277520380e-02,-9.992074553394326708e-01,1.702416093237063902e-02,0.000000000000000000e+00,2.427559209168680954e-02,-1.616278602433422404e-02,-9.995746395224969216e-01,0.000000000000000000e+00,6.213588565753790371e-01,2.009033820322415620e-01,1.435041538823570162e-01,1.000000000000000000e+00
9.988841492452816828e-01,4.440880428322795115e-02,1.546161019660925381e-02,0.000000000000000000e+00,4.359250460016356882e-02,-9.978057931613470988e-01,4.963909323857447486e-02,0.000000000000000000e+00,1.763243648124948257e-02,-4.891063478658253666e-02,-9.986475088781368026e-01,0.000000000000000000e+00,6.183076456830751688e-01,1.864859067198664511e-01,1.567377498095712529e-01,1.000000000000000000e+00
9.988565251869091499e-01,4.704970948590619234e-02,7.260429053009238159e-03,0.000000000000000000e+00,4.628878005612703517e-02,-9.954803629261984588e-01,8.280665897406946918e-02,0.000000000000000000e+00,1.112385796565420505e-02,-8.237748126341359889e-02,-9.965391163244200490e-01,0.000000000000000000e+00,6.144190266966434999e-01,1.716670783665565359e-01,1.704178023207462145e-01,1.000000000000000000e+00
9.987092979863443354e-01,5.047491895230655362e-02,3.573174161653251690e-03,0.000000000000000000e+00,4.988073676862670586e-02,-9.939050955569819212e-01,9.821059019522380973e-02,0.000000000000000000e+00,8.508731406388093596e-03,-9.790748205133505133e-02,-9.951591462917985798e-01,0.000000000000000000e+00,6.123167262102033881e-01,1.642648898140353364e-01,1.773687398657964875e-01,1.000000000000000000e+00
9.984492006561610511e-01,5.549507339134301248e-02,-4.872777141383937555e-04,0.000000000000000000e+00,5.519900255392892058e-02,-9.921368421954113170e-01,1.122421639883037919e-01,0.000000000000000000e+00,5.745551575228787129e-03,-1.120971543754143290e-01,-9.936806411609470091e-01,0.000000000000000000e+00,6.099866792047013986e-01,1.570458413862568792e-01,1.843503310547399132e-01,1.000000000000000000e+00
9.980327794558334631e-01,6.144107393515742949e-02,-1.167529299701750185e-02,0.000000000000000000e+00,6.245022527427781384e-02,-9.891001986156410242e-01,1.332723278212679385e-01,0.000000000000000000e+00,-3.359704359788631862e-03,-1.337418513828933508e-01,-9.910105093162689949e-01,0.000000000000000000e+00,6.041935422679394208e-01,1.425076135178849623e-01,1.979911195216455810e-01,1.000000000000000000e+00
9.982549992802036698e-01,5.248146192406161203e-02,-2.670953888786529312e-02,0.000000000000000000e+00,5.576739968623128929e-02,-9.882043004813102494e-01,1.425587757512277176e-01,0.000000000000000000e+00,-1.891315236812336070e-02,-1.438023007554259658e-01,-9.894256874394085077e-01,0.000000000000000000e+00,5.967178232020916573e-01,1.283490394826489744e-01,2.111287484037343842e-01,1.000000000000000000e+00
9.983516734433175444e-01,4.419631130072312897e-02,-3.635064100597475839e-02,0.000000000000000000e+00,4.898310331383838589e-02,-9.884218362107421996e-01,1.435398069970097168e-01,0.000000000000000000e+00,-2.958640696649376609e-02,-1.450865670911249405e-01,-9.889765075938485861e-01,0.000000000000000000e+00,5.921531407121669588e-01,1.212809967675815281e-01,2.175191632214683590e-01,1.000000000000000000e+00
9.983010808851182638e-01,3.228251337685467820e-02,-4.830670900492120556e-02,0.000000000000000000e+00,3.892458214401911532e-02,-9.888645674436385979e-01,1.435705090212744117e-01,0.000000000000000000e+00,-4.313480650546686057e-02,-1.452097085387981656e-01,-9.884601807932442696e-01,0.000000000000000000e+00,5.868111924841095117e-01,1.138764701874678820e-01,2.236471070731897159e-01,1.000000000000000000e+00
9.977895726149965672e-01,2.148141711784123248e-02,-6.273168577840093629e-02,0.000000000000000000e+00,3.028810080664199461e-02,-9.892493016680056206e-01,1.430006888098724060e-01,0.000000000000000000e+00,-5.898655457823900883e-02,-1.445874035494439935e-01,-9.877322861554229672e-01,0.000000000000000000e+00,5.807624641933821774e-01,1.064148294396248390e-01,2.296982413327147698e-01,1.000000000000000000e+00
9.951603499438583800e-01,5.321800893752531847e-03,-9.802195282727642345e-02,0.000000000000000000e+00,1.933017535792467753e-02,-9.895932499060310361e-01,1.425211947825998082e-01,0.000000000000000000e+00,-9.624524645794572952e-02,-1.437289908398062532e-01,-9.849257990967745791e-01,0.000000000000000000e+00,5.668340403182285936e-01,9.066673333704278193e-02,2.420288676926103388e-01,1.000000000000000000e+00
9.904165750460119932e-01,-1.084115963435113537e-02,-1.376162200945728886e-01,0.000000000000000000e+00,8.948951387760943274e-03,-9.897623457351021337e-01,1.423768314551767389e-01,0.000000000000000000e+00,-1.377535349524586505e-01,-1.422466333280174855e-01,-9.801988874279273789e-01,0.000000000000000000e+00,5.515739842463825982e-01,7.499727820800991540e-02,2.555738948152103118e-01,1.000000000000000000e+00
9.870949029651835405e-01,-1.824969032933000668e-02,-1.590325383191961151e-01,0.000000000000000000e+00,4.798674729548930117e-03,-9.896504689875093019e-01,1.433515568623224268e-01,0.000000000000000000e+00,-1.600058282608499416e-01,-1.422674756234935389e-01,-9.768101659494939915e-01,0.000000000000000000e+00,5.435518337074424222e-01,6.724150906308172526e-02,2.629721948992576608e-01,1.000000000000000000e+00
9.778536102676512742e-01,-3.120142713097969617e-02,-2.069046513075978866e-01,0.000000000000000000e+00,-5.471568998787206158e-04,-9.891882471180120096e-01,1.465846488692793548e-01,0.000000000000000000e+00,-2.092453282087170241e-01,-1.432278763795145349e-01,-9.673169946044785084e-01,0.000000000000000000e+00,5.266517284386664777e-01,5.246886997202573899e-02,2.788096686588841244e-01,1.000000000000000000e+00
9.646468165528424565e-01,-4.162547443461993985e-02,-2.602010493709969174e-01,0.000000000000000000e+00,-2.160371570236744448e-03,-9.886511932991256524e-01,1.501495843620679893e-01,0.000000000000000000e+00,-2.635031988966731742e-01,-1.442819654869298418e-01,-9.538075165390806909e-01,0.000000000000000000e+00,5.090679119282935927e-01,3.913085611923090151e-02,2.962170665057754504e-01,1.000000000000000000e+00
9.568365606535169654e-01,-4.625705513149000470e-02,-2.868881802175183848e-01,0.000000000000000000e+00,-2.628972508186474925e-03,-9.885773932380554907e-01,1.506272650731281526e-01,0.000000000000000000e+00,-2.905843377039982189e-01,-1.433742135123989292e-01,-9.460468157447757820e-01,0.000000000000000000e+00,5.002948126272366292e-01,3.305265745874506195e-02,3.052548945990862794e-01,1.000000000000000000e+00
9.485872828096504339e-01,-4.723142668688453533e-02,-3.129410585495836505e-01,0.000000000000000000e+00,7.194634774292668356e-06,-9.887886620218580003e-01,1.492572567966774510e-01,0.000000000000000000e+00,-3.164882971372757758e-01,-1.415885131786365769e-01,-9.379700691978452021e-01,0.000000000000000000e+00,4.917380687744199452e-01,2.756070082219855971e-02,3.143850495759548669e-01,1.000000000000000000e+00
9.312529210970920124e-01,-4.611329853923258615e-02,-3.614170825337028048e-01,0.000000000000000000e+00,5.736000614665907361e-03,-9.899703808298881968e-01,1.410903621006167896e-01,0.000000000000000000e+00,-3.643053628300119140e-01,-1.334664700955440209e-01,-9.216660479661430427e-01,0.000000000000000000e+00,4.755690374415691424e-01,1.743990264617110986e-02,3.325011715598862327e-01,1.000000000000000000e+00
9.138194341128323961e-01,-3.782316292454269285e-02,-4.043317908417474738e-01,0.000000000000000000e+00,1.463787275648843408e-02,-9.919287236070626346e-01,1.258725024206498178e-01,0.000000000000000000e+00,-4.058370269905625105e-01,-1.209456248162119746e-01,-9.059075357680149709e-01,0.000000000000000000e+00,4.608843228497518929e-01,8.960201511497380145e-03,3.505327817811560998e-01,1.000000000000000000e+00
9.054133436142609570e-01,-3.235740256263264225e-02,-4.232734607861115550e-01,0.000000000000000000e+00,1.862394761029483384e-02,-9.930934121668452130e-01,1.157556486199684959e-01,0.000000000000000000e+00,-4.241038028854587361e-01,-1.126919012860604363e-01,-8.985747046087068091e-01,0.000000000000000000e+00,4.542561130861632601e-01,5.097269789866474936e-03,3.595708005280331965e-01,1.000000000000000000e+00
8.968371449390876160e-01,-2.720643619597135077e-02,-4.415016332792310871e-01,0.000000000000000000e+00,2.138659007509365745e-02,-9.942628933631498800e-01,1.047122702805429462e-01,0.000000000000000000e+00,-4.418260455495913730e-01,-1.033540578528057696e-01,-8.911271986643486409e-01,0.000000000000000000e+00,4.478889513208168527e-01,1.621482012988274346e-03,3.683291329247587731e-01,1.000000000000000000e+00
8.880535851813800008e-01,-1.929117585427444700e-02,-4.593140834786855753e-01,0.000000000000000000e+00,2.586149453939899298e-02,-9.954310287854970518e-01,9.180956885011577751e-02,0.000000000000000000e+00,-4.589954422752433594e-01,-9.341216390667519964e-02,-8.835142056610216788e-01,0.000000000000000000e+00,4.417697529402965229e-01,-1.547032781105269926e-03,3.771228927416840349e-01,1.000000000000000000e+00
8.543615328292064603e-01,2.163349100846859163e-02,-5.192100829045247501e-01,0.000000000000000000e+00,4.949605691005758146e-02,-9.979687971040347438e-01,3.986436075356831338e-02,0.000000000000000000e+00,-5.173030162766717455e-01,-5.975857870821273815e-02,-8.537133603393072256e-01,0.000000000000000000e+00,4.230819790914777112e-01,-9.592219854995594208e-03,4.025805428523506202e-01,1.000000000000000000e+00
8.408463938427337414e-01,3.872442161823903134e-02,-5.398689730232802964e-01,0.000000000000000000e+00,5.902809593432734037e-02,-9.980392796464762073e-01,2.034765525359196608e-02,0.000000000000000000e+00,-5.380328485582412945e-01,-4.897763304593052980e-02,-8.414997595564258637e-01,0.000000000000000000e+00,4.171040745040746067e-01,-1.192636000150756534e-02,4.107320353956718795e-01,1.000000000000000000e+00
8.261610683922596676e-01,5.775320354823612612e-02,-5.604491087102236868e-01,0.000000000000000000e+00,6.987660609976124870e-02,-9.975459701687287017e-01,2.102886511814147424e-04,0.000000000000000000e+00,-5.590723689108142436e-01,-3.933677125978055078e-02,-8.281851874715618900e-01,0.000000000000000000e+00,4.114331965615565245e-01,-1.432239350838520817e-02,4.185563397380515638e-01,1.000000000000000000e+00
7.963568650018473249e-01,9.558862002785561973e-02,-5.972095998783073512e-01,0.000000000000000000e+00,8.999683978863544376e-02,-9.951576223644869046e-01,-3.927623173279796293e-02,0.000000000000000000e+00,-5.980835612212651586e-01,-2.246951251641029698e-02,-8.011187020686534321e-01,0.000000000000000000e+00,4.016590750354026018e-01,-1.980371442963224302e-02,4.331200940372483821e-01,1.000000000000000000e+00
7.820433752585763676e-01,1.147360170215844105e-01,-6.125557546161856104e-01,0.000000000000000000e+00,9.948906181289544903e-02,-9.932764002479431698e-01,-5.903106124140017341e-02,0.000000000000000000e+00,-6.152220086738344751e-01,-1.477803147943421505e-02,-7.882153828928519790e-01,0.000000000000000000e+00,3.978188948790988833e-01,-2.252715792059452674e-02,4.394812144452209246e-01,1.000000000000000000e+00
7.569545673914489514e-01,1.531105949465564053e-01,-6.352618952223912929e-01,0.000000000000000000e+00,1.166064422856160354e-01,-9.881987730693395644e-01,-9.923139333372262005e-02,0.000000000000000000e+00,-6.429707822871637557e-01,1.038046876696962790e-03,-7.658900022742916036e-01,0.000000000000000000e+00,3.925460586332014112e-01,-2.791733159546187087e-02,4.503927983046864258e-01,1.000000000000000000e+00
7.331583779690609148e-01,1.973724706560385511e-01,-6.507715786219581133e-01,0.000000000000000000e+00,1.366201550255701225e-01,-9.801848838227696925e-01,-1.433641296396737375e-01,0.000000000000000000e+00,-6.661854227909178583e-01,1.620041069611004650e-02,-7.456101723784107627e-01,0.000000000000000000e+00,3.894559105359925999e-01,-3.265925079637137241e-02,4.587851828440655533e-01,1.000000000000000000e+00
7.207770835439524237e-01,2.234068690767698762e-01,-6.561634808402532215e-01,0.000000000000000000e+00,1.486778906545582202e-01,-9.744234113744592030e-01,-1.684477577680417171e-01,0.000000000000000000e+00,-6.770264784433336347e-01,2.385674063387003413e-02,-7.355718886777461440e-01,0.000000000000000000e+00,3.885697997324407682e-01,-3.499411613458344728e-02,4.618853790885335542e-01,1.000000000000000000e+00
7.081907500257662580e-01,2.510319546547684633e-01,-6.598708708689580149e-01,0.000000000000000000e+00,1.613489614603339783e-01,-9.674547545604237353e-01,-1.948808800660297991e-01,0.000000000000000000e+00,-6.873297728939379292e-01,3.154396422607007311e-02,-7.256602246330385864e-01,0.000000000000000000e+00,3.879401646569159423e-01,-3.736098933663934557e-02,4.647110874068175468e-01,1.000000000000000000e+00
6.948819019167415956e-01,2.804391901822395061e-01,-6.621735043775989205e-01,0.000000000000000000e+00,1.744533501003441567e-01,-9.590482837724071397e-01,-2.230990025373836838e-01,0.000000000000000000e+00,-6.976354981801129451e-01,3.950983369927953126e-02,-7.153626246317604798e-01,0.000000000000000000e+00,3.876382652147837837e-01,-3.981817989133151769e-02,4.668458668335792039e-01,1.000000000000000000e+00
6.650722756303499850e-01,3.472729017697531728e-01,-6.611060026845099191e-01,0.000000000000000000e+00,2.034082154291518563e-01,-9.360532727808792419e-01,-2.870716205293389334e-01,0.000000000000000000e+00,-7.185364661984584567e-01,5.645007055756879472e-02,-6.931945875993816841e-01,0.000000000000000000e+00,3.875087324094813046e-01,-4.519011288409902072e-02,4.701906339129970358e-01,1.000000000000000000e+00
6.315936396019520283e-01,4.218535411837105453e-01,-6.504689163260080065e-01,0.000000000000000000e+00,2.331560522883877051e-01,-9.035092091655475555e-01,-3.595693412063240002e-01,0.000000000000000000e+00,-7.394044918931932386e-01,7.544239673481815955e-02,-6.690212568693725270e-01,0.000000000000000000e+00,3.879698739666587182e-01,-5.182074502274468947e-02,4.723219555745548637e-01,1.000000000000000000e+00
6.151801265832061993e-01,4.586264444081306624e-01,-6.412456185018611254e-01,0.000000000000000000e+00,2.464999699364247565e-01,-8.844843764401895125e-01,-3.961134932765596472e-01,0.000000000000000000e+00,-7.488542717944102201e-01,8.561577162152619880e-02,-6.571812681938782319e-01,0.000000000000000000e+00,3.887439728707910991e-01,-5.550028678435148244e-02,4.727245229870858934e-01,1.000000000000000000e+00
5.992305370656665353e-01,4.944885019554542960e-01,-6.295908447420849319e-01,0.000000000000000000e+00,2.589754375768481554e-01,-8.638745101994600439e-01,-4.320107640565585272e-01,0.000000000000000000e+00,-7.575264229056491994e-01,9.582732262521097277e-02,-6.457327952320955911e-01,0.000000000000000000e+00,3.900158250110812852e-01,-5.926064752534263708e-02,4.726067420577920730e-01,1.000000000000000000e+00
5.831133481740362612e-01,5.303695915634240032e-01,-6.153597861636070920e-01,0.000000000000000000e+00,2.709923050580477777e-01,-8.410756908174007451e-01,-4.681192153891639007e-01,0.000000000000000000e+00,-7.658550994016342095e-01,1.062108410254899576e-01,-6.341807502354286363e-01,0.000000000000000000e+00,3.914877017652743096e-01,-6.321866713332065235e-02,4.721692626402934634e-01,1.000000000000000000e+00
5.503567094320381825e-01,6.025063740492122566e-01,-5.779916163011520336e-01,0.000000000000000000e+00,2.956446235471774098e-01,-7.880463659242862295e-01,-5.399610436155389825e-01,0.000000000000000000e+00,-7.808291966591169864e-01,1.262935009122083951e-01,-6.118461549049859505e-01,0.000000000000000000e+00,3.952276554425787625e-01,-7.165928319005478164e-02,4.700038725984040378e-01,1.000000000000000000e+00
5.184287248958172611e-01,6.704432556521209285e-01,-5.307713679680640118e-01,0.000000000000000000e+00,3.197563152948743603e-01,-7.276647905943463002e-01,-6.068283103642571064e-01,0.000000000000000000e+00,-7.930828536509755278e-01,1.448825197248023999e-01,-5.916321853339431280e-01,0.000000000000000000e+00,4.000028567113062539e-01,-8.092300367375826475e-02,4.657296660168607216e-01,1.000000000000000000e+00
5.016343512025467355e-01,7.045406318379479060e-01,-5.019623717811856345e-01,0.000000000000000000e+00,3.329052674213064389e-01,-6.927866289140228728e-01,-6.396886091078224368e-01,0.000000000000000000e+00,-7.984548089576561924e-01,1.537868236611220907e-01,-5.820820654517847581e-01,0.000000000000000000e+00,4.026266758587168093e-01,-8.590692235013487610e-02,4.626366674330721906e-01,1.000000000000000000e+00
4.839179375670816796e-01,7.381836329365406568e-01,-4.699884048214817422e-01,0.000000000000000000e+00,3.458178805106755238e-01,-6.546598040006481600e-01,-6.721690869462425555e-01,0.000000000000000000e+00,-8.038822127562823550e-01,1.627474176235254866e-01,-5.720897360300541967e-01,0.000000000000000000e+00,4.052315682698773291e-01,-9.099816053804492266e-02,4.588475490095689779e-01,1.000000000000000000e+00
4.291570467124657950e-01,8.286465721940003970e-01,-3.593742263287338923e-01,0.000000000000000000e+00,3.860177471892506373e-01,-5.279800449432605625e-01,-7.564443918080538953e-01,0.000000000000000000e+00,-8.165831942525243470e-01,1.859121913310403940e-01,-5.464691610501317687e-01,0.000000000000000000e+00,4.135042293521417056e-01,-1.077884743236745546e-01,4.435375799358500792e-01,1.000000000000000000e+00
4.084475190284418411e-01,8.548356877684679667e-01,-3.200114341990445421e-01,0.000000000000000000e+00,3.990108943669908315e-01,-4.825345900242155039e-01,-7.796995719556505389e-01,0.000000000000000000e+00,-8.209474118314085134e-01,1.907819803297143568e-01,-5.381891702633789798e-01,0.000000000000000000e+00,4.159524511515264034e-01,-1.138904055207671517e-01,4.374974554170821817e-01,1.000000000000000000e+00
3.637003696858727153e-01,8.994515503805819989e-01,-2.422595643303587232e-01,0.000000000000000000e+00,4.202105704380224571e-01,-3.905276434859080714e-01,-8.190799613387592659e-01,0.000000000000000000e+00,-8.313478039030707256e-01,1.961034306185933107e-01,-5.200041090656494225e-01,0.000000000000000000e+00,4.195489987208839699e-01,-1.266118472765941083e-01,4.251565807380826012e-01,1.000000000000000000e+00
3.411154761392547474e-01,9.167010811100423373e-01,-2.080387145008771033e-01,0.000000000000000000e+00,4.275738555378274519e-01,-3.484054552228914581e-01,-8.341312748798328514e-01,0.000000000000000000e+00,-8.371469821732548944e-01,1.955869373876323314e-01,-5.108137431212463886e-01,0.000000000000000000e+00,4.207453790639532620e-01,-1.330014022404154006e-01,4.193984026057577252e-01,1.000000000000000000e+00
3.192919382656224658e-01,9.305983690218050386e-01,-1.789415564751426213e-01,0.000000000000000000e+00,4.315470005911992701e-01,-3.108961361866809381e-01,-8.468125682145611899e-01,0.000000000000000000e+00,-8.436908770227941057e-01,1.931624532507436043e-01,-5.008732081901197120e-01,0.000000000000000000e+00,4.215212002992447249e-01,-1.394210652057413513e-01,4.138992647959477411e-01,1.000000000000000000e+00
2.735666004356482883e-01,9.531374969968706701e-01,-1.291161254291308125e-01,0.000000000000000000e+00,4.323896478603918014e-01,-2.417751611310814397e-01,-8.686568429388065171e-01,0.000000000000000000e+00,-8.591830229937688079e-01,1.818105238765097276e-01,-4.782776039153812664e-01,0.000000000000000000e+00,4.213030905935484238e-01,-1.534899950437998706e-01,4.045375101364532822e-01,1.000000000000000000e+00
2.311738083502045682e-01,9.689845297188180995e-01,-8.722613369668623384e-02,0.000000000000000000e+00,4.312627176481174662e-01,-1.824259571168942717e-01,-8.835802088310678037e-01,0.000000000000000000e+00,-8.721046547653263925e-01,1.666464308505724856e-01,-4.600678626261740511e-01,0.000000000000000000e+00,4.204023424570342837e-01,-1.662953208746432432e-01,3.967088734781543669e-01,1.000000000000000000e+00
2.097412631570242103e-01,9.755436696274744079e-01,-6.560410109334217921e-02,0.000000000000000000e+00,4.314325453566946744e-01,-1.525514641868755128e-01,-8.891427087271718266e-01,0.000000000000000000e+00,-8.774224356735070840e-01,1.581892161673631725e-01,-4.528863447545373733e-01,0.000000000000000000e+00,4.201151235133850359e-01,-1.723216319410798003e-01,3.927320781572772312e-01,1.000000000000000000e+00
1.890116848529760085e-01,9.808554196463286079e-01,-4.666878657809708092e-02,0.000000000000000000e+00,4.299236712265607219e-01,-1.253879049091919107e-01,-8.941052830191575929e-01,0.000000000000000000e+00,-8.828567116849261875e-01,1.489351973861224310e-01,-4.454013174794569929e-01,0.000000000000000000e+00,4.197035615590574698e-01,-1.782232385186743040e-01,3.889289879877583789e-01,1.000000000000000000e+00
1.608470377356868708e-01,9.866794616364695791e-01,-2.392942409732330689e-02,0.000000000000000000e+00,4.240461447112228166e-01,-9.098003899973609865e-02,-9.010484152143898307e-01,0.000000000000000000e+00,-8.912402243058294982e-01,1.347863834655966264e-01,-4.330398288974812160e-01,0.000000000000000000e+00,4.193682793856651769e-01,-1.880073912123530477e-01,3.818844262766914466e-01,1.000000000000000000e+00
1.508978770854326190e-01,9.881110598850190163e-01,-2.910517007719769927e-02,0.000000000000000000e+00,4.121749885579894523e-01,-8.965104710929389098e-02,-9.066726065458451389e-01,0.000000000000000000e+00,-8.985198384876592614e-01,1.248209515858485635e-01,-4.208109194036128708e-01,0.000000000000000000e+00,4.188090974807012201e-01,-1.953058065220216188e-01,3.766406986797410927e-01,1.000000000000000000e+00
1.473886033045320176e-01,9.883817426315397725e-01,-3.686295362268551812e-02,0.000000000000000000e+00,4.062870546825788076e-01,-9.448221630275886740e-02,-9.088369968817743283e-01,0.000000000000000000e+00,-9.017781503275767996e-01,1.189775654344498723e-01,-4.155003086822743330e-01,0.000000000000000000e+00,4.186084663404314732e-01,-1.984234112995842125e-01,3.745421361442432540e-01,1.000000000000000000e+00
1.441608582132295202e-01,9.885465533128955373e-01,-4.443091033985122756e-02,0.000000000000000000e+00,4.007949462651547168e-01,-9.938271038027939042e-02,-9.107509181038412338e-01,0.000000000000000000e+00,-9.047527646067039520e-01,1.134891346676853152e-01,-4.105394636924761809e-01,0.000000000000000000e+00,4.184874878655146513e-01,-2.009443772623105140e-01,3.726054027348008058e-01,1.000000000000000000e+00
1.382448544833746740e-01,9.890210961156143954e-01,-5.202286562991140229e-02,0.000000000000000000e+00,3.921929866935219278e-01,-1.029024540687691197e-01,-9.140987326521398115e-01,0.000000000000000000e+00,-9.094337204837857902e-01,1.059684834528621944e-01,-4.021206144451188180e-01,0.000000000000000000e+00,4.183009220810188777e-01,-2.039060924228206229e-01,3.693317818901868388e-01,1.000000000000000000e+00
1.359870931759764034e-01,9.893398398792927484e-01,-5.191279821365393787e-02,0.000000000000000000e+00,3.891749269267619771e-01,-1.015334038394206106e-01,-9.155406004419129884e-01,0.000000000000000000e+00,-9.110692150552588409e-01,1.043005535961837316e-01,-3.988411712676162013e-01,0.000000000000000000e+00,4.182612469116568921e-01,-2.046857435132030667e-01,3.679161204972134502e-01,1.000000000000000000e+00
1.348438545539466238e-01,9.896185410932747395e-01,-4.952802150965777278e-02,0.000000000000000000e+00,3.855973416414326116e-01,-9.845398111767728055e-02,-9.173888219410289979e-01,0.000000000000000000e+00,-9.127587919142603479e-01,1.046083854799289142e-01,-3.948777956159381652e-01,0.000000000000000000e+00,4.183551241915628993e-01,-2.049648631803214494e-01,3.658380833354207273e-01,1.000000000000000000e+00
1.344567564720355046e-01,9.897061830200309940e-01,-4.882416238041099171e-02,0.000000000000000000e+00,3.848731510060959260e-01,-9.756332460263673900e-02,-9.177879941622291149e-01,0.000000000000000000e+00,-9.131214805447560590e-01,1.046137017413813486e-01,-3.940369718385805520e-01,0.000000000000000000e+00,4.184537567761458798e-01,-2.048724146532608370e-01,3.653399285494254300e-01,1.000000000000000000e+00
1.341438089259387456e-01,9.897630801797988598e-01,-4.853071749981299754e-02,0.000000000000000000e+00,3.848064582596710248e-01,-9.715835809840184245e-02,-9.178589161927223072e-01,0.000000000000000000e+00,-9.131956147364065357e-01,1.044521685847428771e-01,-3.939080015741501795e-01,0.000000000000000000e+00,4.185252449922343687e-01,-2.047588292750925909e-01,3.652435448566532239e-01,1.000000000000000000e+00
1.340409160212467643e-01,9.897595332082548270e-01,-4.888605278370403845e-02,0.000000000000000000e+00,3.867635610467002882e-01,-9.766993928770376088e-02,-9.169816125240571880e-01,0.000000000000000000e+00,-9.123835567905179689e-01,1.040077139280135565e-01,-3.959023121197349226e-01,0.000000000000000000e+00,4.188181576418792962e-01,-2.046628598677328881e-01,3.661385702543364373e-01,1.000000000000000000e+00
1.339179945148045447e-01,9.897246593096461487e-01,-4.991809692632347834e-02,0.000000000000000000e+00,3.915304790904354793e-01,-9.911654886844407930e-02,-9.148008201706160358e-01,0.000000000000000000e+00,-9.103661669427141057e-01,1.029658172239521635e-01,-4.007885758968607881e-01,0.000000000000000000e+00,4.194917382445165210e-01,-2.045834302112934933e-01,3.679466681414835794e-01,1.000000000000000000e+00
1.337086524789929121e-01,9.897234347396063336e-01,-5.050015723436934029e-02,0.000000000000000000e+00,3.945143131706017048e-01,-9.990512251927798071e-02,-9.134320829153880217e-01,0.000000000000000000e+00,-9.091078660436707759e-01,1.022127060026981338e-01,-4.038260152951131943e-01,0.000000000000000000e+00,4.199459170888312221e-01,-2.044652808328992766e-01,3.691045467503043520e-01,1.000000000000000000e+00
