9.996629909914791501e-01,1.986068284826343622e-02,1.613085924491151554e-02,0.000000000000000000e+00,2.293856666748996312e-02,-9.749577296739743160e-01,-2.211605625092751548e-01,0.000000000000000000e+00,1.133472434513685574e-02,2.214603119948385934e-01,-9.751035094979242368e-01,0.000000000000000000e+00,6.230942824967478089e-01,2.953949394749148527e-01,2.880237271411090552e-02,1.000000000000000000e+00
9.996631583020709755e-01,1.987227661583897825e-02,1.610619312066724484e-02,0.000000000000000000e+00,2.294435958343506859e-02,-9.749585858824798557e-01,-2.211561870682102193e-01,0.000000000000000000e+00,1.130821206227605388e-02,2.214555024337977740e-01,-9.751049096285735462e-01,0.000000000000000000e+00,6.230816100617031505e-01,2.953978233586662672e-01,2.879151999790324420e-02,1.000000000000000000e+00
9.996633731627377895e-01,1.986895655246273887e-02,1.609695075539231690e-02,0.000000000000000000e+00,2.293909840937554886e-02,-9.749582400028292684e-01,-2.211582576255269605e-01,0.000000000000000000e+00,1.129988852377954676e-02,2.214573230979165752e-01,-9.751045926287369436e-01,0.000000000000000000e+00,6.230792098053224981e-01,2.953983520343264613e-01,2.878602067303272921e-02,1.000000000000000000e+00
9.996634352489212061e-01,1.987568150573529313e-02,1.608478822417508391e-02,0.000000000000000000e+00,2.294296167361239980e-02,-9.749581786766736702e-01,-2.211581272355015171e-01,0.000000000000000000e+00,1.128654463306285986e-02,2.214569896185140663e-01,-9.751048229084662289e-01,0.000000000000000000e+00,6.230730319597296285e-01,2.954016216487033164e-01,2.878015191686468521e-02,1.000000000000000000e+00
9.996634391511124429e-01,1.988433106586141169e-02,1.607385155591763148e-02,0.000000000000000000e+00,2.294895224756091784e-02,-9.749584844733962807e-01,-2.211561576020117936e-01,0.000000000000000000e+00,1.127401275727693379e-02,2.214548668420930344e-01,-9.751054499838978096e-01,0.000000000000000000e+00,6.230663267297973373e-01,2.954032294263765901e-01,2.877373181861335102e-02,1.000000000000000000e+00
9.996635707963275053e-01,1.989615319973878083e-02,1.605101902674524808e-02,0.000000000000000000e+00,2.295538690423564593e-02,-9.749590802358580888e-01,-2.211528633749398065e-01,0.000000000000000000e+00,1.124921207908667793e-02,2.214511820666766884e-01,-9.751065732466741576e-01,0.000000000000000000e+00,6.230559993666584528e-01,2.954062850838066190e-01,2.876212523438126389e-02,1.000000000000000000e+00
9.996641709083819993e-01,1.987585132180123490e-02,1.603879164709897873e-02,0.000000000000000000e+00,2.293273091589529897e-02,-9.749625166105674312e-01,-2.211400641185051752e-01,0.000000000000000000e+00,1.124209007700617720e-02,2.214378755100044061e-01,-9.751096772672890323e-01,0.000000000000000000e+00,6.230569820725418984e-01,2.953917079460031125e-01,2.875297419786278230e-02,1.000000000000000000e+00
9.996639830453920572e-01,1.987464961144346995e-02,1.605198448331773137e-02,0.000000000000000000e+00,2.293444650207228722e-02,-9.749631509383781536e-01,-2.211370895556896699e-01,0.000000000000000000e+00,1.125528789882542478e-02,2.214351904372884039e-01,-9.751101347695636523e-01,0.000000000000000000e+00,6.230622319232027584e-01,2.953895106473333754e-01,2.875823629047925822e-02,1.000000000000000000e+00
9.996644904936591303e-01,1.986716905433306632e-02,1.602962697719615207e-02,0.000000000000000000e+00,2.292209269340023114e-02,-9.749655367792831040e-01,-2.211278513902032172e-01,0.000000000000000000e+00,1.123536577961056944e-02,2.214253566136229201e-01,-9.751125976031324027e-01,0.000000000000000000e+00,6.230580591310119765e-01,2.953805869234155113e-01,2.874394067357338017e-02,1.000000000000000000e+00
9.996652983290590377e-01,1.983299367800250498e-02,1.602156607982208394e-02,0.000000000000000000e+00,2.288667916977725134e-02,-9.749722207714155431e-01,-2.211020478011043733e-01,0.000000000000000000e+00,1.123568266655584381e-02,2.213989876355044462e-01,-9.751185813576674910e-01,0.000000000000000000e+00,6.230661006989123285e-01,2.953501842876585237e-01,2.873331463889542553e-02,1.000000000000000000e+00
9.996659845982077686e-01,1.947398773140334230e-02,1.641432119647466201e-02,0.000000000000000000e+00,2.262324498681924159e-02,-9.749834408471902414e-01,-2.210796819276884262e-01,0.000000000000000000e+00,1.169861358035033903e-02,2.213814453974602692e-01,-9.751171201830213242e-01,0.000000000000000000e+00,6.233222050125117875e-01,2.951638641187089296e-01,2.892458343460725667e-02,1.000000000000000000e+00
9.996274268330445079e-01,1.800256198500290936e-02,2.004151157798342298e-02,0.000000000000000000e+00,2.198798222953610160e-02,-9.750468513525332170e-01,-2.208640151907798888e-01,0.000000000000000000e+00,1.556559432265463595e-02,2.212266588843225523e-01,-9.750981887339665866e-01,0.000000000000000000e+00,6.251708847810294456e-01,2.945779589304677315e-01,3.086880946300718520e-02,1.000000000000000000e+00
9.995677405650384983e-01,1.731827648412426202e-02,2.334858073913177734e-02,0.000000000000000000e+00,2.203696533886230144e-02,-9.752264618246945238e-01,-2.200646887093650195e-01,0.000000000000000000e+00,1.895937768616190108e-02,2.204883406196327666e-01,-9.752053289684968762e-01,0.000000000000000000e+00,6.265981460091991639e-01,2.940659928191268757e-01,3.296868757180079074e-02,1.000000000000000000e+00
9.995054838522048346e-01,1.751704394373000684e-02,2.574272367197564040e-02,0.000000000000000000e+00,2.270627124803441255e-02,-9.757545684947758202e-01,-2.176423538946237468e-01,0.000000000000000000e+00,2.130653976815505626e-02,2.181234470548127358e-01,-9.756885738841232225e-01,0.000000000000000000e+00,6.275837299174721329e-01,2.932908329994153851e-01,3.541553653216880648e-02,1.000000000000000000e+00
9.994898547374588826e-01,2.179871169803119721e-02,2.292582269860815244e-02,0.000000000000000000e+00,2.605463423488973626e-02,-9.782499991198876366e-01,-2.057397437493159731e-01,0.000000000000000000e+00,1.794267012791864180e-02,2.062360812023178447e-01,-9.783377430105575367e-01,0.000000000000000000e+00,6.266920246275636819e-01,2.908217149710400906e-01,3.999995292845611589e-02,1.000000000000000000e+00
9.994666285290918495e-01,3.103657063642755939e-02,9.161694222617111985e-03,0.000000000000000000e+00,3.219264912248754468e-02,-9.824037936655335423e-01,-1.839216312325785974e-01,0.000000000000000000e+00,3.292249847397384164e-03,1.841220168084518327e-01,-9.828978807675448071e-01,0.000000000000000000e+00,6.219892579083166062e-01,2.871389474646109385e-01,4.423065687109595939e-02,1.000000000000000000e+00
9.993283269198416363e-01,3.637002276235821313e-02,9.291722467720776261e-04,0.000000000000000000e+00,3.599123135019311609e-02,-9.845427746999970697e-01,-1.713502347624201450e-01,0.000000000000000000e+00,-5.317304491222008510e-03,1.712718829902326045e-01,-9.852094540603676398e-01,0.000000000000000000e+00,6.189983691833012003e-01,2.851041975657234162e-01,4.679968059188893692e-02,1.000000000000000000e+00
9.991150090091405200e-01,4.131765355553473212e-02,-6.541955253434606973e-03,0.000000000000000000e+00,3.975229638838476826e-02,-9.864527573403530925e-01,-1.590957553446128714e-01,0.000000000000000000e+00,-1.302704391059594791e-02,1.586979547176550487e-01,-9.872412346004315609e-01,0.000000000000000000e+00,6.161096450659975243e-01,2.830653717528635038e-01,4.999278323406563390e-02,1.000000000000000000e+00
9.988505348872895873e-01,4.612074920959667590e-02,-1.229765623724178233e-02,0.000000000000000000e+00,4.381101437097625201e-02,-9.881087423966827821e-01,-1.473175316119576805e-01,0.000000000000000000e+00,-1.894618134136068568e-02,1.466122451947809435e-01,-9.890125842331460859e-01,0.000000000000000000e+00,6.134143932664961607e-01,2.810362915287401564e-01,5.367762606221935379e-02,1.000000000000000000e+00
9.982239468648688163e-01,5.500734307801247169e-02,-2.244751688338337062e-02,0.000000000000000000e+00,5.178884590337688026e-02,-9.908023363334720335e-01,-1.249375550318554962e-01,0.000000000000000000e+00,-2.911409566246671299e-02,1.235555071291435658e-01,-9.919104829024729675e-01,0.000000000000000000e+00,6.072072008840055934e-01,2.769123820049078644e-01,6.143968931439969944e-02,1.000000000000000000e+00
9.977239784201322736e-01,6.108703676204291222e-02,-2.821318355564101862e-02,0.000000000000000000e+00,5.774826941132258501e-02,-9.925783779305498156e-01,-1.069301077618669549e-01,0.000000000000000000e+00,-3.453650432846296775e-02,1.050594927249335203e-01,-9.938660537804626660e-01,0.000000000000000000e+00,6.005415221192267339e-01,2.726759518006066640e-01,6.916076227089247574e-02,1.000000000000000000e+00
9.975991432575428419e-01,6.276959651093265424e-02,-2.892531809469483378e-02,0.000000000000000000e+00,5.959187029479775383e-02,-9.931890138333430151e-01,-1.000256901837108386e-01,0.000000000000000000e+00,-3.500755437074769272e-02,9.806371705731188604e-02,-9.945642153897769067e-01,0.000000000000000000e+00,5.972704202611621715e-01,2.705044948406836181e-01,7.303934676295481543e-02,1.000000000000000000e+00
9.975319257953487728e-01,6.321971325206382497e-02,-3.023361997111652030e-02,0.000000000000000000e+00,6.011478602541857341e-02,-9.937041689377682507e-01,-9.444037292400934980e-02,0.000000000000000000e+00,-3.601446089302601239e-02,9.239157830456502796e-02,-9.950712310508108560e-01,0.000000000000000000e+00,5.934953066014456713e-01,2.682608327076732024e-01,7.647586847242300589e-02,1.000000000000000000e+00
9.974767776577408984e-01,6.109358685191462052e-02,-3.589426946332734125e-02,0.000000000000000000e+00,5.790051953073140079e-02,-9.947628504965706497e-01,-8.411389903706278925e-02,0.000000000000000000e+00,-4.084589201409965370e-02,8.182493950125908910e-02,-9.958093654817612439e-01,0.000000000000000000e+00,5.844601583611429563e-01,2.631549482127836237e-01,8.289041300458797890e-02,1.000000000000000000e+00
9.973233242019913236e-01,5.727936137881397410e-02,-4.523282728211369674e-02,0.000000000000000000e+00,5.390853479114914720e-02,-9.958993938098977816e-01,-7.251906085270305724e-02,0.000000000000000000e+00,-4.920213805762363446e-02,6.988786095227565720e-02,-9.963407230973118089e-01,0.000000000000000000e+00,5.735340626110286832e-01,2.568172528603289151e-01,8.792751231198289719e-02,1.000000000000000000e+00
9.972265087932133953e-01,5.488162281914576307e-02,-5.008038076975736969e-02,0.000000000000000000e+00,5.152610464724645400e-02,-9.964788694311831341e-01,-6.599750160604829496e-02,0.000000000000000000e+00,-5.352712176324354865e-02,6.323522864946186373e-02,-9.965621671995146258e-01,0.000000000000000000e+00,5.677621774682043432e-01,2.532165956874857238e-01,9.032588113484002479e-02,1.000000000000000000e+00
9.971176913798318608e-01,5.250471000108501707e-02,-5.459223265506699813e-02,0.000000000000000000e+00,4.927029993218636633e-02,-9.970320660982951999e-01,-5.899358963112582427e-02,0.000000000000000000e+00,-5.752875543931725011e-02,5.613485699226192921e-02,-9.967644255931598085e-01,0.000000000000000000e+00,5.619152226503209002e-01,2.494810404906512291e-01,9.276073040194358910e-02,1.000000000000000000e+00
9.970019596505333981e-01,5.109375283926002875e-02,-5.794193451210349899e-02,0.000000000000000000e+00,4.816885981146905304e-02,-9.975368954948440336e-01,-5.080009815128375128e-02,0.000000000000000000e+00,-6.039594794047341286e-02,4.785772189599809406e-02,-9.970265633007462380e-01,0.000000000000000000e+00,5.562004997369803805e-01,2.454920033291524417e-01,9.524126176273391142e-02,1.000000000000000000e+00
9.968014224856558414e-01,4.980078696435974450e-02,-6.235024177588889549e-02,0.000000000000000000e+00,4.784136104502526021e-02,-9.983153007513989596e-01,-3.253477155616573552e-02,0.000000000000000000e+00,-6.386668722926040764e-02,2.944835311143864653e-02,-9.975238547330002037e-01,0.000000000000000000e+00,5.449819192985236871e-01,2.373799058517367666e-01,1.004045802796755676e-01,1.000000000000000000e+00
9.967326749146649956e-01,4.830300177152879043e-02,-6.458747307740680954e-02,0.000000000000000000e+00,4.756626152231451660e-02,-9.987751809179887807e-01,-1.289711782678552854e-02,0.000000000000000000e+00,-6.513258861732063032e-02,9.782982467444150190e-03,-9.978286622231534730e-01,0.000000000000000000e+00,5.341135071699086856e-01,2.289525225357679772e-01,1.059023655353149435e-01,1.000000000000000000e+00
9.967085019290757852e-01,4.687816848441206385e-02,-6.599504832222605200e-02,0.000000000000000000e+00,4.675501403102218234e-02,-9.988909279825056720e-01,-3.410213837297058990e-03,0.000000000000000000e+00,-6.608299194204372840e-02,3.133957485858604041e-04,-9.978140808582992571e-01,0.000000000000000000e+00,5.284492529049571452e-01,2.249240045595559678e-01,1.085770356785688839e-01,1.000000000000000000e+00
9.966324370584337400e-01,4.463158959807245196e-02,-6.864804086151915508e-02,0.000000000000000000e+00,4.510694618151778190e-02,-9.989579901591021383e-01,5.389267545152105418e-03,0.000000000000000000e+00,-6.833729305472803495e-02,-8.467785363200157692e-03,-9.976263383597062662e-01,0.000000000000000000e+00,5.222743267279661428e-01,2.210788237556139957e-01,1.109720404224379259e-01,1.000000000000000000e+00
9.958650913060271836e-01,3.115272131102570299e-02,-8.522308826933974735e-02,0.000000000000000000e+00,3.357369450231598162e-02,-9.990585137790204406e-01,2.712268394404055566e-02,0.000000000000000000e+00,-8.429952951907894454e-02,-2.987236318805476867e-02,-9.959925859364731071e-01,0.000000000000000000e+00,5.003004305920223382e-01,2.105022405362875770e-01,1.160666725718264708e-01,1.000000000000000000e+00
9.954433986460377026e-01,2.215623392304934269e-02,-9.264064060433165049e-02,0.000000000000000000e+00,2.525732309292417349e-02,-9.991449758073581711e-01,3.243658197624375156e-02,0.000000000000000000e+00,-9.184452640920377775e-02,-3.462930271555825223e-02,-9.951710377428109044e-01,0.000000000000000000e+00,4.924479028744000453e-01,2.073846157007070423e-01,1.173830484073994512e-01,1.000000000000000000e+00
9.948944937730704874e-01,1.222542479867707449e-02,-1.000811278399965087e-01,0.000000000000000000e+00,1.604120537715983397e-02,-9.991615714293896611e-01,3.741097178647800892e-02,0.000000000000000000e+00,-9.954176842831696792e-02,-3.882613928662129871e-02,-9.942755992411053123e-01,0.000000000000000000e+00,4.845663584357124964e-01,2.044753046998586399e-01,1.186458566512711560e-01,1.000000000000000000e+00
9.941988577180208564e-01,3.289115021928501557e-03,-1.074176891194546651e-01,0.000000000000000000e+00,7.867705278307310368e-03,-9.990673933217008029e-01,4.222783106251200291e-02,0.000000000000000000e+00,-1.071806820319829573e-01,-4.282881671336696144e-02,-9.933166634352268431e-01,0.000000000000000000e+00,4.766354588900472145e-01,2.017658424813066897e-01,1.198139407525394967e-01,1.000000000000000000e+00
9.920571445490480311e-01,-1.429326431187878145e-02,-1.248962427205413811e-01,0.000000000000000000e+00,-6.969170981129932732e-03,-9.982309684025832963e-01,5.888218133769000662e-02,0.000000000000000000e+00,-1.255193325379992952e-01,-5.754517333517500388e-02,-9.904208449871396702e-01,0.000000000000000000e+00,4.538367965905450441e-01,1.935782394952519636e-01,1.231667714380346584e-01,1.000000000000000000e+00
9.914917280037658376e-01,-1.677401858835560894e-02,-1.290098155246821310e-01,0.000000000000000000e+00,-8.357957349927266910e-03,-9.978077868985253396e-01,6.550199886119482950e-02,0.000000000000000000e+00,-1.298282298590777151e-01,-6.386766115309931713e-02,-9.894774138859820933e-01,0.000000000000000000e+00,4.467699113748101469e-01,1.905236288651012133e-01,1.241932484526231811e-01,1.000000000000000000e+00
9.909867234606559716e-01,-1.912575854040999765e-02,-1.325151545528872599e-01,0.000000000000000000e+00,-9.620682703348603509e-03,-9.973485860526717373e-01,7.199991155735144255e-02,0.000000000000000000e+00,-1.335434260720253230e-01,-7.007741939581692281e-02,-9.885622431813630984e-01,0.000000000000000000e+00,4.400408971919242407e-01,1.873608449615747351e-01,1.252747577450803729e-01,1.000000000000000000e+00
9.901350741248204912e-01,-1.808862311326189104e-02,-1.388743446533977632e-01,0.000000000000000000e+00,-6.596365111501420811e-03,-9.965371478110766068e-01,8.277045306803855473e-02,0.000000000000000000e+00,-1.398933402357910027e-01,-8.103942306193120948e-02,-9.868447016970109953e-01,0.000000000000000000e+00,4.276405068454589009e-01,1.807437950014626760e-01,1.276064588923042364e-01,1.000000000000000000e+00
9.891240119020739963e-01,-1.374845001351998608e-02,-1.463742330541147330e-01,0.000000000000000000e+00,-7.250219046997868292e-04,-9.960523238947703861e-01,8.865658073867783984e-02,0.000000000000000000e+00,-1.470181161148347015e-01,-8.758791463528671495e-02,-9.852482076836712732e-01,0.000000000000000000e+00,4.165872988804913413e-01,1.734222379064457864e-01,1.299814686206873793e-01,1.000000000000000000e+00
9.882666085536683243e-01,-7.370326456411301942e-03,-1.524976577097656716e-01,0.000000000000000000e+00,6.421073216703087130e-03,-9.959342985557295691e-01,8.974625162234362019e-02,0.000000000000000000e+00,-1.525420438423031877e-01,-8.967414885199470609e-02,-9.842202354595658287e-01,0.000000000000000000e+00,4.110930925385715140e-01,1.691837389874881470e-01,1.309990546049841220e-01,1.000000000000000000e+00
9.851736887880363502e-01,6.798365697333799869e-03,-1.713689938256832135e-01,0.000000000000000000e+00,2.226078568429639207e-02,-9.958205146253279461e-01,8.846867792203794156e-02,0.000000000000000000e+00,-1.700545912748886168e-01,-9.097357373834449867e-02,-9.812263983748116258e-01,0.000000000000000000e+00,3.999478716848461901e-01,1.596635448961705450e-01,1.329275466249891235e-01,1.000000000000000000e+00
9.827607580648699548e-01,1.232184297424744959e-02,-1.844185768698156369e-01,0.000000000000000000e+00,2.873568092597481374e-02,-9.958193031567333930e-01,8.659632211223954046e-02,0.000000000000000000e+00,-1.825840677335358042e-01,-9.040460111512411967e-02,-9.790250590802519470e-01,0.000000000000000000e+00,3.941599763536086098e-01,1.544895413730881517e-01,1.338516772118109044e-01,1.000000000000000000e+00
9.797806448262313950e-01,1.757646352674584883e-02,-1.992528615980103113e-01,0.000000000000000000e+00,3.493608196445088104e-02,-9.958481388235128628e-01,8.394463341945584967e-02,0.000000000000000000e+00,-1.969539335636147359e-01,-8.921015893785880224e-02,-9.763455820538655683e-01,0.000000000000000000e+00,3.883077778433711713e-01,1.494006083908427651e-01,1.350302300913474585e-01,1.000000000000000000e+00
9.709857786838280713e-01,2.011550511076479544e-02,-2.382493041943816448e-01,0.000000000000000000e+00,3.998783622447435460e-02,-9.960727806587107436e-01,7.887163930156768088e-02,0.000000000000000000e+00,-2.357316426200393444e-01,-8.611197218233021533e-02,-9.679955169909246759e-01,0.000000000000000000e+00,3.757184564228996937e-01,1.395469558085190576e-01,1.383384161751474439e-01,1.000000000000000000e+00
9.587098693449190856e-01,2.687320348086372213e-02,-2.830794310022056726e-01,0.000000000000000000e+00,4.982511771134946754e-02,-9.959887801071737323e-01,7.419268459142235039e-02,0.000000000000000000e+00,-2.799555320590188523e-01,-8.523536596725958536e-02,-9.562216440020476771e-01,0.000000000000000000e+00,3.633316087791514382e-01,1.312770801491120742e-01,1.440741542312907186e-01,1.000000000000000000e+00
9.516816804106530414e-01,3.119347848362392234e-02,-3.054663532568780426e-01,0.000000000000000000e+00,5.591714099384942349e-02,-9.957883771899774805e-01,7.252260404614251088e-02,0.000000000000000000e+00,-3.019234248684437016e-01,-8.610089653939825838e-02,-9.494360858587698182e-01,0.000000000000000000e+00,3.575620089851899719e-01,1.277239603534713885e-01,1.479203801496077608e-01,1.000000000000000000e+00
9.450156043453702415e-01,3.501368588075977339e-02,-3.251158197412215012e-01,0.000000000000000000e+00,6.145839619520566260e-02,-9.955410593939787445e-01,7.142556614431512518e-02,0.000000000000000000e+00,-3.211714588199107157e-01,-8.748105569597294795e-02,-9.429718760036316372e-01,0.000000000000000000e+00,3.527500792356738635e-01,1.243802184986431691e-01,1.526540870332602773e-01,1.000000000000000000e+00
9.393640660772297757e-01,3.917214408194358288e-02,-3.406485599442414802e-01,0.000000000000000000e+00,6.746125232187742682e-02,-9.951400957932353686e-01,7.159550321774696413e-02,0.000000000000000000e+00,-3.361949640019306074e-01,-9.023655880433205378e-02,-9.374594975970391708e-01,0.000000000000000000e+00,3.491681125050529744e-01,1.209480231444198528e-01,1.581091793746974006e-01,1.000000000000000000e+00
9.300919866261034841e-01,5.211919259601011101e-02,-3.635838735123661514e-01,0.000000000000000000e+00,8.463842458629214360e-02,-9.936445709004393390e-01,7.407800419044825724e-02,0.000000000000000000e+00,-3.574191376409519005e-01,-9.967444338376472979e-02,-9.286100179214819006e-01,0.000000000000000000e+00,3.439180501227503961e-01,1.131520304062917787e-01,1.698414811833898197e-01,1.000000000000000000e+00
9.223653005703165153e-01,6.713177887040436276e-02,-3.804159874015984877e-01,0.000000000000000000e+00,1.041598790148645926e-01,-9.915208178379486537e-01,7.757534594690808361e-02,0.000000000000000000e+00,-3.719897619327967586e-01,-1.111790310451051533e-01,-9.215545779133499371e-01,0.000000000000000000e+00,3.400015478982527650e-01,1.035082593431852216e-01,1.820863516711934693e-01,1.000000000000000000e+00
9.181918130229276276e-01,7.227110352654587955e-02,-3.894630008023002854e-01,0.000000000000000000e+00,1.114373059471092525e-01,-9.906249633608169569e-01,7.889648731622229960e-02,0.000000000000000000e+00,-3.801171531305627682e-01,-1.158450466816361157e-01,-9.176550959130809204e-01,0.000000000000000000e+00,3.378403368133736095e-01,9.829247778743312181e-02,1.881993892844643912e-01,1.000000000000000000e+00
9.132464681607035395e-01,7.750010276864535697e-02,-3.999442078141134393e-01,0.000000000000000000e+00,1.185516545506259817e-01,-9.897981217193567716e-01,7.890456479412726043e-02,0.000000000000000000e+00,-3.897564178253024592e-01,-1.194756629610388282e-01,-9.131349849414426290e-01,0.000000000000000000e+00,3.353996936373512261e-01,9.283665620759207204e-02,1.943909343796296763e-01,1.000000000000000000e+00
9.004040374458943674e-01,9.645415969734923156e-02,-4.242050345403963196e-01,0.000000000000000000e+00,1.390643271287272387e-01,-9.877550925291397332e-01,7.058142109785778273e-02,0.000000000000000000e+00,-4.122107478157882587e-01,-1.225459436073175340e-01,-9.028093880163967633e-01,0.000000000000000000e+00,3.301193068733332403e-01,8.173129710532495151e-02,2.068120851829323148e-01,1.000000000000000000e+00
8.846526358359478870e-01,1.239710962692439633e-01,-4.494459123181790972e-01,0.000000000000000000e+00,1.636187043590384971e-01,-9.852309003554963196e-01,5.029651548344159229e-02,0.000000000000000000e+00,-4.365810922302311159e-01,-1.180349753877986269e-01,-8.918882746691204622e-01,0.000000000000000000e+00,3.250477572215113020e-01,6.987428115160060349e-02,2.196859124678659236e-01,1.000000000000000000e+00
8.771745834858095670e-01,1.396424260497914627e-01,-4.593968761698687397e-01,0.000000000000000000e+00,1.758059450946165281e-01,-9.837321882628604630e-01,3.666058300356380556e-02,0.000000000000000000e+00,-4.468127240542074663e-01,-1.129246077636856388e-01,-8.874719277727473044e-01,0.000000000000000000e+00,3.233508729252116409e-01,6.445611520864175104e-02,2.255013566565143013e-01,1.000000000000000000e+00
8.693047924422778738e-01,1.558076058598020230e-01,-4.690564088618052740e-01,0.000000000000000000e+00,1.874136351163691316e-01,-9.820440604821066843e-01,2.112674952502789291e-02,0.000000000000000000e+00,-4.573511575177263699e-01,-1.062751973971298447e-01,-8.829130767722250805e-01,0.000000000000000000e+00,3.217434540000868037e-01,5.900747206233437209e-02,2.312298882069946382e-01,1.000000000000000000e+00
8.599466469584012840e-01,1.739446768625058370e-01,-4.798080456572287322e-01,0.000000000000000000e+00,1.999665620789923826e-01,-9.797876962815924573e-01,3.192360682426287777e-03,0.000000000000000000e+00,-4.695637661221142012e-01,-9.869272535344182640e-02,-8.773651551705974327e-01,0.000000000000000000e+00,3.198461539609130377e-01,5.377803172710762802e-02,2.364772183815728734e-01,1.000000000000000000e+00
8.390515748405060759e-01,2.072710436732676520e-01,-5.030028987127900253e-01,0.000000000000000000e+00,2.202440059375616876e-01,-9.748313298641262392e-01,-3.431039296077368489e-02,0.000000000000000000e+00,-4.974641133612389132e-01,-8.199676285535262288e-02,-8.636005944873820228e-01,0.000000000000000000e+00,3.158332692588385338e-01,4.378490801721896669e-02,2.457750927538159824e-01,1.000000000000000000e+00
8.198722259179055394e-01,2.363344034651323755e-01,-5.214751478339185731e-01,0.000000000000000000e+00,2.352194665233934279e-01,-9.694415793512125568e-01,-6.953828941443011835e-02,0.000000000000000000e+00,-5.219840308653801442e-01,-6.564985791316974018e-02,-8.504250511817667002e-01,0.000000000000000000e+00,3.137901214107314263e-01,3.467620509327506984e-02,2.535662321321860979e-01,1.000000000000000000e+00
8.129861079211677666e-01,2.489154261443025651e-01,-5.263795644359685610e-01,0.000000000000000000e+00,2.421462028025200552e-01,-9.666623409587723481e-01,-8.312569964598973127e-02,0.000000000000000000e+00,-5.295327660881161691e-01,-5.988192665024669875e-02,-8.461732709674320008e-01,0.000000000000000000e+00,3.143738307027662549e-01,3.022851232570455612e-02,2.571326745864740970e-01,1.000000000000000000e+00
8.075891501006304818e-01,2.612645042036716991e-01,-5.286978062978502368e-01,0.000000000000000000e+00,2.511206697901204321e-01,-9.635114641997202245e-01,-9.254628280531275453e-02,0.000000000000000000e+00,-5.335957295295402636e-01,-5.802869059048099826e-02,-8.437465665092759304e-01,0.000000000000000000e+00,3.161180779865792045e-01,2.566282690927169582e-02,2.607396592108003897e-01,1.000000000000000000e+00
7.985324051820654745e-01,2.862686505692640382e-01,-5.295063781264641722e-01,0.000000000000000000e+00,2.759344244964792026e-01,-9.558817481913938208e-01,-1.006529868089854340e-01,0.000000000000000000e+00,-5.349695769337072804e-01,-6.573563168481416641e-02,-8.423101438795382867e-01,0.000000000000000000e+00,3.214798446960749900e-01,1.545479489730204256e-02,2.673303396010411337e-01,1.000000000000000000e+00
7.866871218860718162e-01,3.106454134953929302e-01,-5.334824704093782399e-01,0.000000000000000000e+00,3.064816934907421131e-01,-9.466728023408476078e-01,-9.929916295911797586e-02,0.000000000000000000e+00,-5.358904923519368646e-01,-8.538688222676547868e-02,-8.399586064505745187e-01,0.000000000000000000e+00,3.270035586379237968e-01,4.440513603597928682e-03,2.736706717617513607e-01,1.000000000000000000e+00
7.788504090487452514e-01,3.217337769237177403e-01,-5.383866306031475091e-01,0.000000000000000000e+00,3.200775684701425150e-01,-9.420941483122858839e-01,-9.994855066081921591e-02,0.000000000000000000e+00,-5.393781036228656456e-01,-9.448233313197383632e-02,-8.367462877468533344e-01,0.000000000000000000e+00,3.290176231108878357e-01,-8.614169388921756425e-04,2.766767961364762218e-01,1.000000000000000000e+00
7.702117773768105691e-01,3.322736662637429395e-01,-5.443792571350543064e-01,0.000000000000000000e+00,3.310139156892151768e-01,-9.378551306202703719e-01,-1.041071010572148098e-01,0.000000000000000000e+00,-5.451514233139423959e-01,-1.000145197708655481e-01,-8.323502997499225842e-01,0.000000000000000000e+00,3.304320088051324600e-01,-5.393609218382536610e-03,2.796472971908579019e-01,1.000000000000000000e+00
7.603625439805694608e-01,3.424432633271158877e-01,-5.518715067970807464e-01,0.000000000000000000e+00,3.386704813355230215e-01,-9.340851871662604333e-01,-1.129951994101780627e-01,0.000000000000000000e+00,-5.542001146141538603e-01,-1.009872158780569656e-01,-8.262347216081257217e-01,0.000000000000000000e+00,3.310207693108576654e-01,-9.321507915513033149e-03,2.825354149739419118e-01,1.000000000000000000e+00
7.291548669553976625e-01,3.696839005770534148e-01,-5.758886529100917251e-01,0.000000000000000000e+00,3.437474156492231758e-01,-9.255122961713930785e-01,-1.588881706460364973e-01,0.000000000000000000e+00,-5.917418210375882115e-01,-8.210773403967425166e-02,-8.019351203470197476e-01,0.000000000000000000e+00,3.299634125735226853e-01,-1.805678981573813000e-02,2.900338957017014052e-01,1.000000000000000000e+00
7.165532489090297164e-01,3.815865623299616316e-01,-5.838868758829273142e-01,0.000000000000000000e+00,3.457942392553318145e-01,-9.213118245433995490e-01,-1.777402963752089671e-01,0.000000000000000000e+00,-6.057768547095990774e-01,-7.454576646440562449e-02,-7.921346672128292132e-01,0.000000000000000000e+00,3.290889690244095944e-01,-2.076474828056079636e-02,2.919006440815158365e-01,1.000000000000000000e+00
7.020750066224010766e-01,3.978498409573842931e-01,-5.905818622575093046e-01,0.000000000000000000e+00,3.508002374429282644e-01,-9.149744565851543054e-01,-1.993531642786107450e-01,0.000000000000000000e+00,-6.196918741795834906e-01,-6.721667750765129845e-02,-7.819615715242196341e-01,0.000000000000000000e+00,3.281366837720263163e-01,-2.311872958177198234e-02,2.931763423197013552e-01,1.000000000000000000e+00
6.873541327815999580e-01,4.183406908830220039e-01,-5.937306707597128641e-01,0.000000000000000000e+00,3.595912472485111588e-01,-9.062463279998098642e-01,-2.222441783046952279e-01,0.000000000000000000e+00,-6.310521730033992194e-01,-6.074106743756933074e-02,-7.733586992296861418e-01,0.000000000000000000e+00,3.279079359619097023e-01,-2.520664878333507553e-02,2.940249436566370611e-01,1.000000000000000000e+00
6.481606042555770886e-01,4.727871560437871268e-01,-5.969429479207215561e-01,0.000000000000000000e+00,3.891783683545620987e-01,-8.794640490615439621e-01,-2.739779752359000065e-01,0.000000000000000000e+00,-6.545357316086116706e-01,-5.473660634021762506e-02,-7.540470011703085396e-01,0.000000000000000000e+00,3.307347778156690121e-01,-3.307044658146224975e-02,2.939878055409802515e-01,1.000000000000000000e+00
6.357684533631837720e-01,4.864926076074703176e-01,-5.992530044586155125e-01,0.000000000000000000e+00,3.986611024255102276e-01,-8.717560221384769159e-01,-2.847657110316910156e-01,0.000000000000000000e+00,-6.609515541039437947e-01,-5.785492160230654157e-02,-7.481950622491251313e-01,0.000000000000000000e+00,3.323855940295897260e-01,-3.640200699636739895e-02,2.938388728775976899e-01,1.000000000000000000e+00
6.238614850159065472e-01,4.973697441948659592e-01,-6.028274479272570652e-01,0.000000000000000000e+00,4.071644365494125339e-01,-8.652393174761169314e-01,-2.925043452738285144e-01,0.000000000000000000e+00,-6.670856644513802891e-01,-6.296891530243292623e-02,-7.423150490116010580e-01,0.000000000000000000e+00,3.341958664683589708e-01,-4.014151455896046439e-02,2.940076514069752678e-01,1.000000000000000000e+00
5.974644867739834497e-01,5.179345784564892696e-01,-6.121770220975362164e-01,0.000000000000000000e+00,4.228696196203144964e-01,-8.521407942459030549e-01,-3.082500583703763897e-01,0.000000000000000000e+00,-6.813274955361164897e-01,-7.470403983663383152e-02,-7.281566797458975948e-01,0.000000000000000000e+00,3.374985683901025602e-01,-4.818747300488585711e-02,2.948238943575399729e-01,1.000000000000000000e+00
5.689117587492434902e-01,5.421226832385840355e-01,-6.184037143939619119e-01,0.000000000000000000e+00,4.350039429740943375e-01,-8.365206868175443233e-01,-3.331447988855646414e-01,0.000000000000000000e+00,-6.979262894179775190e-01,-7.947959088746486822e-02,-7.117456632615435375e-01,0.000000000000000000e+00,3.403303417304887613e-01,-5.502230524420678032e-02,2.961396517381209015e-01,1.000000000000000000e+00
5.525852080886769491e-01,5.586468627179076440e-01,-6.185014288409050875e-01,0.000000000000000000e+00,4.412326589379576003e-01,-8.256570084626748685e-01,-3.515465715438209626e-01,0.000000000000000000e+00,-7.070740421252497132e-01,-7.864510877704403158e-02,-7.027526206412235688e-01,0.000000000000000000e+00,3.415518914815879881e-01,-5.794336174491685615e-02,2.968271812855340364e-01,1.000000000000000000e+00
5.239570706322222993e-01,5.885651166233595299e-01,-6.156629260641247603e-01,0.000000000000000000e+00,4.478233018314461966e-01,-8.052193004844565571e-01,-3.886604113687321393e-01,0.000000000000000000e+00,-7.245095800582095347e-01,-7.206822129035479751e-02,-6.854867175109384814e-01,0.000000000000000000e+00,3.443500102357583970e-01,-6.310389006023167657e-02,2.987110900207133324e-01,1.000000000000000000e+00
5.117194304092337331e-01,6.005789276592072845e-01,-6.143524420839996392e-01,0.000000000000000000e+00,4.474958218558900414e-01,-7.967333452361283763e-01,-4.061332452675820992e-01,0.000000000000000000e+00,-7.334042655699073432e-01,-6.709516983090495212e-02,-6.764735186459457372e-01,0.000000000000000000e+00,3.457847041747478811e-01,-6.519125547853256430e-02,3.001005185757111282e-01,1.000000000000000000e+00
4.987604820531759686e-01,6.119000225191075781e-01,-6.138380005216423907e-01,0.000000000000000000e+00,4.458656951689832781e-01,-7.884600403129243817e-01,-4.236924516703473031e-01,0.000000000000000000e+00,-7.432584653838220090e-01,-6.236945619162807819e-02,-6.660907630118033662e-01,0.000000000000000000e+00,3.469916962715430819e-01,-6.715193845748397561e-02,3.017032384972175296e-01,1.000000000000000000e+00
4.715311826964122544e-01,6.289281018860171102e-01,-6.181331032263054359e-01,0.000000000000000000e+00,4.401730497393502306e-01,-7.752486904513007371e-01,-4.530098245489946329e-01,0.000000000000000000e+00,-7.641321998028417495e-01,-5.847840073971640601e-02,-6.424035008243611511e-01,0.000000000000000000e+00,3.490878538303082146e-01,-7.160217348988624775e-02,3.060668752576801155e-01,1.000000000000000000e+00
4.392200232018012018e-01,6.421980855777621455e-01,-6.282102649591734256e-01,0.000000000000000000e+00,4.354683727235293400e-01,-7.638214165657911670e-01,-4.763663368187952551e-01,0.000000000000000000e+00,-7.857771326657718713e-01,-6.433730699240773621e-02,-6.151544592283491042e-01,0.000000000000000000e+00,3.511244380351680738e-01,-7.715714572891244072e-02,3.117341663592653189e-01,1.000000000000000000e+00
4.210676476300811988e-01,6.489574066032183230e-01,-6.336695254115533027e-01,0.000000000000000000e+00,4.356599246528640723e-01,-7.574615429599242944e-01,-4.862439592318241188e-01,0.000000000000000000e+00,-7.955472319539341752e-01,-7.132419081922423965e-02,-6.016788691107709530e-01,0.000000000000000000e+00,3.526116133754942372e-01,-8.044979361439857923e-02,3.148947320785489001e-01,1.000000000000000000e+00
4.022660740734720353e-01,6.569002445266863832e-01,-6.376870872861577499e-01,0.000000000000000000e+00,4.371044708794388223e-01,-7.498208511564379286e-01,-4.966780844867721423e-01,0.000000000000000000e+00,-8.044345175680216453e-01,-7.894065360224290784e-02,-5.887728595595717040e-01,0.000000000000000000e+00,3.544434451065049951e-01,-8.384644683703859624e-02,3.181037870943793644e-01,1.000000000000000000e+00
3.837013295653105560e-01,6.672221549712933353e-01,-6.384110216048001218e-01,0.000000000000000000e+00,4.400834444814869517e-01,-7.398953417173578240e-01,-5.087850156003735913e-01,0.000000000000000000e+00,-8.118456060560523824e-01,-8.573428508467548226e-02,-5.775433700498171508e-01,0.000000000000000000e+00,3.568354700355216291e-01,-8.712231067627157488e-02,3.212148242933872133e-01,1.000000000000000000e+00
3.508849623330873024e-01,6.896551996438826659e-01,-6.334320766379555323e-01,0.000000000000000000e+00,4.465888048020971723e-01,-7.178040947631542101e-01,-5.341315080276499705e-01,0.000000000000000000e+00,-8.230625566746649913e-01,-9.546679798555084140e-02,-5.598697333153044298e-01,0.000000000000000000e+00,3.629423881208335700e-01,-9.347568573536935155e-02,3.272957826313404039e-01,1.000000000000000000e+00
3.229584837122270180e-01,7.109797507063091437e-01,-6.246489884608010801e-01,0.000000000000000000e+00,4.484570010390487305e-01,-6.961808613400313206e-01,-5.605348101805303074e-01,0.000000000000000000e+00,-8.334136162208689580e-01,-9.910064769794162121e-02,-5.436918299216043637e-01,0.000000000000000000e+00,3.692129503540356739e-01,-9.978071221703732618e-02,3.327654461950693698e-01,1.000000000000000000e+00
3.105195817437989558e-01,7.201622082854658435e-01,-6.204230250500586408e-01,0.000000000000000000e+00,4.467651441845503224e-01,-6.866758227171620987e-01,-5.734613913234914984e-01,0.000000000000000000e+00,-8.390308670450734585e-01,-9.911429911930931536e-02,-5.349799621066948507e-01,0.000000000000000000e+00,3.720540160437810773e-01,-1.031068184352900152e-01,3.353025655688389728e-01,1.000000000000000000e+00
2.978252902820810455e-01,7.291710579500736422e-01,-6.161090906792177080e-01,0.000000000000000000e+00,4.443309421623847788e-01,-6.771096671364069675e-01,-5.865775817474783160e-01,0.000000000000000000e+00,-8.449050842031800013e-01,-9.906060140294828398e-02,-5.256637670006402141e-01,0.000000000000000000e+00,3.746823537471055676e-01,-1.066143922449657999e-01,3.377797570890272993e-01,1.000000000000000000e+00
2.862343789336131983e-01,7.371735309612206244e-01,-6.120668366019053064e-01,0.000000000000000000e+00,4.401676157827148494e-01,-6.685664895098399896e-01,-5.993763976182726605e-01,0.000000000000000000e+00,-8.510681773991050081e-01,-9.785175319646780001e-02,-5.158565612793376554e-01,0.000000000000000000e+00,3.770920772310703550e-01,-1.101014381768681272e-01,3.399538018109744542e-01,1.000000000000000000e+00
2.637676919909109352e-01,7.559832929096509391e-01,-5.990798047042455998e-01,0.000000000000000000e+00,4.303348719075814066e-01,-6.480684264525118365e-01,-6.283310907132154677e-01,0.000000000000000000e+00,-8.632691339549676268e-01,-9.207326211187537301e-02,-4.962750414485075368e-01,0.000000000000000000e+00,3.814874023626471655e-01,-1.164581269643791411e-01,3.434203534659601709e-01,1.000000000000000000e+00
2.439353006595607609e-01,7.806143191943283322e-01,-5.754281889707117958e-01,0.000000000000000000e+00,4.236978011417008028e-01,-6.195134005441350622e-01,-6.608056194942187878e-01,0.000000000000000000e+00,-8.723365980821672361e-01,-8.261543151605685309e-02,-4.818750357943924478e-01,0.000000000000000000e+00,3.865255665321770118e-01,-1.214797668109919293e-01,3.445743986816478532e-01,1.000000000000000000e+00
2.357703109635593264e-01,7.939871407904643963e-01,-5.603369768529810058e-01,0.000000000000000000e+00,4.226571332066046405e-01,-6.029822457630633625e-01,-6.765752773677998766e-01,0.000000000000000000e+00,-8.750821667370779489e-01,-7.731554529490564098e-02,-4.777588386565885803e-01,0.000000000000000000e+00,3.894243899129199993e-01,-1.236625773040362503e-01,3.442055543169988963e-01,1.000000000000000000e+00
2.192323773670872555e-01,8.211933094348840001e-01,-5.268391217008909777e-01,0.000000000000000000e+00,4.234266817392693949e-01,-5.665547159474492167e-01,-7.068991059056340953e-01,0.000000000000000000e+00,-8.790009286521773824e-01,-6.810388077662349327e-02,-4.719313815077071372e-01,0.000000000000000000e+00,3.956282193892277088e-01,-1.281738280533179786e-01,3.424060188286599526e-01,1.000000000000000000e+00
2.009136902410445513e-01,8.473738898337946912e-01,-4.914996712133976042e-01,0.000000000000000000e+00,4.197195636031341159e-01,-5.278081462875672258e-01,-7.384001594951650205e-01,0.000000000000000000e+00,-8.851355873723122381e-01,-5.793844208857099748e-02,-4.617121710496931986e-01,0.000000000000000000e+00,4.004616263992170633e-01,-1.324954766692892916e-01,3.413967681132454302e-01,1.000000000000000000e+00
1.908031903239149063e-01,8.597286055307196140e-01,-4.737526931803431873e-01,0.000000000000000000e+00,4.145406533870281685e-01,-5.080439759005965783e-01,-7.550020610182318626e-01,0.000000000000000000e+00,-8.898012023594349396e-01,-5.233395662227108974e-02,-4.533375974524528340e-01,0.000000000000000000e+00,4.021023014769148918e-01,-1.345150677711297316e-01,3.416318264337140365e-01,1.000000000000000000e+00
1.696248292786782241e-01,8.818913245463578798e-01,-4.398589045174122747e-01,0.000000000000000000e+00,3.981895812855685279e-01,-4.696032069787446361e-01,-7.879712128321123554e-01,0.000000000000000000e+00,-9.014814850805370483e-01,-4.148854934449643789e-02,-4.308245957814833549e-01,0.000000000000000000e+00,4.042647420157666205e-01,-1.383939223524814910e-01,3.435925893027688138e-01,1.000000000000000000e+00
