9.995409452141359452e-01,2.271882720858028892e-02,1.955762337061412240e-02,0.000000000000000000e+00,2.652956342251863026e-02,-9.741637832939425978e-01,-2.242361533835517673e-01,0.000000000000000000e+00,1.395821469120430737e-02,2.246563972455921654e-01,-9.743380683414074594e-01,0.000000000000000000e+00,6.232574317696928379e-01,2.983967232667998903e-01,3.138723702040623065e-02,1.000000000000000000e+00
9.995408784691071080e-01,2.271610730028170502e-02,1.956419279030914907e-02,0.000000000000000000e+00,2.652852301970988827e-02,-9.741616567802600102e-01,-2.242455146189997750e-01,0.000000000000000000e+00,1.396497015943391762e-02,2.246658933284711446e-01,-9.743357819475616521e-01,0.000000000000000000e+00,6.232583774676873078e-01,2.984015238035835904e-01,3.139351678333466428e-02,1.000000000000000000e+00
9.995408949241851859e-01,2.272951906954671225e-02,1.954776811389774202e-02,0.000000000000000000e+00,2.653787320289016649e-02,-9.741618837935905884e-01,-2.242434220903675446e-01,0.000000000000000000e+00,1.394601397515637248e-02,2.246635524582442089e-01,-9.743365932217915582e-01,0.000000000000000000e+00,6.232502961860519886e-01,2.984057142240439942e-01,3.138497874104644036e-02,1.000000000000000000e+00
9.995410702339018183e-01,2.272111863816645219e-02,1.954856988899685358e-02,0.000000000000000000e+00,2.652986874460165970e-02,-9.741620616069683880e-01,-2.242435967675860398e-01,0.000000000000000000e+00,1.394867833380942189e-02,2.246636311705580979e-01,-9.743365369326961734e-01,0.000000000000000000e+00,6.232535963951291169e-01,2.984013724729440709e-01,3.138341489138696955e-02,1.000000000000000000e+00
9.995407799775815061e-01,2.273001970941555122e-02,1.955306285537176600e-02,0.000000000000000000e+00,2.653960126985750734e-02,-9.741610285476587361e-01,-2.242469329213060691e-01,0.000000000000000000e+00,1.395096321664182799e-02,2.246672102715232544e-01,-9.743356789393164963e-01,0.000000000000000000e+00,6.232520658342680653e-01,2.984072771310628536e-01,3.138811476879145579e-02,1.000000000000000000e+00
9.995411462073975351e-01,2.271960722013170036e-02,1.954644180849951507e-02,0.000000000000000000e+00,2.652782607340959525e-02,-9.741635869142446502e-01,-2.242372120665974966e-01,0.000000000000000000e+00,1.394711900654798872e-02,2.246571699267348732e-01,-9.743380490732811428e-01,0.000000000000000000e+00,6.232520285757355838e-01,2.984000406152783058e-01,3.138332878686687921e-02,1.000000000000000000e+00
9.995413782772231137e-01,2.271346102351204377e-02,1.954171694633627734e-02,0.000000000000000000e+00,2.652068341689540684e-02,-9.741652407902173794e-01,-2.242308718451739014e-01,0.000000000000000000e+00,1.394407069312914721e-02,2.246506196055576277e-01,-9.743396030149568121e-01,0.000000000000000000e+00,6.232534858490701435e-01,2.983918488932178481e-01,3.137799188048483179e-02,1.000000000000000000e+00
9.995475899653410989e-01,2.242809759921126841e-02,1.955358621243274975e-02,0.000000000000000000e+00,2.624342692767617571e-02,-9.742016080956126256e-01,-2.241054578278328102e-01,0.000000000000000000e+00,1.402314604052576699e-02,2.245215461163379278e-01,-9.743682192603858594e-01,0.000000000000000000e+00,6.233451657073214580e-01,2.981839151684684275e-01,3.136577872967460934e-02,1.000000000000000000e+00
9.995399348679167018e-01,2.231040501610955656e-02,2.007265138107915126e-02,0.000000000000000000e+00,2.624234185078124296e-02,-9.742471101801905009e-01,-2.239076923666159236e-01,0.000000000000000000e+00,1.456053163410320032e-02,2.243357527823574005e-01,-9.744031306097623579e-01,0.000000000000000000e+00,6.235700806025019638e-01,2.980611164551912884e-01,3.172411461611793909e-02,1.000000000000000000e+00
9.995303581428892636e-01,2.241584100939892493e-02,2.042890412618639240e-02,0.000000000000000000e+00,2.640697412909471034e-02,-9.745137213079630989e-01,-2.227249999462549701e-01,0.000000000000000000e+00,1.491596637321410124e-02,2.231641611080417975e-01,-9.746667487629282478e-01,0.000000000000000000e+00,6.238433813741165457e-01,2.976945744874860966e-01,3.250086585392510802e-02,1.000000000000000000e+00
9.994923283423231553e-01,2.375763692251937551e-02,2.077034361555693542e-02,0.000000000000000000e+00,2.770636747824536950e-02,-9.757227138093823582e-01,-2.172056395649593352e-01,0.000000000000000000e+00,1.510609415613975784e-02,2.176750321096243279e-01,-9.759043940445293330e-01,0.000000000000000000e+00,6.244491705709154239e-01,2.964838724882120635e-01,3.538105593308322333e-02,1.000000000000000000e+00
9.995316922528995063e-01,2.662083568419100141e-02,1.443863534890568040e-02,0.000000000000000000e+00,2.900783512005794193e-02,-9.785440673931871114e-01,-2.039382273445904115e-01,0.000000000000000000e+00,8.700002424065952575e-03,2.042654877899709731e-01,-9.788768668508550652e-01,0.000000000000000000e+00,6.239296173591820649e-01,2.932498575524600803e-01,3.881921597010470210e-02,1.000000000000000000e+00
9.995435692150423934e-01,2.865069333337763244e-02,8.516919253961429542e-03,0.000000000000000000e+00,2.975845450938865988e-02,-9.805796748273516439e-01,-1.938006259068999482e-01,0.000000000000000000e+00,2.799049502281569270e-03,1.939693542004100602e-01,-9.810035957900254955e-01,0.000000000000000000e+00,6.232159115547782902e-01,2.907572542550665995e-01,4.092940086295010493e-02,1.000000000000000000e+00
9.995125473870407617e-01,3.084521222236629931e-02,1.996847524009770416e-03,0.000000000000000000e+00,3.069275336656395944e-02,-9.827794617507356056e-01,-1.821626508176743542e-01,0.000000000000000000e+00,-3.656455286710336757e-03,1.821386506395492044e-01,-9.832660587439905342e-01,0.000000000000000000e+00,6.223704770070657144e-01,2.878430903857697731e-01,4.351149370914287468e-02,1.000000000000000000e+00
9.992647230484219545e-01,3.574975923117196253e-02,-1.314210360186207106e-02,0.000000000000000000e+00,3.328845199379547315e-02,-9.873746919627254259e-01,-1.548025953806271005e-01,0.000000000000000000e+00,-1.851069239703802272e-02,1.542542621879000875e-01,-9.878577715763786626e-01,0.000000000000000000e+00,6.201220068971881050e-01,2.811408035655533766e-01,4.980284093089066416e-02,1.000000000000000000e+00
9.986884989916845479e-01,4.124987802201163234e-02,-3.000793971790087847e-02,0.000000000000000000e+00,3.726870391332088445e-02,-9.917090162393409347e-01,-1.229024723894028559e-01,0.000000000000000000e+00,-3.482952694799884563e-02,1.216252703158894471e-01,-9.919648167516655901e-01,0.000000000000000000e+00,6.168369664042162581e-01,2.735264578412769376e-01,5.760530343519726371e-02,1.000000000000000000e+00
9.982457357833506295e-01,4.406504644567329348e-02,-3.929974011753738228e-02,0.000000000000000000e+00,3.971032461467809832e-02,-9.936237344797497206e-01,-1.054310736866556492e-01,0.000000000000000000e+00,-4.369582097844879748e-02,1.036875105953092568e-01,-9.936496240504331112e-01,0.000000000000000000e+00,6.147178430052101517e-01,2.694281986730664435e-01,6.188021042706668556e-02,1.000000000000000000e+00
9.977404478469867888e-01,4.684128249429125174e-02,-4.796498603765854407e-02,0.000000000000000000e+00,4.252850149104914906e-02,-9.952646811904323210e-01,-8.729426004635823522e-02,0.000000000000000000e+00,-5.182782947835656157e-02,8.505877277785932333e-02,-9.950270756442193276e-01,0.000000000000000000e+00,6.124945934893833988e-01,2.652082299110577468e-01,6.677552491052203554e-02,1.000000000000000000e+00
9.971656975843884441e-01,4.952066765038166951e-02,-5.647142585156313815e-02,0.000000000000000000e+00,4.558699134382971502e-02,-9.965692237434404799e-01,-6.893732957420403706e-02,0.000000000000000000e+00,-5.969265687974654316e-02,6.616885188843947552e-02,-9.960213199296502617e-01,0.000000000000000000e+00,6.100017538566685493e-01,2.609479683719312382e-01,7.182709501150422171e-02,1.000000000000000000e+00
9.958847689104769474e-01,5.423481815243576948e-02,-7.247660624854190825e-02,0.000000000000000000e+00,5.205716796019056042e-02,-9.981341931400375955e-01,-3.160586416883751082e-02,0.000000000000000000e+00,-7.405694302080428892e-02,2.770340524573180335e-02,-9.968691441348780380e-01,0.000000000000000000e+00,6.043789709184450576e-01,2.523876086323114665e-01,8.291810887770345584e-02,1.000000000000000000e+00
9.944432157348050971e-01,5.700591674832943684e-02,-8.839549216962852562e-02,0.000000000000000000e+00,5.770464250380063359e-02,-9.983096285691969163e-01,5.367181825575469481e-03,0.000000000000000000e+00,-8.794180298695207509e-02,-1.043838879998534690e-02,-9.960709208317769514e-01,0.000000000000000000e+00,5.976485320679555402e-01,2.438309671617105434e-01,9.460770258025653912e-02,1.000000000000000000e+00
9.937143086657090896e-01,5.764862688047577705e-02,-9.586060438488670787e-02,0.000000000000000000e+00,6.019286153158927288e-02,-9.978918669777795403e-01,2.386185536475976879e-02,0.000000000000000000e+00,-9.428472955586666981e-02,-2.948255882396498204e-02,-9.951086214568580779e-01,0.000000000000000000e+00,5.940513574172353595e-01,2.394711786204710147e-01,1.008476422493963104e-01,1.000000000000000000e+00
9.929756900021668997e-01,5.803953030741530045e-02,-1.030118385799574654e-01,0.000000000000000000e+00,6.271747634465801857e-02,-9.971049678036205677e-01,4.276620445522272274e-02,0.000000000000000000e+00,-1.002334153748967033e-01,-4.892738593085167731e-02,-9.937602192421755021e-01,0.000000000000000000e+00,5.903107879870359564e-01,2.349661591914270209e-01,1.072161957090850964e-01,1.000000000000000000e+00
9.911965737973664758e-01,5.631473903122908437e-02,-1.197445162060238183e-01,0.000000000000000000e+00,6.632789383349188550e-02,-9.944667091219459021e-01,8.134692279975129503e-02,0.000000000000000000e+00,-1.145031087780075951e-01,-8.857489806739136939e-02,-9.894662831610397946e-01,0.000000000000000000e+00,5.818913545916789554e-01,2.251801719098978916e-01,1.199912703941401620e-01,1.000000000000000000e+00
9.884069049146709807e-01,5.199714038133504412e-02,-1.425792222253054187e-01,0.000000000000000000e+00,6.915729208588908272e-02,-9.905724759358894849e-01,1.181701560073330631e-01,0.000000000000000000e+00,-1.350931439475831775e-01,-1.266630297251308268e-01,-9.827035765474798623e-01,0.000000000000000000e+00,5.714968977493239954e-01,2.149096196579684259e-01,1.328735291092210946e-01,1.000000000000000000e+00
9.866517589373092756e-01,4.707242252279960487e-02,-1.558308073679821604e-01,0.000000000000000000e+00,6.846860594131494449e-02,-9.884784040331029420e-01,1.349193894954736073e-01,0.000000000000000000e+00,-1.476872486946332053e-01,-1.437907395209656602e-01,-9.785257788127114109e-01,0.000000000000000000e+00,5.657017867444900094e-01,2.096824203837437950e-01,1.394756154087732347e-01,1.000000000000000000e+00
9.845943591520356364e-01,4.114612228580986214e-02,-1.698872904252743954e-01,0.000000000000000000e+00,6.719626876093402756e-02,-9.863045622807227186e-01,1.505613456038713549e-01,0.000000000000000000e+00,-1.613687009297661568e-01,-1.596607175779640730e-01,-9.738935247873502510e-01,0.000000000000000000e+00,5.597073211560062989e-01,2.044127670362501370e-01,1.463816461687793835e-01,1.000000000000000000e+00
9.787385376314257091e-01,3.358600405131800803e-02,-2.022958284003200657e-01,0.000000000000000000e+00,7.040807187646144771e-02,-9.815559925668221330e-01,1.776830992863644432e-01,0.000000000000000000e+00,-1.926007255059165313e-01,-1.881521784961543153e-01,-9.630699446362896987e-01,0.000000000000000000e+00,5.469193503880612761e-01,1.939707389535781645e-01,1.607778746363539291e-01,1.000000000000000000e+00
9.699723798861615842e-01,3.467037736094106398e-02,-2.406912837907388136e-01,0.000000000000000000e+00,8.375680942114505090e-02,-9.768445107397328853e-01,1.968256731588889641e-01,0.000000000000000000e+00,-2.282983344415295268e-01,-2.110790645284973399e-01,-9.504343738570264488e-01,0.000000000000000000e+00,5.331123863672019292e-01,1.840296156536852523e-01,1.771311943901772157e-01,1.000000000000000000e+00
9.648729869548695603e-01,3.732593534417652514e-02,-2.600146928476905761e-01,0.000000000000000000e+00,9.227289942025616865e-02,-9.749245276505519309e-01,2.024564751227674320e-01,0.000000000000000000e+00,-2.459425594626903633e-01,-2.193413164810177896e-01,-9.441406909615300824e-01,0.000000000000000000e+00,5.264729291296157410e-01,1.796194295631381166e-01,1.859214770746913103e-01,1.000000000000000000e+00
9.596331165502469673e-01,3.951270719322536734e-02,-2.784309151145594741e-01,0.000000000000000000e+00,9.975099612872778687e-02,-9.735196797755945042e-01,2.056451282237407863e-01,0.000000000000000000e+00,-2.629374419452796263e-01,-2.251219707319767060e-01,-9.381812191240155308e-01,0.000000000000000000e+00,5.202950329361293313e-01,1.754315412634624149e-01,1.953147339092179691e-01,1.000000000000000000e+00
9.540476099453142345e-01,4.215088995595592941e-02,-2.966432324101844209e-01,0.000000000000000000e+00,1.071912291146130264e-01,-9.725363988412206728e-01,2.065520279035212570e-01,0.000000000000000000e+00,-2.797953761184969745e-01,-2.288624275522191109e-01,-9.323821838482404534e-01,0.000000000000000000e+00,5.143951246337268302e-01,1.713731223591158370e-01,2.051352471278697076e-01,1.000000000000000000e+00
9.400202933530733551e-01,4.370064286666260761e-02,-3.382792467749840548e-01,0.000000000000000000e+00,1.192428245779787038e-01,-9.712748447555058506e-01,2.058812075762180560e-01,0.000000000000000000e+00,-3.195711345047601015e-01,-2.338743888299545937e-01,-9.182467316798658130e-01,0.000000000000000000e+00,5.018427455810912097e-01,1.627051951706778576e-01,2.258408164909981308e-01,1.000000000000000000e+00
9.215022885174131151e-01,4.174842425907941690e-02,-3.860975889982512510e-01,0.000000000000000000e+00,1.280687559955122901e-01,-9.712475039478218886e-01,2.006425346582725588e-01,0.000000000000000000e+00,-3.666268686368145402e-01,-2.343441046276028283e-01,-9.003708012923625770e-01,0.000000000000000000e+00,4.881327248827137533e-01,1.536544642474559630e-01,2.477027153330935705e-01,1.000000000000000000e+00
9.104998369319957652e-01,4.075932436351825672e-02,-4.114723214572845733e-01,0.000000000000000000e+00,1.319979174426478552e-01,-9.717038734934738686e-01,1.958286979219115154e-01,0.000000000000000000e+00,-3.918549475991286446e-01,-2.326199656973392538e-01,-8.901335021226044475e-01,0.000000000000000000e+00,4.808482976542998166e-01,1.487664367244730113e-01,2.586852653648104572e-01,1.000000000000000000e+00
8.985943194309367055e-01,3.990882451596650116e-02,-4.369396774308937359e-01,0.000000000000000000e+00,1.352439351218350794e-01,-9.725494063665008904e-01,1.893078896669015410e-01,0.000000000000000000e+00,-4.173984047679043519e-01,-2.292088486453625618e-01,-8.793417284536630962e-01,0.000000000000000000e+00,4.735481556813909143e-01,1.437261877875138927e-01,2.695577992482373619e-01,1.000000000000000000e+00
8.611324225213941030e-01,5.165809780211625540e-02,-5.057303023500870909e-01,0.000000000000000000e+00,1.514709369743687806e-01,-9.757013314932814207e-01,1.582536377956370310e-01,0.000000000000000000e+00,-4.852759905472793789e-01,-2.128848799347033416e-01,-8.480490792952630752e-01,0.000000000000000000e+00,4.542759810223121475e-01,1.271448759565593500e-01,3.013942306952534511e-01,1.000000000000000000e+00
8.486552785590990577e-01,6.133417168437815120e-02,-5.253599570378174599e-01,0.000000000000000000e+00,1.596643928273251134e-01,-9.766168176846643512e-01,1.439014245230703648e-01,0.000000000000000000e+00,-5.042590032523068810e-01,-2.060079483612919093e-01,-8.386200467738421649e-01,0.000000000000000000e+00,4.489568418198043309e-01,1.207579838207429174e-01,3.116570956864673225e-01,1.000000000000000000e+00
8.357201904188651387e-01,7.431404148156441070e-02,-5.440863290564654786e-01,0.000000000000000000e+00,1.696141473247667619e-01,-9.772772603595557550e-01,1.270470161500126538e-01,0.000000000000000000e+00,-5.222918755681879022e-01,-1.984643163561015389e-01,-8.293510184769593563e-01,0.000000000000000000e+00,4.440922359001273079e-01,1.138792282439506365e-01,3.215797598364648069e-01,1.000000000000000000e+00
8.094180619624132822e-01,1.022347859810031206e-01,-5.782483864271806828e-01,0.000000000000000000e+00,1.883693968250931272e-01,-9.778833889678526514e-01,9.078433136674234072e-02,0.000000000000000000e+00,-5.561888834564164830e-01,-1.824102892811136356e-01,-8.107899927132087292e-01,0.000000000000000000e+00,4.354057603996800418e-01,9.904295614744319798e-02,3.398179417764946031e-01,1.000000000000000000e+00
7.925246348438336197e-01,1.217628962010809945e-01,-5.975443474551332956e-01,0.000000000000000000e+00,2.001718113501723406e-01,-9.775051370056146993e-01,6.630007518573435843e-02,0.000000000000000000e+00,-5.760408706248861810e-01,-1.721592918686978002e-01,-7.990857861287430364e-01,0.000000000000000000e+00,4.307750974991715331e-01,8.974157956795489333e-02,3.494571589286371571e-01,1.000000000000000000e+00
7.575788931383740099e-01,1.678048088728525400e-01,-6.307903880779968109e-01,0.000000000000000000e+00,2.269985946978889946e-01,-9.737905938299334929e-01,1.357439776701357959e-02,0.000000000000000000e+00,-6.119916801021055841e-01,-1.534751637504852551e-01,-7.758295931437287907e-01,0.000000000000000000e+00,4.230434378592782263e-01,7.110620593966739122e-02,3.667717954011554538e-01,1.000000000000000000e+00
7.168152060224274313e-01,2.213521826125346981e-01,-6.611807003905213476e-01,0.000000000000000000e+00,2.551851856038169220e-01,-9.657556616067414224e-01,-4.666122613132997476e-02,0.000000000000000000e+00,-6.488800619467399722e-01,-1.352786478574000695e-01,-7.487685574607605421e-01,0.000000000000000000e+00,4.161465115547134941e-01,5.050390297215543584e-02,3.834454999962255140e-01,1.000000000000000000e+00
6.947011216513887533e-01,2.511643496014720478e-01,-6.740085815230987265e-01,0.000000000000000000e+00,2.673578441972497832e-01,-9.600749252643330234e-01,-8.219895331506635316e-02,0.000000000000000000e+00,-6.677570415728990572e-01,-1.231001463191936512e-01,-7.341300207769753117e-01,0.000000000000000000e+00,4.129646026232800526e-01,4.004462048521438555e-02,3.914970358348368040e-01,1.000000000000000000e+00
6.722930588744669977e-01,2.813609853651961590e-01,-6.847180337954787976e-01,0.000000000000000000e+00,2.773627597064497463e-01,-9.533071980391151223e-01,-1.193986289537778550e-01,0.000000000000000000e+00,-6.863539605787174480e-01,-1.096465250249137324e-01,-7.189547136975104058e-01,0.000000000000000000e+00,4.098876850915860182e-01,3.000120581789774907e-02,3.993867682405772834e-01,1.000000000000000000e+00
6.282844149623828534e-01,3.423499928331216191e-01,-6.985956793623518957e-01,0.000000000000000000e+00,2.909880305078287877e-01,-9.361964159463777024e-01,-1.970862343532396865e-01,0.000000000000000000e+00,-7.215091334196221950e-01,-7.945830122968855491e-02,-6.878306105123250802e-01,0.000000000000000000e+00,4.039829948628825829e-01,1.070073802202125071e-02,4.136820186700015944e-01,1.000000000000000000e+00
5.846655599986170238e-01,4.045603221568021546e-01,-7.031912084128303375e-01,0.000000000000000000e+00,2.994834128771339810e-01,-9.131865611950807926e-01,-2.763706510564670760e-01,0.000000000000000000e+00,-7.539678773172431292e-01,-4.901064514035140957e-02,-6.550804505071552430e-01,0.000000000000000000e+00,3.982483526463345136e-01,-6.792092160663347651e-03,4.258393278309803853e-01,1.000000000000000000e+00
5.629599747448683633e-01,4.345172364918357677e-01,-7.030302873475391401e-01,0.000000000000000000e+00,3.015328939430840793e-01,-8.999812975599811304e-01,-3.147893340216113001e-01,0.000000000000000000e+00,-7.695103171853386881e-01,-3.477363104293511309e-02,-6.376869657829059568e-01,0.000000000000000000e+00,3.953648621321214085e-01,-1.486720353292542672e-02,4.311431531879230117e-01,1.000000000000000000e+00
5.414040974516131088e-01,4.646446868792931117e-01,-7.006908484621843236e-01,0.000000000000000000e+00,3.033023494209082793e-01,-8.852230920923561674e-01,-3.526591966238983300e-01,0.000000000000000000e+00,-7.841440386695691656e-01,-2.159046218343892501e-02,-6.202031752270237286e-01,0.000000000000000000e+00,3.927910763660406035e-01,-2.236537168044393925e-02,4.357989164004718585e-01,1.000000000000000000e+00
5.018236451275618348e-01,5.222805815913349470e-01,-6.894757212438389349e-01,0.000000000000000000e+00,3.053453455300916275e-01,-8.527598104893771014e-01,-4.237283003039080120e-01,0.000000000000000000e+00,-8.092778296103589897e-01,2.108718463768938060e-03,-5.874222908671300480e-01,0.000000000000000000e+00,3.890041389916237824e-01,-3.567451673906759518e-02,4.436558586048835462e-01,1.000000000000000000e+00
4.830923536878659053e-01,5.512874791204319669e-01,-6.802092619735233825e-01,0.000000000000000000e+00,3.059887575601414889e-01,-8.341947103818648790e-01,-4.587709802493240563e-01,0.000000000000000000e+00,-8.203574599095450059e-01,1.349262547500741302e-02,-5.716918637067963660e-01,0.000000000000000000e+00,3.877586398887531427e-01,-4.124041608835481848e-02,4.466819579442886101e-01,1.000000000000000000e+00
4.471590979457999437e-01,6.093638584725192819e-01,-6.547558140352709444e-01,0.000000000000000000e+00,3.077360726839890037e-01,-7.921411693026374490e-01,-5.270594125581035128e-01,0.000000000000000000e+00,-8.398461630594123983e-01,3.418808693171743879e-02,-5.417468016576860723e-01,0.000000000000000000e+00,3.864226225593285768e-01,-5.123563052255321326e-02,4.514744322047594127e-01,1.000000000000000000e+00
4.295535374710590659e-01,6.365950340578692135e-01,-6.404773750572053670e-01,0.000000000000000000e+00,3.081239163671822823e-01,-7.700060677052358304e-01,-5.586869022635826409e-01,0.000000000000000000e+00,-8.488451154950085176e-01,4.264035901791572020e-02,-5.269191301168417718e-01,0.000000000000000000e+00,3.862079406528069470e-01,-5.574043841186602372e-02,4.532611263449485839e-01,1.000000000000000000e+00
4.110784431406083184e-01,6.623484817056322083e-01,-6.263303834786764224e-01,0.000000000000000000e+00,3.076043085763408569e-01,-7.475576728142245830e-01,-5.886576781653836132e-01,0.000000000000000000e+00,-8.581311249466894164e-01,4.932350696303077625e-02,-5.110559304602551034e-01,0.000000000000000000e+00,3.860398873316061574e-01,-6.022466187603148224e-02,4.548884057978382911e-01,1.000000000000000000e+00
3.754819249113270918e-01,7.105779862676626646e-01,-5.950403317405351666e-01,0.000000000000000000e+00,3.066438460168282032e-01,-7.011058221295106696e-01,-6.437397958626753791e-01,0.000000000000000000e+00,-8.746304081552752629e-01,5.924834254668735756e-02,-4.811561940114738034e-01,0.000000000000000000e+00,3.866645807105419386e-01,-6.904136480442950308e-02,4.570255498203761868e-01,1.000000000000000000e+00
3.492468341410631116e-01,7.524671284040989061e-01,-5.583910962890996643e-01,0.000000000000000000e+00,3.144120479613704000e-01,-6.554744146010750283e-01,-6.866433592494165516e-01,0.000000000000000000e+00,-8.827046285301196615e-01,6.424436815735973250e-02,-4.655160576516832460e-01,0.000000000000000000e+00,3.901919178238190677e-01,-7.749162732153402899e-02,4.560291976584760487e-01,1.000000000000000000e+00
3.388570153908821436e-01,7.722358779666673723e-01,-5.374089865294793267e-01,0.000000000000000000e+00,3.235875072229788540e-01,-6.320169297294651045e-01,-7.041494675179177376e-01,0.000000000000000000e+00,-8.834380688642616830e-01,6.470839847908738118e-02,-4.640581877821523538e-01,0.000000000000000000e+00,3.928670255869886052e-01,-8.182713248712511489e-02,4.544468143469631571e-01,1.000000000000000000e+00
3.277886121754827742e-01,7.906585938317156614e-01,-5.171018861204562667e-01,0.000000000000000000e+00,3.341750042250297148e-01,-6.089930002645806972e-01,-7.193297846475941171e-01,0.000000000000000000e+00,-8.836727185398574047e-01,6.298679951812317934e-02,-4.638482398315658117e-01,0.000000000000000000e+00,3.956073150547756989e-01,-8.659008766370773769e-02,4.525937931931340308e-01,1.000000000000000000e+00
3.151703597578028315e-01,8.073990466209756134e-01,-4.987536172769928000e-01,0.000000000000000000e+00,3.446230415450333151e-01,-5.870327623940936324e-01,-7.325354885692694218e-01,0.000000000000000000e+00,-8.842501933473473352e-01,5.899262069090393384e-02,-4.632725615328387447e-01,0.000000000000000000e+00,3.979921682045181042e-01,-9.172273913046219418e-02,4.508386508865614428e-01,1.000000000000000000e+00
2.864022540597619959e-01,8.366752139336270933e-01,-4.668287503569323316e-01,0.000000000000000000e+00,3.644989834447308064e-01,-5.457521939399392341e-01,-7.545036651857358612e-01,0.000000000000000000e+00,-8.860643896697474320e-01,4.593382982623439581e-02,-4.612808045395691559e-01,0.000000000000000000e+00,4.017369834778445892e-01,-1.027810522903159496e-01,4.476710391295336544e-01,1.000000000000000000e+00
2.548346444649630671e-01,8.658778368753214938e-01,-4.304597803392767319e-01,0.000000000000000000e+00,3.855143543930973360e-01,-4.992246877425699503e-01,-7.759730282725137984e-01,0.000000000000000000e+00,-8.868110704809569755e-01,3.179699865529236891e-02,-4.610369574653799263e-01,0.000000000000000000e+00,4.045847446052856511e-01,-1.133722217947477767e-01,4.446073114534700998e-01,1.000000000000000000e+00
2.378954748228134242e-01,8.800813515328654857e-01,-4.109054692312106294e-01,0.000000000000000000e+00,3.960468144557566794e-01,-4.741793054940012797e-01,-7.863088794499796252e-01,0.000000000000000000e+00,-8.868757264783506677e-01,2.432199037636184613e-02,-4.613674095204706171e-01,0.000000000000000000e+00,4.056941219222017225e-01,-1.186686928106906042e-01,4.430322257963347776e-01,1.000000000000000000e+00
2.210308058175695645e-01,8.920210502296518351e-01,-3.942392366673220794e-01,0.000000000000000000e+00,4.060758599439821537e-01,-4.517069685708487992e-01,-7.943827524666543516e-01,0.000000000000000000e+00,-8.867038194225425052e-01,1.549232112713073463e-02,-4.620782667552857381e-01,0.000000000000000000e+00,4.065680071551520114e-01,-1.241856868930563823e-01,4.414688600147410602e-01,1.000000000000000000e+00
1.703765589755012744e-01,9.145244378790431394e-01,-3.668754932874310204e-01,0.000000000000000000e+00,4.209693733644740976e-01,-4.041866487291916332e-01,-8.120336733038818755e-01,0.000000000000000000e+00,-8.909279678739848718e-01,-1.609215330605766325e-02,-4.538594481355505694e-01,0.000000000000000000e+00,4.065012030331776605e-01,-1.412061265684798894e-01,4.387503985722474575e-01,1.000000000000000000e+00
1.535046017654930761e-01,9.194249890677470560e-01,-3.620425024990835405e-01,0.000000000000000000e+00,4.225408109721305872e-01,-3.922741318289997836e-01,-8.170440719214767666e-01,0.000000000000000000e+00,-8.932478430362652544e-01,-2.755823830866381899e-02,-4.487191041312847406e-01,0.000000000000000000e+00,4.060467801580540104e-01,-1.469090949243334054e-01,4.385222579098091988e-01,1.000000000000000000e+00
1.369749718857398713e-01,9.235266307070496561e-01,-3.582138556128080520e-01,0.000000000000000000e+00,4.234933514907369134e-01,-3.815048840874616376e-01,-8.216374818384102330e-01,0.000000000000000000e+00,-8.954816715260267568e-01,-3.915816920490094305e-02,-4.433725450966415349e-01,0.000000000000000000e+00,4.056455342155870225e-01,-1.525374858972429470e-01,4.383461136295324634e-01,1.000000000000000000e+00
1.202676258659026304e-01,9.279383918545883736e-01,-3.527701602915242485e-01,0.000000000000000000e+00,4.238381930647984741e-01,-3.693311205918060058e-01,-8.270045080670210824e-01,0.000000000000000000e+00,-8.977155156895367805e-01,-5.005656228345840841e-02,-4.377227358301498117e-01,0.000000000000000000e+00,4.052759137917613108e-01,-1.577713418596621564e-01,4.381983867080861961e-01,1.000000000000000000e+00
8.386656371088507811e-02,9.392167754510970523e-01,-3.328948709484418900e-01,0.000000000000000000e+00,4.235632987120578896e-01,-3.359900052450864316e-01,-8.412405097597090986e-01,0.000000000000000000e+00,-9.019739141842578745e-01,-7.045145526413502945e-02,-4.260042846994555599e-01,0.000000000000000000e+00,4.045937546652954020e-01,-1.670790061355114930e-01,4.381197029828874934e-01,1.000000000000000000e+00
5.027481509497406381e-02,9.495740360541173875e-01,-3.094549077333696996e-01,0.000000000000000000e+00,4.264855874607297870e-01,-3.005873332062628522e-01,-8.530756389121844085e-01,0.000000000000000000e+00,-9.030940903241906348e-01,-8.909155339741421653e-02,-4.200997014218865178e-01,0.000000000000000000e+00,4.048292177688544990e-01,-1.753400184338388401e-01,4.374954477309007106e-01,1.000000000000000000e+00
3.166560435288078013e-02,9.513042093946073585e-01,-3.065914832318016869e-01,0.000000000000000000e+00,4.351532416392979163e-01,-2.892689087947803439e-01,-8.526112253522681872e-01,0.000000000000000000e+00,-8.997973553423181947e-01,-1.064178769323868984e-01,-4.231311319061423215e-01,0.000000000000000000e+00,4.064282223940801630e-01,-1.824458111223694612e-01,4.353564782860669946e-01,1.000000000000000000e+00
2.123561234051219576e-02,9.532936145108161785e-01,-3.012657966026595080e-01,0.000000000000000000e+00,4.343606159325515970e-01,-2.802054660376211981e-01,-8.560353374893714395e-01,0.000000000000000000e+00,-9.004866811215049838e-01,-1.126817318675538276e-01,-4.200316231262898325e-01,0.000000000000000000e+00,4.064861739867132728e-01,-1.846917077201045976e-01,4.348772642741001726e-01,1.000000000000000000e+00
9.285217425181794410e-03,9.564663307698857420e-01,-2.916619442816753560e-01,0.000000000000000000e+00,4.316180437845885676e-01,-2.669373108565186170e-01,-8.616444065004215114e-01,0.000000000000000000e+00,-9.020066854234133347e-01,-1.178882718942633329e-01,-4.153146936977448189e-01,0.000000000000000000e+00,4.061759854836907158e-01,-1.863008088091397951e-01,4.345782315126898721e-01,1.000000000000000000e+00
-3.414963451697717450e-03,9.608876663782052185e-01,-2.768826060410418677e-01,0.000000000000000000e+00,4.281575431473295668e-01,-2.488155418839107513e-01,-8.687650380075538914e-01,0.000000000000000000e+00,-9.036957046050608788e-01,-1.215185168036801433e-01,-4.105695112306759209e-01,0.000000000000000000e+00,4.056301138392879868e-01,-1.872954318889863967e-01,4.340198506288366342e-01,1.000000000000000000e+00
-2.562036346832778297e-02,9.699890909590285215e-01,-2.417550564051074435e-01,0.000000000000000000e+00,4.186924423619330926e-01,-2.091887096595866358e-01,-8.836953487266779872e-01,0.000000000000000000e+00,-9.077647535836573800e-01,-1.238639958149976711e-01,-4.007753269500807791e-01,0.000000000000000000e+00,4.040198318386568621e-01,-1.880422159686119810e-01,4.317869780187530426e-01,1.000000000000000000e+00
-4.145398564041381101e-02,9.771525671493788145e-01,-2.084110709370099734e-01,0.000000000000000000e+00,4.066203298464899363e-01,-1.740351443399037190e-01,-8.968569689707096559e-01,0.000000000000000000e+00,-9.126545118355753328e-01,-1.219248217519225685e-01,-3.901231598699689829e-01,0.000000000000000000e+00,4.020432829480470871e-01,-1.884006700342862328e-01,4.283328260139212529e-01,1.000000000000000000e+00
-4.626491519778472977e-02,9.792434853317359966e-01,-1.972878631804408645e-01,0.000000000000000000e+00,4.002508323010700031e-01,-1.627796894538956207e-01,-9.018219285672769425e-01,0.000000000000000000e+00,-9.152353266965053136e-01,-1.206896701396811961e-01,-3.844194327662382449e-01,0.000000000000000000e+00,4.011188536436876007e-01,-1.887084909558724433e-01,4.262944043668444039e-01,1.000000000000000000e+00
-4.967004917364052641e-02,9.807636124164129665e-01,-1.887229972107389020e-01,0.000000000000000000e+00,3.936104821445937096e-01,-1.544411250924893342e-01,-9.062005705842802739e-01,0.000000000000000000e+00,-9.179328102511863374e-01,-1.192966736566374863e-01,-3.783750249670572718e-01,0.000000000000000000e+00,4.002059391384780729e-01,-1.890401420097125862e-01,4.241106112803250117e-01,1.000000000000000000e+00
-5.275474833293841009e-02,9.821907698812072374e-01,-1.802747208837048865e-01,0.000000000000000000e+00,3.869366032481988960e-01,-1.463175249776880738e-01,-9.104130896754274449e-01,0.000000000000000000e+00,-9.205944087290823807e-01,-1.177857693161508262e-01,-3.723337846118101035e-01,0.000000000000000000e+00,3.994266052437935310e-01,-1.894300200536544743e-01,4.217480552462936072e-01,1.000000000000000000e+00
-5.771234060482688388e-02,9.848382074409809395e-01,-1.635351271365150516e-01,0.000000000000000000e+00,3.728929749305579522e-01,-1.306866543788378909e-01,-9.186144863412033512e-01,0.000000000000000000e+00,-9.260763325355961806e-01,-1.139986870118168821e-01,-3.597039417034539333e-01,0.000000000000000000e+00,3.979870267388274652e-01,-1.905344914187054595e-01,4.165916329181073574e-01,1.000000000000000000e+00
-5.974835759011247471e-02,9.869209362658363238e-01,-1.496594341385043825e-01,0.000000000000000000e+00,3.600098756602652661e-01,-1.185317860622244618e-01,-9.253776807451039588e-01,0.000000000000000000e+00,-9.310319323597370245e-01,-1.091707727263284966e-01,-3.482259084399529359e-01,0.000000000000000000e+00,3.969284360493486874e-01,-1.921760519891403951e-01,4.114660740739796707e-01,1.000000000000000000e+00
-5.936813304498070321e-02,9.876559750207843935e-01,-1.448856331238734529e-01,0.000000000000000000e+00,3.545011868052866388e-01,-1.148206055309964058e-01,-9.279686869718972719e-01,0.000000000000000000e+00,-9.331676408167888237e-01,-1.064559469700361721e-01,-3.433151401950419457e-01,0.000000000000000000e+00,3.966576451314604013e-01,-1.931444710529738040e-01,4.089655400291014598e-01,1.000000000000000000e+00
-5.847852502315247641e-02,9.882679887344517633e-01,-1.410226629130463538e-01,0.000000000000000000e+00,3.497253585854275815e-01,-1.120308320126550683e-01,-9.301193542454939678e-01,0.000000000000000000e+00,-9.350240718727983458e-01,-1.037132060883033668e-01,-3.390775072181833050e-01,0.000000000000000000e+00,3.965906620400099780e-01,-1.941498419272539022e-01,4.065088487245165916e-01,1.000000000000000000e+00
-5.987386456408876761e-02,9.901457836322279382e-01,-1.265195415684496061e-01,0.000000000000000000e+00,3.409023221560869565e-01,-9.884318505404492139e-02,-9.348777344755664354e-01,0.000000000000000000e+00,-9.381889045064986110e-01,-9.910745650243131533e-02,-3.316312583676555570e-01,0.000000000000000000e+00,3.974801714232442107e-01,-1.965337752865554954e-01,3.991398086369173925e-01,1.000000000000000000e+00
-6.052683274405172564e-02,9.904901468667453024e-01,-1.234767928765370670e-01,0.000000000000000000e+00,3.392445043860486398e-01,-9.592648020537571096e-02,-9.357841757266898153e-01,0.000000000000000000e+00,-9.387477735824246716e-01,-9.853077271402040094e-02,-3.302185706807213572e-01,0.000000000000000000e+00,3.978755341579905958e-01,-1.970128378258232671e-01,3.971061536743910603e-01,1.000000000000000000e+00
-6.067902989926227814e-02,9.907171685490032687e-01,-1.215660074771664906e-01,0.000000000000000000e+00,3.368802642554127313e-01,-9.431715859958916814e-02,-9.368013172760335516e-01,0.000000000000000000e+00,-9.395889989520516128e-01,-9.779926680298955954e-02,-3.280363035718444897e-01,0.000000000000000000e+00,3.980585516249728895e-01,-1.972883081237036818e-01,3.955506617247271928e-01,1.000000000000000000e+00
-6.097383989286991879e-02,9.910726589664016206e-01,-1.184817386739138029e-01,0.000000000000000000e+00,3.323831070643920027e-01,-9.176653250799771122e-02,-9.386592142790097792e-01,0.000000000000000000e+00,-9.411702621264718127e-01,-9.661684524990875322e-02,-3.238266865203415779e-01,0.000000000000000000e+00,3.982874006620549800e-01,-1.975796574054690391e-01,3.931161164023896371e-01,1.000000000000000000e+00
-6.149042616319806004e-02,9.912577677467574455e-01,-1.166520993089799341e-01,0.000000000000000000e+00,3.305105379205876548e-01,-9.005703748006570197e-02,-9.394856365187103098e-01,0.000000000000000000e+00,-9.417959098549694152e-01,-9.632597482942521772e-02,-3.220896936469889171e-01,0.000000000000000000e+00,3.984199059672723919e-01,-1.976114557130553284e-01,3.921081402149596551e-01,1.000000000000000000e+00
-6.238787551123100433e-02,9.915124194876439034e-01,-1.139807961551500132e-01,0.000000000000000000e+00,3.275280104002317727e-01,-8.753862180200465415e-02,-9.407673139504154625e-01,0.000000000000000000e+00,-9.427783488418743918e-01,-9.602622625872508921e-02,-3.192928887800309812e-01,0.000000000000000000e+00,3.986743508839130645e-01,-1.975902788540233601e-01,3.904607336076944546e-01,1.000000000000000000e+00
-6.309905850898823998e-02,9.916383733971075864e-01,-1.124837415932902207e-01,0.000000000000000000e+00,3.255184341864375552e-01,-8.609441612868176663e-02,-9.415977099682641960e-01,0.000000000000000000e+00,-9.434268074533415094e-01,-9.603130932838215006e-02,-3.173702043467093170e-01,0.000000000000000000e+00,3.988935344733972044e-01,-1.974921916935994115e-01,3.893087582488238274e-01,1.000000000000000000e+00
-6.322729057614143167e-02,9.916880244233217123e-01,-1.119728486865365080e-01,0.000000000000000000e+00,3.247713546935820927e-01,-8.564431563706838280e-02,-9.418966850301374594e-01,0.000000000000000000e+00,-9.436756694649955923e-01,-9.592099593034161820e-02,-3.166629018365172410e-01,0.000000000000000000e+00,3.989477474860236295e-01,-1.975030763847523962e-01,3.888966049497246669e-01,1.000000000000000000e+00
-6.334515901826225093e-02,9.917370358722453760e-01,-1.114710249773099432e-01,0.000000000000000000e+00,3.240176589967396215e-01,-8.520665302430951993e-02,-9.421959084181356081e-01,0.000000000000000000e+00,-9.439268238894578111e-01,-9.580397472760801558e-02,-3.159489667151210157e-01,0.000000000000000000e+00,3.989969225671238240e-01,-1.975160642509179443e-01,3.884867131182096478e-01,1.000000000000000000e+00
-6.345662336014117055e-02,9.917846732404864696e-01,-1.109827273867390468e-01,0.000000000000000000e+00,3.232505733041201035e-01,-8.478507661663969852e-02,-9.424973764116677533e-01,0.000000000000000000e+00,-9.441823099743611447e-01,-9.568477351589189939e-02,-3.152208585241340622e-01,0.000000000000000000e+00,3.990465832889993347e-01,-1.975290773676291745e-01,3.880738713481719504e-01,1.000000000000000000e+00
-6.386734381461027510e-02,9.918118800428669113e-01,-1.105029587889303500e-01,0.000000000000000000e+00,3.223663135084922637e-01,-8.428861460242102754e-02,-9.428447042140911671e-01,0.000000000000000000e+00,-9.444569037028976988e-01,-9.584126358571037896e-02,-3.143495017368879707e-01,0.000000000000000000e+00,3.991626507525518619e-01,-1.974095629316419964e-01,3.876098159254636744e-01,1.000000000000000000e+00
-6.374089539342386868e-02,9.918027785962378884e-01,-1.106575506887568922e-01,0.000000000000000000e+00,3.225960865048950743e-01,-8.445227863206020147e-02,-9.427514648658932295e-01,0.000000000000000000e+00,-9.443869870591339311e-01,-9.579135957893340769e-02,-3.145746876393433755e-01,0.000000000000000000e+00,3.991508167336559332e-01,-1.974358535063696352e-01,3.877373739305439715e-01,1.000000000000000000e+00
-6.378789173786170164e-02,9.917997250092337458e-01,-1.106578385856860497e-01,0.000000000000000000e+00,3.226093376388650680e-01,-8.443632736090621316e-02,-9.427483592089794806e-01,0.000000000000000000e+00,-9.443792871279551582e-01,-9.583702744370316273e-02,-3.145838937619820919e-01,0.000000000000000000e+00,3.991580777997874585e-01,-1.974169186098764794e-01,3.877439564431049424e-01,1.000000000000000000e+00
-6.379464475836769954e-02,9.918032485493013528e-01,-1.106223592607507161e-01,0.000000000000000000e+00,3.225590202401908968e-01,-8.440557033134223064e-02,-9.427683305350987863e-01,0.000000000000000000e+00,-9.443960187287618879e-01,-9.582765553505116773e-02,-3.145365165508125505e-01,0.000000000000000000e+00,3.991591966256154977e-01,-1.974167890725478103e-01,3.877182138168283609e-01,1.000000000000000000e+00
-6.379972439870069956e-02,9.918020713059484406e-01,-1.106299842768169867e-01,0.000000000000000000e+00,3.225666132749606674e-01,-8.441043968388740881e-02,-9.427652966533627277e-01,0.000000000000000000e+00,-9.443930820845073404e-01,-9.583555058530197901e-02,-3.145429283181186975e-01,0.000000000000000000e+00,3.991599285883815629e-01,-1.974116992580135510e-01,3.877247518514944091e-01,1.000000000000000000e+00
-6.375357455675645380e-02,9.917965861312164622e-01,-1.107057377506199675e-01,0.000000000000000000e+00,3.226745964778913178e-01,-8.448610193064884366e-02,-9.427215656118206333e-01,0.000000000000000000e+00,-9.443593085330477255e-01,-9.582564381655123142e-02,-3.146473301557272118e-01,0.000000000000000000e+00,3.991544806460316508e-01,-1.974158492158094025e-01,3.877949410386873352e-01,1.000000000000000000e+00
