9.996759644427768432e-01,1.954326870979795905e-02,1.570903131159549077e-02,0.000000000000000000e+00,2.253257681656811381e-02,-9.750272678894401635e-01,-2.208955788495276240e-01,0.000000000000000000e+00,1.099992400929566613e-02,2.211822242255034043e-01,-9.751704596420303073e-01,0.000000000000000000e+00,6.230441533576754898e-01,2.949908839360816937e-01,2.857453605253217413e-02,1.000000000000000000e+00
9.996762321493410930e-01,1.951947089513234035e-02,1.572157857466311565e-02,0.000000000000000000e+00,2.251205717337767878e-02,-9.750294327781083847e-01,-2.208881151158457179e-01,0.000000000000000000e+00,1.101759482878757537e-02,2.211747820212355276e-01,-9.751719481209698559e-01,0.000000000000000000e+00,6.230547860678131711e-01,2.949775411687063364e-01,2.857872789512965611e-02,1.000000000000000000e+00
9.996761523469521737e-01,1.952310391748452237e-02,1.572214182064399224e-02,0.000000000000000000e+00,2.251578467118562146e-02,-9.750281546146459810e-01,-2.208933771089734988e-01,0.000000000000000000e+00,1.101721868558946590e-02,2.211800960692668905e-01,-9.751707470977704073e-01,0.000000000000000000e+00,6.230535974844614300e-01,2.949826798936527883e-01,2.858105178421710413e-02,1.000000000000000000e+00
9.996756307558039012e-01,1.952349194081686237e-02,1.575479091041974422e-02,0.000000000000000000e+00,2.252351913522173538e-02,-9.750253089092791869e-01,-2.209051492684993567e-01,0.000000000000000000e+00,1.104869269437658112e-02,2.211926064098374278e-01,-9.751675534283160696e-01,0.000000000000000000e+00,6.230632888183158524e-01,2.949904350941738862e-01,2.860137637548462730e-02,1.000000000000000000e+00
9.996754194032563268e-01,1.952753387518170805e-02,1.576319012400367522e-02,0.000000000000000000e+00,2.252931268640491827e-02,-9.750253128020226479e-01,-2.209045412987350188e-01,0.000000000000000000e+00,1.105600133030775964e-02,2.211922324460389444e-01,-9.751675554181045147e-01,0.000000000000000000e+00,6.230674810614089676e-01,2.949901106227896252e-01,2.860312993278395916e-02,1.000000000000000000e+00
9.996757463493004536e-01,1.952116657616538922e-02,1.575033706569039030e-02,0.000000000000000000e+00,2.252029880400521419e-02,-9.750247226307552362e-01,-2.209080652710652959e-01,0.000000000000000000e+00,1.104479753521895626e-02,2.211953960182271861e-01,-9.751669647951297648e-01,0.000000000000000000e+00,6.230630331763160612e-01,2.949907936716239520e-01,2.859736769181614457e-02,1.000000000000000000e+00
9.996768774232570598e-01,1.949823538203466350e-02,1.570689222862143783e-02,0.000000000000000000e+00,2.248785827592018546e-02,-9.750347697254403423e-01,-2.208670209828255404e-01,0.000000000000000000e+00,1.100846083096821033e-02,2.211531261112655022e-01,-9.751769627105366656e-01,0.000000000000000000e+00,6.230567630090093623e-01,2.949581046678152463e-01,2.856842064969321651e-02,1.000000000000000000e+00
9.996776038936260322e-01,1.947410620130467576e-02,1.569058196394980398e-02,0.000000000000000000e+00,2.246037456122139397e-02,-9.750422641813781821e-01,-2.208367304952451593e-01,0.000000000000000000e+00,1.099859437866398601e-02,2.211222072288837881e-01,-9.751840853869181425e-01,0.000000000000000000e+00,6.230620024965952686e-01,2.949274705993918944e-01,2.855487333966863495e-02,1.000000000000000000e+00
9.996778430410874217e-01,1.946316628576388180e-02,1.568891940383872197e-02,0.000000000000000000e+00,2.244929125787741703e-02,-9.750434288251408343e-01,-2.208327152578160313e-01,0.000000000000000000e+00,1.099948568586523595e-02,2.211180347904267707e-01,-9.751850214216101209e-01,0.000000000000000000e+00,6.230638802418888567e-01,2.949218302594977525e-01,2.855554335354841891e-02,1.000000000000000000e+00
9.996773484197100101e-01,1.946316538367212287e-02,1.572040556071863104e-02,0.000000000000000000e+00,2.245619278981407854e-02,-9.750444911592358599e-01,-2.208273229621314782e-01,0.000000000000000000e+00,1.103030850034147567e-02,2.211133502525887973e-01,-9.751857354547713852e-01,0.000000000000000000e+00,6.230757293722556378e-01,2.949186304939563352e-01,2.857575547385809989e-02,1.000000000000000000e+00
9.996325805964185740e-01,2.139342600044372503e-02,1.605528060535013624e-02,0.000000000000000000e+00,2.441247108326763740e-02,-9.750071582195878328e-01,-2.207845546621879651e-01,0.000000000000000000e+00,1.093088593866092979e-02,2.210996400595187650e-01,-9.751899634933427485e-01,0.000000000000000000e+00,6.230427908148827854e-01,2.949677250621307034e-01,2.862582209787020368e-02,1.000000000000000000e+00
9.995853333682228614e-01,2.303295824652793963e-02,1.671499478794481394e-02,0.000000000000000000e+00,2.615933908163823457e-02,-9.749259267758753067e-01,-2.209431446780391328e-01,0.000000000000000000e+00,1.120712333031771875e-02,2.212930407216017747e-01,-9.751429590141369452e-01,0.000000000000000000e+00,6.231299146608589856e-01,2.953463042726084398e-01,2.953037811169242563e-02,1.000000000000000000e+00
9.995324225500282767e-01,2.294946784160861036e-02,1.972321216908621416e-02,0.000000000000000000e+00,2.674232650793289395e-02,-9.749343575672791973e-01,-2.208361231977861994e-01,0.000000000000000000e+00,1.416103832150789575e-02,2.212645698146724904e-01,-9.751109963170269124e-01,0.000000000000000000e+00,6.242106437997608781e-01,2.950387585724692507e-01,3.164406121078413431e-02,1.000000000000000000e+00
9.994760077326848569e-01,2.220272079930725104e-02,2.314078773616197460e-02,0.000000000000000000e+00,2.676776326024484648e-02,-9.749682183514475353e-01,-2.206834995097186614e-01,0.000000000000000000e+00,1.766209851587404595e-02,2.211915488129698182e-01,-9.750704328456151204e-01,0.000000000000000000e+00,6.255332313019118518e-01,2.945113483988256453e-01,3.362018339941898887e-02,1.000000000000000000e+00
9.993774679806006755e-01,2.129857985397899320e-02,2.778117870241337065e-02,0.000000000000000000e+00,2.691339620892590351e-02,-9.749598617383229415e-01,-2.207027050239745436e-01,0.000000000000000000e+00,2.238531094629345880e-02,2.213172574359197342e-01,-9.749449058356478570e-01,0.000000000000000000e+00,6.272135657750850246e-01,2.940409591437289638e-01,3.651341666060459873e-02,1.000000000000000000e+00
9.992440934390063312e-01,2.020886178717920881e-02,3.291793635289701203e-02,0.000000000000000000e+00,2.696812129443415182e-02,-9.751188892921879292e-01,-2.199923159581411714e-01,0.000000000000000000e+00,2.765363964504438318e-02,2.207180067290561709e-01,-9.749455562850338763e-01,0.000000000000000000e+00,6.290423060987426762e-01,2.931155642103210335e-01,3.974444771172838675e-02,1.000000000000000000e+00
9.989127664581080035e-01,1.784145474049504687e-02,4.284523778625241169e-02,0.000000000000000000e+00,2.669121763133600403e-02,-9.760525348280241209e-01,-2.158466470861975239e-01,0.000000000000000000e+00,3.796891578099158282e-02,2.167597362344155232e-01,-9.754863290595120473e-01,0.000000000000000000e+00,6.327276120507125956e-01,2.899626920940746588e-01,4.682824254193461433e-02,1.000000000000000000e+00
9.984784006047205951e-01,1.575418684454570409e-02,5.266342206801872400e-02,0.000000000000000000e+00,2.650836125949525279e-02,-9.772813463455932714e-01,-2.102361143321695436e-01,0.000000000000000000e+00,4.815580814367085433e-02,2.113163086988437411e-01,-9.762307287828657643e-01,0.000000000000000000e+00,6.361474885948767977e-01,2.862090028453417312e-01,5.455045570046097164e-02,1.000000000000000000e+00
9.982921547239982374e-01,1.526777733247766666e-02,5.621757459239024729e-02,0.000000000000000000e+00,2.655259662333445472e-02,-9.782145395712814606e-01,-2.058446527969874373e-01,0.000000000000000000e+00,5.185105681524279642e-02,2.069898097556678307e-01,-9.769681092873270245e-01,0.000000000000000000e+00,6.373685770618767732e-01,2.839581178571427000e-01,5.844725516016242850e-02,1.000000000000000000e+00
9.980880682130438553e-01,1.503969694916169712e-02,5.978931767163675470e-02,0.000000000000000000e+00,2.681638253069069597e-02,-9.791404692078843341e-01,-2.013593059397566498e-01,0.000000000000000000e+00,5.551482645183637016e-02,2.025815542187393570e-01,-9.776905532602544469e-01,0.000000000000000000e+00,6.383582820326354490e-01,2.817196922552177019e-01,6.245921772334182831e-02,1.000000000000000000e+00
9.978414973663993770e-01,1.489082204388442708e-02,6.380718183439483548e-02,0.000000000000000000e+00,2.722307752891995475e-02,-9.800121237378061068e-01,-1.970174821633292883e-01,0.000000000000000000e+00,5.959920698224127622e-02,1.983330657933034535e-01,-9.783209747011035740e-01,0.000000000000000000e+00,6.392843997043333726e-01,2.795230109012842301e-01,6.653948383655353127e-02,1.000000000000000000e+00
9.972571696138760045e-01,1.513737496125274265e-02,7.231697196517557213e-02,0.000000000000000000e+00,2.848682995293183237e-02,-9.818780393160957409e-01,-1.873092718720061334e-01,0.000000000000000000e+00,6.817238849012853541e-02,1.888592317180415869e-01,-9.796349912301123286e-01,0.000000000000000000e+00,6.408009656537486665e-01,2.749073688535367266e-01,7.531755015500336825e-02,1.000000000000000000e+00
9.966037858436361807e-01,1.670420861617298233e-02,8.051465927300377468e-02,0.000000000000000000e+00,3.068648231460637324e-02,-9.839564171897300371e-01,-1.756953493280730694e-01,0.000000000000000000e+00,7.628953271135903436e-02,1.775727807896164689e-01,-9.811461739829214768e-01,0.000000000000000000e+00,6.412571945037431886e-01,2.700189145370041066e-01,8.460550528872851084e-02,1.000000000000000000e+00
9.962525872615752842e-01,1.761722926158696204e-02,8.456454640669532064e-02,0.000000000000000000e+00,3.177931424315619258e-02,-9.850639384957806666e-01,-1.691740499090321204e-01,0.000000000000000000e+00,8.032265357811459172e-02,1.712307849366990486e-01,-9.819512664140375158e-01,0.000000000000000000e+00,6.412040612973715081e-01,2.672979063037990710e-01,8.943255816712372686e-02,1.000000000000000000e+00
9.959212480268830880e-01,1.807659801555577817e-02,8.828845470370556836e-02,0.000000000000000000e+00,3.232182120654792518e-02,-9.861373061383328364e-01,-1.626937620725896205e-01,0.000000000000000000e+00,8.412520881896018432e-02,1.648869928026197029e-01,-9.827182855964751163e-01,0.000000000000000000e+00,6.409358292254815348e-01,2.643613598452175806e-01,9.423355951355720517e-02,1.000000000000000000e+00
9.955988851733372780e-01,1.868508860191142248e-02,9.173044318411997800e-02,0.000000000000000000e+00,3.282359884877221468e-02,-9.873380182552159434e-01,-1.551354117140439359e-01,0.000000000000000000e+00,8.767192303010611087e-02,1.574665979426710383e-01,-9.836248799438556123e-01,0.000000000000000000e+00,6.404528635534852965e-01,2.611052356430721422e-01,9.932085381401911661e-02,1.000000000000000000e+00
9.944537443391302522e-01,2.057525287136326500e-02,1.030492903438513103e-01,0.000000000000000000e+00,3.400251723234713752e-02,-9.908830244414384980e-01,-1.302897064117499726e-01,0.000000000000000000e+00,9.943096318065888783e-02,1.330735837395630727e-01,-9.861059298430751019e-01,0.000000000000000000e+00,6.383005105591437189e-01,2.502966118633579429e-01,1.151640748874363379e-01,1.000000000000000000e+00
9.940749105496212712e-01,2.039236694824725013e-02,1.066769444970144531e-01,0.000000000000000000e+00,3.339261845543667340e-02,-9.920153090076662128e-01,-1.215372643608641501e-01,0.000000000000000000e+00,1.033487193495702533e-01,1.243817624379123937e-01,-9.868374837741229477e-01,0.000000000000000000e+00,6.373315412565863092e-01,2.462373400842771676e-01,1.206573745888297605e-01,1.000000000000000000e+00
9.937574157291838572e-01,1.932285345665742116e-02,1.097887649933038390e-01,0.000000000000000000e+00,3.045912288131964393e-02,-9.944428469730594022e-01,-1.006797538665316349e-01,0.000000000000000000e+00,1.072352965073394421e-01,1.033973122212411833e-01,-9.888425491494620134e-01,0.000000000000000000e+00,6.343957075653652300e-01,2.371486551451167102e-01,1.313963820699123874e-01,1.000000000000000000e+00
9.938007262991684909e-01,1.817374462263434201e-02,1.095927840455068053e-01,0.000000000000000000e+00,2.801606328211920030e-02,-9.956325507391420304e-01,-8.894757449222691348e-02,0.000000000000000000e+00,1.074997023205962465e-01,9.146828355390664023e-02,-9.899885691787988495e-01,0.000000000000000000e+00,6.325956597823232386e-01,2.322791977649542594e-01,1.368387657142485503e-01,1.000000000000000000e+00
9.942569453488273590e-01,1.382666581811911599e-02,1.060315841585960650e-01,0.000000000000000000e+00,2.092765316752746158e-02,-9.975803865303725093e-01,-6.615249537258910406e-02,0.000000000000000000e+00,1.048623791885549134e-01,6.799287926804915838e-02,-9.921596896668176679e-01,0.000000000000000000e+00,6.286238072812260214e-01,2.224387149304428435e-01,1.477727169917873451e-01,1.000000000000000000e+00
9.953135509697196293e-01,7.548814622493834302e-03,9.630523119255308961e-02,0.000000000000000000e+00,1.154076498767877233e-02,-9.990844503337228399e-01,-4.096118584795149092e-02,0.000000000000000000e+00,9.590969713046415546e-02,4.188146572652966942e-02,-9.945085584473066787e-01,0.000000000000000000e+00,6.239105310689648798e-01,2.118735231572099753e-01,1.590524785982324885e-01,1.000000000000000000e+00
9.962193876486513666e-01,3.472124874343311771e-03,8.669269244296905208e-02,0.000000000000000000e+00,5.795177113301150894e-03,-9.996208228825070874e-01,-2.655886449254301826e-02,0.000000000000000000e+00,8.656927159044011666e-02,2.696137431854391669e-02,-9.958809394255699887e-01,0.000000000000000000e+00,6.207935983305853389e-01,2.063225714401215050e-01,1.642847699999079314e-01,1.000000000000000000e+00
9.972678547483112554e-01,-7.588343894074146313e-04,7.373599499077050645e-02,0.000000000000000000e+00,7.233177592970600821e-05,-9.999268757119659234e-01,-1.126875761693293607e-02,0.000000000000000000e+00,7.374057395399512271e-02,1.124351966237984758e-02,-9.972140748197135807e-01,0.000000000000000000e+00,6.172308579958833974e-01,2.004434356515769899e-01,1.693956469702683210e-01,1.000000000000000000e+00
9.983034795743355172e-01,-4.446486378037265048e-03,5.788901735107045837e-02,0.000000000000000000e+00,-4.704646191075216241e-03,-9.999699576816366564e-01,4.323995792168688901e-03,0.000000000000000000e+00,5.786916580315918518e-02,-4.589095744286300627e-03,-9.983136279994859752e-01,0.000000000000000000e+00,6.132125312002845163e-01,1.945047511426364617e-01,1.747136893277891345e-01,1.000000000000000000e+00
9.997990696641657626e-01,-4.695474771258172607e-03,1.898735675520097851e-02,0.000000000000000000e+00,-5.296762687550624939e-03,-9.994724221534285746e-01,3.174222047996017732e-02,0.000000000000000000e+00,1.882865716096114583e-02,-3.183702698916102830e-02,-9.993157085636182879e-01,0.000000000000000000e+00,6.041001636712794998e-01,1.831466201279506323e-01,1.851584073723940571e-01,1.000000000000000000e+00
9.996831477109433539e-01,-3.631547418243981275e-03,-2.451862449848627237e-02,0.000000000000000000e+00,-2.504702046273953996e-03,-9.989363127694517175e-01,4.583357284174646717e-02,0.000000000000000000e+00,-2.465946591495218540e-02,-4.575851951361940145e-02,-9.986481205273011197e-01,0.000000000000000000e+00,5.944413424864892770e-01,1.735374563262709335e-01,1.964038341458655967e-01,1.000000000000000000e+00
9.988688399360826642e-01,-4.495512861539040748e-03,-4.713361719690796481e-02,0.000000000000000000e+00,-2.279885008446214372e-03,-9.988847326447615194e-01,4.695572291808451648e-02,0.000000000000000000e+00,-4.729305120640203697e-02,-4.679605022128409397e-02,-9.977842938186970434e-01,0.000000000000000000e+00,5.895770062714154047e-01,1.692244180439836099e-01,2.019698958356638541e-01,1.000000000000000000e+00
9.975710156319274047e-01,-4.042470568381676191e-03,-6.940082207003867021e-02,0.000000000000000000e+00,-8.969276586268483181e-04,-9.989636014834022415e-01,4.529531248698935586e-02,0.000000000000000000e+00,-6.951333847578196334e-02,-4.512391213930370959e-02,-9.965599471819023281e-01,0.000000000000000000e+00,5.847527282584069619e-01,1.650552750420185844e-01,2.077784592425913623e-01,1.000000000000000000e+00
9.958093000187552279e-01,-3.837769321486406062e-03,-9.126804711398066317e-02,0.000000000000000000e+00,-2.807145766944077493e-06,-9.991087604591961657e-01,4.198132521749142060e-02,0.000000000000000000e+00,-9.134957882604138879e-02,-4.180594276992396358e-02,-9.949409618652870213e-01,0.000000000000000000e+00,5.799883854396526983e-01,1.607553230636481478e-01,2.136729401538486062e-01,1.000000000000000000e+00
9.909471591466604279e-01,-3.821975068662738714e-03,-1.341263105693506485e-01,0.000000000000000000e+00,1.014620435462942546e-03,-9.993426217810197354e-01,3.597279164059721812e-02,0.000000000000000000e+00,-1.341782093133102871e-01,-3.578391192965298118e-02,-9.903109207680608206e-01,0.000000000000000000e+00,5.705013694867602236e-01,1.510164968311110689e-01,2.255268389873896218e-01,1.000000000000000000e+00
9.848050202156486410e-01,-7.817955531068896888e-03,-1.734321153378994007e-01,0.000000000000000000e+00,-1.580175037105252750e-03,-9.993381920017405662e-01,3.607530948935295384e-02,0.000000000000000000e+00,-1.736027141323768230e-01,-3.525377153600485480e-02,-9.841845707174845526e-01,0.000000000000000000e+00,5.615570734271647657e-01,1.389300744140131716e-01,2.375043465875771587e-01,1.000000000000000000e+00
9.814408153764015985e-01,-1.064239328769591743e-02,-1.914194668251432419e-01,0.000000000000000000e+00,-3.299212751121807698e-03,-9.992381452903192907e-01,3.863924291693187490e-02,0.000000000000000000e+00,-1.916885376206307889e-01,-3.729131450152022020e-02,-9.807470940092621881e-01,0.000000000000000000e+00,5.572171875726642520e-01,1.322448582009882190e-01,2.436404304172963275e-01,1.000000000000000000e+00
9.777027519884256002e-01,-1.253317217584805701e-02,-2.095733648407590577e-01,0.000000000000000000e+00,-3.686942392512931790e-03,-9.990779945602107359e-01,4.254778657639392281e-02,0.000000000000000000e+00,-2.099174373543635508e-01,-4.082718915348974853e-02,-9.768663215201974781e-01,0.000000000000000000e+00,5.527755032144470171e-01,1.251275184358599801e-01,2.494194401341359724e-01,1.000000000000000000e+00
9.635490792325436260e-01,-7.095015777283862797e-03,-2.674015324609151922e-01,0.000000000000000000e+00,8.185418492622699438e-03,-9.983883808586174746e-01,5.598559450266681059e-02,0.000000000000000000e+00,-2.673729494668734552e-01,-5.613474224983056732e-02,-9.619566500658590646e-01,0.000000000000000000e+00,5.377880958762577546e-01,1.036558878947461959e-01,2.660340170632331525e-01,1.000000000000000000e+00
9.577964421622024993e-01,-6.203899424112591966e-03,-2.873468877760312346e-01,0.000000000000000000e+00,1.128688573117768608e-02,-9.981743014756082610e-01,5.917277233138096976e-02,0.000000000000000000e+00,-2.871949103072004017e-01,-5.991987594269944373e-02,-9.559961777960468421e-01,0.000000000000000000e+00,5.324517092793989992e-01,9.701358775513116428e-02,2.711437266541789626e-01,1.000000000000000000e+00
9.515766112826132828e-01,-4.478641616954119088e-03,-3.073477534168320147e-01,0.000000000000000000e+00,1.450320172432431956e-02,-9.981164142863224731e-01,5.944768770243333278e-02,0.000000000000000000e+00,-3.070409939581308922e-01,-6.102773065271815262e-02,-9.497375659204928544e-01,0.000000000000000000e+00,5.270869426207825947e-01,9.088997807358648040e-02,2.760344193650598466e-01,1.000000000000000000e+00
9.380890331962485895e-01,8.413390056987071070e-04,-3.463654209744581047e-01,0.000000000000000000e+00,2.054332206037253611e-02,-9.983621509943474415e-01,5.321404214934190302e-02,0.000000000000000000e+00,-3.457600126164926957e-01,-5.703610386773780988e-02,-9.365879011235579421e-01,0.000000000000000000e+00,5.165120958034868925e-01,8.016232294225950072e-02,2.851818532990061938e-01,1.000000000000000000e+00
9.233376981123080363e-01,1.039641815218506245e-02,-3.838230798629460039e-01,0.000000000000000000e+00,2.706412915541720268e-02,-9.988996447531262035e-01,3.804969811109142064e-02,0.000000000000000000e+00,-3.830125317291320219e-01,-4.552143450267973068e-02,-9.226208319452032791e-01,0.000000000000000000e+00,5.063140549531583989e-01,7.129052054495629842e-02,2.931199386020971187e-01,1.000000000000000000e+00
9.151703506754029771e-01,1.583560285710353122e-02,-4.027321812669316103e-01,0.000000000000000000e+00,2.971309386789310406e-02,-9.991500227620087049e-01,2.823315371479973024e-02,0.000000000000000000e+00,-4.019505178632468145e-01,-3.780529216047627539e-02,-9.148806157494698832e-01,0.000000000000000000e+00,5.011399466702916028e-01,6.720450996552108924e-02,2.967124155031378718e-01,1.000000000000000000e+00
9.062300866431106661e-01,2.041817795130955113e-02,-4.222687236502097319e-01,0.000000000000000000e+00,3.100133206520912579e-02,-9.993438128060863068e-01,1.821011031226926757e-02,0.000000000000000000e+00,-4.216279366928099015e-01,-2.959401254514770763e-02,-9.062858695917319629e-01,0.000000000000000000e+00,4.958039592617896063e-01,6.332509302797351136e-02,3.000064626069944840e-01,1.000000000000000000e+00
8.869577693013063202e-01,2.746528249445137973e-02,-4.610122781822186266e-01,0.000000000000000000e+00,2.953542962889306803e-02,-9.995503887816422628e-01,-2.724992534431305066e-03,0.000000000000000000e+00,-4.608887181159225244e-01,-1.119945802487649043e-02,-8.873872670110893868e-01,0.000000000000000000e+00,4.849700366978423882e-01,5.578513697593924514e-02,3.066179477340477688e-01,1.000000000000000000e+00
8.769225775659369448e-01,3.160780638507469653e-02,-4.795711484564572635e-01,0.000000000000000000e+00,2.867038011558675423e-02,-9.994888042401882666e-01,-1.344940161324945788e-02,0.000000000000000000e+00,-4.797603366741833852e-01,-1.955440837600619635e-03,-8.773973989050826150e-01,0.000000000000000000e+00,4.797735905192652139e-01,5.178338228427954715e-02,3.097163547365938685e-01,1.000000000000000000e+00
8.576421692213745951e-01,4.001417175691628775e-02,-5.126690185032359848e-01,0.000000000000000000e+00,2.493763318169702967e-02,-9.990216940388128020e-01,-3.625625728510767365e-02,0.000000000000000000e+00,-5.136281243856084533e-01,1.831049575257727088e-02,-8.578175071572138322e-01,0.000000000000000000e+00,4.702512772382732020e-01,4.393149885838137231e-02,3.162395174380722707e-01,1.000000000000000000e+00
8.397621806998740723e-01,5.422456132874439033e-02,-5.402221059121014024e-01,0.000000000000000000e+00,2.464822619370475587e-02,-9.977722857382281818e-01,-6.183589297021479386e-02,0.000000000000000000e+00,-5.423821121293053160e-01,3.861267107840143931e-02,-8.392441278164207707e-01,0.000000000000000000e+00,4.619501002965560876e-01,3.628697281415747822e-02,3.227873345099600555e-01,1.000000000000000000e+00
8.309622592501408889e-01,6.436632253299158501e-02,-5.525752863879171972e-01,0.000000000000000000e+00,2.616898655822703923e-02,-9.966974867479607703e-01,-7.674666738055872794e-02,0.000000000000000000e+00,-5.557009988940515566e-01,4.931419832570657635e-02,-8.299183753066600167e-01,0.000000000000000000e+00,4.580425848994754134e-01,3.248558675708769494e-02,3.257894557971012239e-01,1.000000000000000000e+00
8.223621031806543913e-01,7.628559469469542442e-02,-5.638100976353437321e-01,0.000000000000000000e+00,2.915850664034560016e-02,-9.953094619128185494e-01,-9.213904394190923497e-02,0.000000000000000000e+00,-5.682053463738244714e-01,5.933293982828129892e-02,-8.207449583174640795e-01,0.000000000000000000e+00,4.543426145460151000e-01,2.895428581330426743e-02,3.287168799118757034e-01,1.000000000000000000e+00
8.138573547413113785e-01,9.058882603993935467e-02,-5.739430438914553401e-01,0.000000000000000000e+00,3.405470823773391886e-02,-9.935010755557902584e-01,-1.085202129445898417e-01,0.000000000000000000e+00,-5.800549179608198713e-01,6.877583468618694851e-02,-8.116687604637033981e-01,0.000000000000000000e+00,4.508029715203359933e-01,2.524390713050560578e-02,3.315387452170089899e-01,1.000000000000000000e+00
7.964208100331188200e-01,1.201678691264826682e-01,-5.926671270426593363e-01,0.000000000000000000e+00,4.619086412848306261e-02,-9.892732604110173744e-01,-1.385119749625572660e-01,0.000000000000000000e+00,-6.029660389523894271e-01,8.293960940481466537e-02,-7.934437453668927720e-01,0.000000000000000000e+00,4.440309426686689931e-01,1.772284607346588658e-02,3.371783644067186669e-01,1.000000000000000000e+00
7.799533242244448550e-01,1.435140071694110397e-01,-6.091447189942834628e-01,0.000000000000000000e+00,5.627033449392340042e-02,-9.854810537811483639e-01,-1.601296006225817747e-01,0.000000000000000000e+00,-6.232934205612944423e-01,9.061858190780991418e-02,-7.767197593070610528e-01,0.000000000000000000e+00,4.382596474611364368e-01,9.427351557513816843e-03,3.433379480225438596e-01,1.000000000000000000e+00
7.718006680932990582e-01,1.545919245415152687e-01,-6.167704698658131868e-01,0.000000000000000000e+00,6.062860708943328125e-02,-9.834578157244416863e-01,-1.706330671180517622e-01,0.000000000000000000e+00,-6.329584197447577498e-01,9.430259633586514367e-02,-7.684208867531738818e-01,0.000000000000000000e+00,4.355922336329708378e-01,5.510533070502759631e-03,3.469070370446947216e-01,1.000000000000000000e+00
7.634146933409619029e-01,1.669728024796325316e-01,-6.239381669079325787e-01,0.000000000000000000e+00,6.562465875402788418e-02,-9.810508134430763194e-01,-1.822455829569102348e-01,0.000000000000000000e+00,-6.425574731315680799e-01,9.818511690660335078e-02,-7.599207699101340197e-01,0.000000000000000000e+00,4.330114201190943257e-01,1.885870315917688054e-03,3.508978512361919377e-01,1.000000000000000000e+00
7.548678384760757476e-01,1.803780078506488360e-01,-6.305704303402568378e-01,0.000000000000000000e+00,7.143620362177638405e-02,-9.783205424747494217e-01,-1.943361311882796927e-01,0.000000000000000000e+00,-6.519665220520185489e-01,1.016544947922729258e-01,-7.514027001627838764e-01,0.000000000000000000e+00,4.305425384769683839e-01,-1.331488120234247067e-03,3.551682456780073105e-01,1.000000000000000000e+00
7.360191016807052788e-01,2.094893446980044815e-01,-6.437164308298620741e-01,0.000000000000000000e+00,8.389481495811826339e-02,-9.717997364547715788e-01,-2.203353787996563118e-01,0.000000000000000000e+00,-6.717343049175270586e-01,1.081686593045130956e-01,-7.328523485267895987e-01,0.000000000000000000e+00,4.254160033478457392e-01,-7.077380688278823127e-03,3.646392393728610237e-01,1.000000000000000000e+00
7.154019639753667059e-01,2.410852583060000554e-01,-6.557885902247199139e-01,0.000000000000000000e+00,9.713846609437075397e-02,-9.637795441204254354e-01,-2.483422147784501988e-01,0.000000000000000000e+00,-6.919205971399168265e-01,1.139644046218174084e-01,-7.129221568535625275e-01,0.000000000000000000e+00,4.203479005279937564e-01,-1.180451904207755268e-02,3.749744019073508183e-01,1.000000000000000000e+00
7.054521278985893540e-01,2.563776661656489431e-01,-6.607484653300496058e-01,0.000000000000000000e+00,1.033372294885075149e-01,-9.595163604077839858e-01,-2.619742697530571540e-01,0.000000000000000000e+00,-7.011768142997328868e-01,1.165326338702950965e-01,-7.033997585525100238e-01,0.000000000000000000e+00,4.180339243230493107e-01,-1.387643455305398628e-02,3.804099263378186158e-01,1.000000000000000000e+00
6.965006919359969517e-01,2.696745512771447917e-01,-6.649384704071169550e-01,0.000000000000000000e+00,1.082517751749479534e-01,-9.555643353876998036e-01,-2.741516022345016346e-01,0.000000000000000000e+00,-7.093368547953319281e-01,1.189683013564667019e-01,-6.947573459139696483e-01,0.000000000000000000e+00,4.159803640412956804e-01,-1.583300949219243123e-02,3.858305255553388657e-01,1.000000000000000000e+00
6.732065041202094369e-01,3.014841967527200350e-01,-6.751896243425409283e-01,0.000000000000000000e+00,1.182517988137819775e-01,-9.452418801723195818e-01,-3.041628625371793349e-01,0.000000000000000000e+00,-7.299318597306218015e-01,1.249244349354303868e-01,-6.720069684953120515e-01,0.000000000000000000e+00,4.106162490924361586e-01,-2.078220226698399009e-02,4.030289704901217074e-01,1.000000000000000000e+00
6.649674858434481139e-01,3.100966339853042375e-01,-6.794402602607797492e-01,0.000000000000000000e+00,1.198957470841119366e-01,-9.422447731924423753e-01,-3.126988073592126827e-01,0.000000000000000000e+00,-7.371800745413457090e-01,1.264749771881412133e-01,-6.637541848037383785e-01,0.000000000000000000e+00,4.086054921367784365e-01,-2.212873368169339730e-02,4.091297152149502292e-01,1.000000000000000000e+00
6.568662408839730515e-01,3.200487868544846792e-01,-6.826977827129215859e-01,0.000000000000000000e+00,1.226209325621783336e-01,-9.387232848630927551e-01,-3.220922977263428466e-01,0.000000000000000000e+00,-7.439638779095518739e-01,1.278609797708695484e-01,-6.558729436543443425e-01,0.000000000000000000e+00,4.066597953229764140e-01,-2.339235938897494399e-02,4.154186267247328423e-01,1.000000000000000000e+00
6.417287771542519170e-01,3.372279179540580984e-01,-6.887976878777163359e-01,0.000000000000000000e+00,1.262063891135417337e-01,-9.323191193988874526e-01,-3.388712939323907936e-01,0.000000000000000000e+00,-7.564706791180780820e-01,1.305353052602371833e-01,-6.408686649503552157e-01,0.000000000000000000e+00,4.028659188106846201e-01,-2.581052637558368251e-02,4.279798967415444633e-01,1.000000000000000000e+00
6.287567117076791057e-01,3.558466608771194140e-01,-6.913891077579680244e-01,0.000000000000000000e+00,1.314752213843097539e-01,-9.249843798486296897e-01,-3.565093408302243971e-01,0.000000000000000000e+00,-7.664015391840875990e-01,1.332596704899058071e-01,-6.283872539741580665e-01,0.000000000000000000e+00,3.995615990948404583e-01,-2.819273361346882889e-02,4.399206973928914133e-01,1.000000000000000000e+00
6.235378394285321368e-01,3.662485387104966739e-01,-6.906832252157510954e-01,0.000000000000000000e+00,1.353891325725720407e-01,-9.207052178107445473e-01,-3.659951250748074147e-01,0.000000000000000000e+00,-7.699756534616326586e-01,1.347034002440063438e-01,-6.236926222419458821e-01,0.000000000000000000e+00,3.982483764829730655e-01,-2.938630108829660970e-02,4.453304919030610098e-01,1.000000000000000000e+00
6.190014410982286330e-01,3.787296634094489134e-01,-6.880274739233092074e-01,0.000000000000000000e+00,1.411170576092332929e-01,-9.154151978840970871e-01,-3.769373136686525183e-01,0.000000000000000000e+00,-7.726030231257231540e-01,1.362349506351835937e-01,-6.201004812789799869e-01,0.000000000000000000e+00,3.971668031254510511e-01,-3.061025649498065604e-02,4.503799293159971295e-01,1.000000000000000000e+00
6.092448755532734461e-01,4.130328408221929370e-01,-6.769086355747232497e-01,0.000000000000000000e+00,1.588605390349129287e-01,-8.998974002608948197e-01,-4.061142019708593454e-01,0.000000000000000000e+00,-7.769017816728587267e-01,1.398916190625271172e-01,-6.138843185402297342e-01,0.000000000000000000e+00,3.951974291534021133e-01,-3.323159047990828507e-02,4.589926563943155235e-01,1.000000000000000000e+00
6.037972798136546082e-01,4.338540088331110933e-01,-6.687154034492389654e-01,0.000000000000000000e+00,1.698993452262516357e-01,-8.896679044686737203e-01,-4.237994562894319972e-01,0.000000000000000000e+00,-7.788167193603092731e-01,1.422773889859564045e-01,-6.109023344432265024e-01,0.000000000000000000e+00,3.942568812274412915e-01,-3.475932336075834850e-02,4.626274116851157858e-01,1.000000000000000000e+00
5.924654502038411152e-01,4.772894215140218166e-01,-6.489686011871287352e-01,0.000000000000000000e+00,1.921047222942563193e-01,-8.660466041925402036e-01,-4.615623489194333184e-01,0.000000000000000000e+00,-7.823509424740904272e-01,1.487926766610523921e-01,-6.048038873733716514e-01,0.000000000000000000e+00,3.924980834316295630e-01,-3.855177772791295449e-02,4.682512960266161928e-01,1.000000000000000000e+00
5.810506781740547577e-01,5.210186107385068599e-01,-6.252203320100806483e-01,0.000000000000000000e+00,2.126799550588154009e-01,-8.387257251141448933e-01,-5.012854891667425372e-01,0.000000000000000000e+00,-7.855825703691268203e-01,1.583034891581028281e-01,-5.981638826045972968e-01,0.000000000000000000e+00,3.909000748633204014e-01,-4.379233437440466919e-02,4.719864912283540104e-01,1.000000000000000000e+00
5.749580341769127134e-01,5.423467212265197235e-01,-6.125879853633043881e-01,0.000000000000000000e+00,2.217391495785678290e-01,-8.239919058122545659e-01,-5.213922089955608241e-01,0.000000000000000000e+00,-7.875580594921169908e-01,1.639470570916251868e-01,-5.940317040360778567e-01,0.000000000000000000e+00,3.900933121391269576e-01,-4.674631302128921112e-02,4.733484089415289642e-01,1.000000000000000000e+00
5.687212490178447100e-01,5.640658520237905593e-01,-5.986372878442055567e-01,0.000000000000000000e+00,2.304130049897282484e-01,-8.079189249948123264e-01,-5.423629823909800196e-01,0.000000000000000000e+00,-7.895940339573739308e-01,1.705228194680466491e-01,-5.894601170389642819e-01,0.000000000000000000e+00,3.893313157769137667e-01,-5.005813123643048507e-02,4.743463458145378286e-01,1.000000000000000000e+00
5.624767460481463477e-01,5.866638256621982128e-01,-5.826029631882172488e-01,0.000000000000000000e+00,2.396701039905715369e-01,-7.900781603037245748e-01,-5.641945486846172697e-01,0.000000000000000000e+00,-7.913096448550873685e-01,1.777172227169368790e-01,-5.850176362376556805e-01,0.000000000000000000e+00,3.887107169558543518e-01,-5.365339036724948302e-02,4.749795727012680602e-01,1.000000000000000000e+00
5.500174229716010554e-01,6.309183540971858850e-01,-5.471778612043666223e-01,0.000000000000000000e+00,2.580689942594016628e-01,-7.515193646006218531e-01,-6.071241930061975767e-01,0.000000000000000000e+00,-7.942758474312437977e-01,1.927229542530380091e-01,-5.761803025888344587e-01,0.000000000000000000e+00,3.878383635522530959e-01,-6.125267983977377567e-02,4.751689370338851304e-01,1.000000000000000000e+00
5.377157413428379495e-01,6.735302123348756442e-01,-5.071484807090206326e-01,0.000000000000000000e+00,2.763988688247058789e-01,-7.090929872212634599e-01,-6.486690586788123047e-01,0.000000000000000000e+00,-7.965289756287473599e-01,2.086283141210394654e-01,-5.674643755609961593e-01,0.000000000000000000e+00,3.877497822052726750e-01,-6.910684572276966364e-02,4.739317408185292901e-01,1.000000000000000000e+00
5.315197193189058478e-01,6.937955280193812690e-01,-4.859169683975523291e-01,0.000000000000000000e+00,2.854815126722292651e-01,-6.868313939773432741e-01,-6.683888756335817360e-01,0.000000000000000000e+00,-7.974835956846694218e-01,2.165457255776508105e-01,-5.631410687810822768e-01,0.000000000000000000e+00,3.879738525066146471e-01,-7.328769160512513259e-02,4.726547100895406861e-01,1.000000000000000000e+00
5.255057837883395644e-01,7.134965713900062179e-01,-4.634080930679965737e-01,0.000000000000000000e+00,2.953265330211404804e-01,-6.637942224551620640e-01,-6.871246000763385764e-01,0.000000000000000000e+00,-7.978840228296129045e-01,2.242355632531081722e-01,-5.595529450246823355e-01,0.000000000000000000e+00,3.885026884134201719e-01,-7.738653899804093239e-02,4.708926318550435419e-01,1.000000000000000000e+00
5.195542516076936401e-01,7.321600190732450164e-01,-4.404382283683410670e-01,0.000000000000000000e+00,3.050536095934323066e-01,-6.404518246457338027e-01,-7.048010375156781304e-01,0.000000000000000000e+00,-7.981219743937811861e-01,2.318295676496540669e-01,-5.561082318696127791e-01,0.000000000000000000e+00,3.891604733479986922e-01,-8.133838218944271226e-02,4.688561419281055409e-01,1.000000000000000000e+00
5.055436924718856861e-01,7.690070950347415168e-01,-3.911961268843643369e-01,0.000000000000000000e+00,3.252038654960917041e-01,-5.898012425059450115e-01,-7.391601227785841166e-01,0.000000000000000000e+00,-7.991627268423239228e-01,2.464639903631180295e-01,-5.482649336591115530e-01,0.000000000000000000e+00,3.904604462966488332e-01,-8.923310483024901596e-02,4.642847041503360139e-01,1.000000000000000000e+00
4.876950542945236444e-01,8.037222838873046005e-01,-3.408295340794941786e-01,0.000000000000000000e+00,3.455461575270566410e-01,-5.362395937900961140e-01,-7.700816177336838875e-01,0.000000000000000000e+00,-8.017134829598924206e-01,2.577976239020586258e-01,-5.392549270528468330e-01,0.000000000000000000e+00,3.917530431997974794e-01,-9.684716851152304351e-02,4.590359605262349652e-01,1.000000000000000000e+00
4.771951053150642608e-01,8.205167476931951587e-01,-3.146710109297239932e-01,0.000000000000000000e+00,3.558459594108823731e-01,-5.078191809257537326e-01,-7.845215609249076572e-01,0.000000000000000000e+00,-8.035245250337675893e-01,2.624004931270371155e-01,-5.343166840703611475e-01,0.000000000000000000e+00,3.924728671370032451e-01,-1.005871116363867557e-01,4.561290540062013510e-01,1.000000000000000000e+00
4.534779401935400966e-01,8.501954166629165366e-01,-2.674065409529131632e-01,0.000000000000000000e+00,3.748860501035276571e-01,-4.541545564705299354e-01,-8.081985122332506766e-01,0.000000000000000000e+00,-8.085861376470763195e-01,2.662583409834763937e-01,-5.246855761898834292e-01,0.000000000000000000e+00,3.939901068928896022e-01,-1.083408574118306794e-01,4.500544422333569439e-01,1.000000000000000000e+00
4.251454658956730914e-01,8.748990152022401157e-01,-2.319133306382147042e-01,0.000000000000000000e+00,3.892472755203228441e-01,-4.080505734426527198e-01,-8.258099266261795801e-01,0.000000000000000000e+00,-8.171483917441114686e-01,2.608227355348842202e-01,-5.140428060950875677e-01,0.000000000000000000e+00,3.952903831047870908e-01,-1.171374881350268071e-01,4.431360810004869033e-01,1.000000000000000000e+00
4.092902402276303309e-01,8.858143672986538153e-01,-2.186210256194549839e-01,0.000000000000000000e+00,3.949313948367405014e-01,-3.880013980020758924e-01,-8.327453725010721675e-01,0.000000000000000000e+00,-8.224989144887719927e-01,2.544991468680982694e-01,-5.086508821462926155e-01,0.000000000000000000e+00,3.958632873575328448e-01,-1.217647494352802062e-01,4.395607158295485317e-01,1.000000000000000000e+00
3.920737137345181034e-01,8.960579431063342426e-01,-2.081804805827788540e-01,0.000000000000000000e+00,3.990406371886489612e-01,-3.695608316595854204e-01,-8.391496341394428793e-01,0.000000000000000000e+00,-8.288780051350053135e-01,2.459407769360974771e-01,-5.024682943664037227e-01,0.000000000000000000e+00,3.963926523654474621e-01,-1.265369620676838058e-01,4.356909098672459568e-01,1.000000000000000000e+00
3.546171725928645713e-01,9.151190681705941854e-01,-1.917928540744770760e-01,0.000000000000000000e+00,4.041416282424732942e-01,-3.349915861716298848e-01,-8.511350823558776479e-01,0.000000000000000000e+00,-8.431551692053753655e-01,2.243199589230361612e-01,-4.886408872280567084e-01,0.000000000000000000e+00,3.973258888334078587e-01,-1.359699919405298885e-01,4.278151648773414473e-01,1.000000000000000000e+00
3.178832686957813181e-01,9.315002021733039816e-01,-1.767437346430926204e-01,0.000000000000000000e+00,4.070328354259468151e-01,-3.024376696947280729e-01,-8.618796167307500866e-01,0.000000000000000000e+00,-8.563114871220017799e-01,2.020404962387229164e-01,-4.753001945113384807e-01,0.000000000000000000e+00,3.988664597446871518e-01,-1.444660727322411853e-01,4.193084139809160615e-01,1.000000000000000000e+00
3.010148185901024287e-01,9.386661647048039070e-01,-1.681566446167084283e-01,0.000000000000000000e+00,4.072802529607436051e-01,-2.859905954006407569e-01,-8.673597418556083793e-01,0.000000000000000000e+00,-8.622690625729060310e-01,1.926049628328783681e-01,-4.683966182860284100e-01,0.000000000000000000e+00,3.997413496918651998e-01,-1.481186803312334321e-01,4.148448892310884761e-01,1.000000000000000000e+00
2.859087121966564782e-01,9.447340898895782990e-01,-1.603572717146551363e-01,0.000000000000000000e+00,4.059199141392012544e-01,-2.709918668439817990e-01,-8.727961837169347925e-01,0.000000000000000000e+00,-8.680325370230673743e-01,1.844513741911855964e-01,-4.609741914991340450e-01,0.000000000000000000e+00,4.005202782738969680e-01,-1.515570680984530405e-01,4.105794404926205732e-01,1.000000000000000000e+00
2.721318919158964289e-01,9.499329635828651641e-01,-1.534677327719355111e-01,0.000000000000000000e+00,4.023491011238491954e-01,-2.572065846489381968e-01,-8.786015709861140222e-01,0.000000000000000000e+00,-8.741023347140901567e-01,1.773513179828726249e-01,-4.522074949147955047e-01,0.000000000000000000e+00,4.012284872203549790e-01,-1.549264648615630569e-01,4.062025578917878299e-01,1.000000000000000000e+00
