9.995394426359407447e-01,2.329849975000526305e-02,1.894279350150148908e-02,0.000000000000000000e+00,2.695738303879259556e-02,-9.741346182572079293e-01,-2.243118184888882871e-01,0.000000000000000000e+00,1.322695672922834589e-02,2.247234847927359891e-01,-9.743327988928075500e-01,0.000000000000000000e+00,6.228203358574220250e-01,2.987222668567748873e-01,3.120687434136070262e-02,1.000000000000000000e+00
9.995404564575356421e-01,2.328381712275852736e-02,1.890731779135461366e-02,0.000000000000000000e+00,2.693506395148783164e-02,-9.741358373939676962e-01,-2.243092051965116240e-01,0.000000000000000000e+00,1.319577539637558326e-02,2.247197217146121029e-01,-9.743340896141300389e-01,0.000000000000000000e+00,6.228103100127925229e-01,2.987180632917664225e-01,3.118888849929798632e-02,1.000000000000000000e+00
9.995405716694967246e-01,2.331424777248635935e-02,1.886367775984033532e-02,0.000000000000000000e+00,2.695485662653789721e-02,-9.741362330793551516e-01,-2.243051091870524039e-01,0.000000000000000000e+00,1.314654021440952655e-02,2.247148512519120123e-01,-9.743358784870964628e-01,0.000000000000000000e+00,6.227870002619046996e-01,2.987273456777671532e-01,3.116872044505205122e-02,1.000000000000000000e+00
9.995407295855736063e-01,2.331911543757945321e-02,1.884928794295146967e-02,0.000000000000000000e+00,2.695634705131992256e-02,-9.741365181147596530e-01,-2.243036921900973535e-01,0.000000000000000000e+00,1.313146885590031794e-02,2.247131105116047800e-01,-9.743364831976096818e-01,0.000000000000000000e+00,6.227805716749424958e-01,2.987286984104115528e-01,3.116290068320379941e-02,1.000000000000000000e+00
9.995405209522900680e-01,2.333215188255413630e-02,1.884421832186749038e-02,0.000000000000000000e+00,2.696789715753712680e-02,-9.741364634972228265e-01,-2.243025410226836269e-01,0.000000000000000000e+00,1.312363190923110552e-02,2.247119940486749234e-01,-9.743368462786260453e-01,0.000000000000000000e+00,6.227750968863819958e-01,2.987352455102232907e-01,3.116017996664494083e-02,1.000000000000000000e+00
9.995410926850276656e-01,2.334302051509302978e-02,1.880038107223407431e-02,0.000000000000000000e+00,2.696843929933413417e-02,-9.741398281180192464e-01,-2.242878629287871906e-01,0.000000000000000000e+00,1.307889560989550747e-02,2.246962786232310494e-01,-9.743410721418331866e-01,0.000000000000000000e+00,6.227576490535982057e-01,2.987322231599167655e-01,3.113806481515574154e-02,1.000000000000000000e+00
9.995428892974013158e-01,2.328019690390083912e-02,1.878275241615882246e-02,0.000000000000000000e+00,2.690260744157584039e-02,-9.741526729777432170e-01,-2.242399749027162437e-01,0.000000000000000000e+00,1.307716947865528688e-02,2.246471025780213682e-01,-9.743524346671108560e-01,0.000000000000000000e+00,6.227731497873251199e-01,2.986802531981245235e-01,3.111995570541650422e-02,1.000000000000000000e+00
9.995467882514627034e-01,2.315529737438274532e-02,1.872958090556530938e-02,0.000000000000000000e+00,2.676774710386263870e-02,-9.741767555855681548e-01,-2.241514744385325608e-01,0.000000000000000000e+00,1.305587967867173800e-02,2.245555584322572740e-01,-9.743738220944737627e-01,0.000000000000000000e+00,6.227982727143197561e-01,2.985716994853913064e-01,3.107258289131161616e-02,1.000000000000000000e+00
9.995511484690133841e-01,2.303819350986762229e-02,1.864108728818696450e-02,0.000000000000000000e+00,2.663249085087525045e-02,-9.742019884930787077e-01,-2.240579008837167430e-01,0.000000000000000000e+00,1.299854528812753422e-02,2.244581122527381789e-01,-9.743970410794201564e-01,0.000000000000000000e+00,6.228080339593352610e-01,2.984624041285042773e-01,3.101281206922558084e-02,1.000000000000000000e+00
9.995515304085925701e-01,2.306916388021616748e-02,1.858221291764255295e-02,0.000000000000000000e+00,2.664779445971048738e-02,-9.742303762300229542e-01,-2.239326148249721482e-01,0.000000000000000000e+00,1.293766718260318770e-02,2.243316819271688467e-01,-9.744269666073490654e-01,0.000000000000000000e+00,6.227829838450500421e-01,2.984205351915968918e-01,3.100600657172150262e-02,1.000000000000000000e+00
9.995439491687426736e-01,2.355083297275261875e-02,1.838474497109256547e-02,0.000000000000000000e+00,2.705681574183079960e-02,-9.745039088007816375e-01,-2.226899354598651515e-01,0.000000000000000000e+00,1.267171633171341669e-02,2.230901053626674346e-01,-9.747154623245096738e-01,0.000000000000000000e+00,6.227618381452081353e-01,2.982175726723677589e-01,3.152697036039632528e-02,1.000000000000000000e+00
9.995167997368716861e-01,2.476402173791334219e-02,1.826628512683404343e-02,0.000000000000000000e+00,2.817415374386976132e-02,-9.751722765562845785e-01,-2.196041780068363758e-01,0.000000000000000000e+00,1.237473046537126975e-02,2.200169383435819914e-01,-9.754175582220292462e-01,0.000000000000000000e+00,6.226270285533136439e-01,2.976139024582997727e-01,3.282506151048491388e-02,1.000000000000000000e+00
9.995455461450365453e-01,2.704946589334553814e-02,1.256083109166753441e-02,0.000000000000000000e+00,2.908159483698391154e-02,-9.773773313611895386e-01,-2.094482272167160486e-01,0.000000000000000000e+00,6.611336182241228827e-03,2.097223694685642070e-01,-9.777386245711970902e-01,0.000000000000000000e+00,6.213369164681566970e-01,2.948711595033668420e-01,3.357840335538448545e-02,1.000000000000000000e+00
9.995659004440573536e-01,2.837772212456274659e-02,6.592606289645994676e-03,0.000000000000000000e+00,2.912335625288745011e-02,-9.792544856171552237e-01,-2.004824915558875154e-01,0.000000000000000000e+00,7.666176045952215797e-04,2.005913230214961818e-01,-9.796747079648090439e-01,0.000000000000000000e+00,6.202383346607573955e-01,2.921997643550372503e-01,3.372215496622395225e-02,1.000000000000000000e+00
9.994964187593724514e-01,3.057461450168701828e-02,-7.269713644363862311e-03,0.000000000000000000e+00,2.881468658636634345e-02,-9.838952269185102795e-01,-1.763537444601363524e-01,0.000000000000000000e+00,-1.254482583532282904e-02,1.760588511809317580e-01,-9.842997044933072814e-01,0.000000000000000000e+00,6.182701651250057662e-01,2.847190889859506080e-01,3.499334896983214566e-02,1.000000000000000000e+00
9.992362657007307636e-01,3.210021501635692415e-02,-2.184510026459803370e-02,0.000000000000000000e+00,2.858384707075996983e-02,-9.889102313240379916e-01,-1.456717713576706486e-01,0.000000000000000000e+00,-2.627944429909260041e-02,1.449388903470154033e-01,-9.890915573759117008e-01,0.000000000000000000e+00,6.164510615599932963e-01,2.749638130352126120e-01,3.804221842274940757e-02,1.000000000000000000e+00
9.990418902161726233e-01,3.246058320211565873e-02,-2.902342213943392979e-02,0.000000000000000000e+00,2.847616078472012605e-02,-9.912928566207035441e-01,-1.284847367625283343e-01,0.000000000000000000e+00,-3.294203476563970640e-02,1.275376141380830108e-01,-9.912865273600085514e-01,0.000000000000000000e+00,6.156339485336294048e-01,2.694337329684375337e-01,4.044281975604918644e-02,1.000000000000000000e+00
9.987898687161591571e-01,3.252403459926402757e-02,-3.662966317824868645e-02,0.000000000000000000e+00,2.829714918658418274e-02,-9.934608728995365512e-01,-1.105238085971128048e-01,0.000000000000000000e+00,-3.998558717639404125e-02,1.093556506702567377e-01,-9.931981144185906274e-01,0.000000000000000000e+00,6.146899819045734681e-01,2.636078149281653182e-01,4.329984738702661456e-02,1.000000000000000000e+00
9.980141457757362167e-01,3.264883048275142585e-02,-5.368952971338384478e-02,0.000000000000000000e+00,2.875858046297074741e-02,-9.970019872590284438e-01,-7.169887274226446894e-02,0.000000000000000000e+00,-5.587052784200496197e-02,7.001380255533022623e-02,-9.959801963746062192e-01,0.000000000000000000e+00,6.119152297638457139e-01,2.514244458389109371e-01,5.102259456480048860e-02,1.000000000000000000e+00
9.974781220797841463e-01,3.281499271933904782e-02,-6.277992614064828447e-02,0.000000000000000000e+00,2.958691934625148900e-02,-9.982159433224617739e-01,-5.167486431191067875e-02,0.000000000000000000e+00,-6.436487271362295592e-02,4.968803865000218090e-02,-9.966886484633376009e-01,0.000000000000000000e+00,6.100461456802647175e-01,2.454545701163295679e-01,5.583574453622050515e-02,1.000000000000000000e+00
9.961622182178292428e-01,3.307380853334405263e-02,-8.091789101083904368e-02,0.000000000000000000e+00,3.229353160810315149e-02,-9.994089987581635803e-01,-1.093288245110564903e-02,0.000000000000000000e+00,-8.123322448896645731e-02,8.277959339357687449e-03,-9.966607439988299788e-01,0.000000000000000000e+00,6.055017423315761649e-01,2.337726720552225079e-01,6.774610985525002238e-02,1.000000000000000000e+00
9.954077263537647324e-01,3.321530012244726382e-02,-8.967133909010695236e-02,0.000000000000000000e+00,3.425865528169111385e-02,-9.993521201118205077e-01,1.012084322121874387e-02,0.000000000000000000e+00,-8.927879488133722008e-02,-1.314663814767494214e-02,-9.959199077686671231e-01,0.000000000000000000e+00,6.027748247984374697e-01,2.280376680785271837e-01,7.449805446900054084e-02,1.000000000000000000e+00
9.937965443414445987e-01,3.344784223141013951e-02,-1.059736627954037669e-01,0.000000000000000000e+00,3.941050732860496009e-02,-9.977162564931936206e-01,5.467934109440380358e-02,0.000000000000000000e+00,-1.039047406450957362e-01,-5.851774268860407413e-02,-9.928642800816764868e-01,0.000000000000000000e+00,5.965229863564678325e-01,2.167180036347023941e-01,8.973932634008426057e-02,1.000000000000000000e+00
9.927706999899624796e-01,3.326933617158039924e-02,-1.152399037371617530e-01,0.000000000000000000e+00,4.252774250850097082e-02,-9.959704138964542430e-01,7.883573213501812726e-02,0.000000000000000000e+00,-1.121548814767691221e-01,-8.316829917622203805e-02,-9.902041792342961557e-01,0.000000000000000000e+00,5.925531303190615384e-01,2.109017504211803118e-01,9.777700238286184120e-02,1.000000000000000000e+00
9.916197878703932878e-01,3.242188741440675537e-02,-1.249790559316720090e-01,0.000000000000000000e+00,4.560012276908200629e-02,-9.935145438421542075e-01,1.040683759783403023e-01,0.000000000000000000e+00,-1.207967422860211359e-01,-1.088974178184498182e-01,-9.866861200227550199e-01,0.000000000000000000e+00,5.881792220213999389e-01,2.048700796544085379e-01,1.061362665602093858e-01,1.000000000000000000e+00
9.903483040382314861e-01,3.058767289486661461e-02,-1.351124637355233249e-01,0.000000000000000000e+00,4.827534369533911102e-02,-9.903753974247478942e-01,1.296410824857518462e-01,0.000000000000000000e+00,-1.298491409426336951e-01,-1.349150243300932250e-01,-9.823121381752698555e-01,0.000000000000000000e+00,5.833957901375791399e-01,1.987339848981166390e-01,1.147295027274680967e-01,1.000000000000000000e+00
9.862594381084607287e-01,2.035771962868071494e-02,-1.638860301999889857e-01,0.000000000000000000e+00,5.409986900866996934e-02,-9.774326326964654088e-01,2.041553320746472555e-01,0.000000000000000000e+00,-1.560344210955958988e-01,-2.102203832587649646e-01,-9.651220906682740353e-01,0.000000000000000000e+00,5.679384849885136255e-01,1.801842559098599528e-01,1.417805376166218490e-01,1.000000000000000000e+00
9.851462769313651391e-01,1.616635298325220377e-02,-1.708982415962767565e-01,0.000000000000000000e+00,5.543475865322592538e-02,-9.721676644905047349e-01,2.275912268813199968e-01,0.000000000000000000e+00,-1.624655522538591690e-01,-2.336888518360751565e-01,-9.586419899307485615e-01,0.000000000000000000e+00,5.629153189461111317e-01,1.741224528336313415e-01,1.509898721923058906e-01,1.000000000000000000e+00
9.841904236788495686e-01,1.045258380030678752e-02,-1.767503899060820227e-01,0.000000000000000000e+00,5.518808871513553038e-02,-9.666263019300899151e-01,2.501371907216867196e-01,0.000000000000000000e+00,-1.682402349578903111e-01,-2.559420715907750887e-01,-9.519395355436901518e-01,0.000000000000000000e+00,5.579733813935945363e-01,1.681218404869030958e-01,1.602855081951340688e-01,1.000000000000000000e+00
9.821080103270982686e-01,-4.069835278908810923e-03,-1.882233763201563437e-01,0.000000000000000000e+00,5.231646753003846989e-02,-9.544813247751708918e-01,2.936139213011223492e-01,0.000000000000000000e+00,-1.808541398816304602e-01,-2.982135077431557479e-01,-9.372088795392403693e-01,0.000000000000000000e+00,5.476646348502451911e-01,1.558934735175451503e-01,1.784680848099534922e-01,1.000000000000000000e+00
9.776376474967979346e-01,-1.959900767994172954e-02,-2.093352717439096455e-01,0.000000000000000000e+00,5.212088680674985264e-02,-9.419666853919312910e-01,3.316065796564123813e-01,0.000000000000000000e+00,-2.036899336240500236e-01,-3.351082683055747746e-01,-9.198982875587220498e-01,0.000000000000000000e+00,5.350762412210142704e-01,1.435014701780700508e-01,1.957820487725342173e-01,1.000000000000000000e+00
9.738885204101942472e-01,-2.379810771648565790e-02,-2.257333532811783838e-01,0.000000000000000000e+00,5.687175395623651070e-02,-9.371745637431473375e-01,3.441659302952442268e-01,0.000000000000000000e+00,-2.197462855620218869e-01,-3.480238008949773643e-01,-9.113676557747193430e-01,0.000000000000000000e+00,5.279287574303810349e-01,1.379610121353650187e-01,2.041578146888086420e-01,1.000000000000000000e+00
9.688727254723701332e-01,-2.485942638715801095e-02,-2.462689539033514896e-01,0.000000000000000000e+00,6.532581853265623240e-02,-9.339766122506777402e-01,3.512847450473677302e-01,0.000000000000000000e+00,-2.387467771448936737e-01,-3.564447920106215140e-01,-9.032978947453774721e-01,0.000000000000000000e+00,5.203607941491669164e-01,1.328710203494855302e-01,2.123627518931259783e-01,1.000000000000000000e+00
9.555512486179545961e-01,-2.811266062868156973e-02,-2.934488651848097263e-01,0.000000000000000000e+00,8.060138414224710113e-02,-9.325870760641655766e-01,3.518032253030840550e-01,0.000000000000000000e+00,-2.835622032891839672e-01,-3.598253236675573175e-01,-8.888859394282941917e-01,0.000000000000000000e+00,5.045273698194348011e-01,1.239329849629827868e-01,2.288757338993770984e-01,1.000000000000000000e+00
9.468735630989716379e-01,-2.983348019592863692e-02,-3.201892656927537995e-01,0.000000000000000000e+00,8.793165309125293427e-02,-9.337115933398723033e-01,3.470323208990264141e-01,0.000000000000000000e+00,-3.093235667503824726e-01,-3.567573703195006662e-01,-8.815004876774240605e-01,0.000000000000000000e+00,4.962075045761357717e-01,1.196182960908623444e-01,2.371701768586302883e-01,1.000000000000000000e+00
9.263411480426400058e-01,-3.481167934274804338e-02,-3.750479587007369831e-01,0.000000000000000000e+00,1.002679441618137685e-01,-9.369914288859854112e-01,3.346253852728020006e-01,0.000000000000000000e+00,-3.630725846081759300e-01,-3.475892435088701049e-01,-8.644998647211405984e-01,0.000000000000000000e+00,4.795199157052639216e-01,1.105127364551715258e-01,2.543364251162464340e-01,1.000000000000000000e+00
9.009418182336036418e-01,-3.872156671082002677e-02,-4.321865654212265206e-01,0.000000000000000000e+00,1.138943163476312942e-01,-9.399760824106954127e-01,3.216423418966408154e-01,0.000000000000000000e+00,-4.187075914525765219e-01,-3.390111567478478194e-01,-8.424698145693224616e-01,0.000000000000000000e+00,4.630645609039866772e-01,9.992309930075446434e-02,2.721968268294578941e-01,1.000000000000000000e+00
8.858113667942633107e-01,-3.739696800159275636e-02,-4.625153361171665534e-01,0.000000000000000000e+00,1.241074055852853658e-01,-9.413319088600765605e-01,3.138030212441278444e-01,0.000000000000000000e+00,-4.471243342974824952e-01,-3.353783186332391364e-01,-8.292172291201955758e-01,0.000000000000000000e+00,4.548057405688822330e-01,9.431240433716719940e-02,2.813390256571566828e-01,1.000000000000000000e+00
8.698154231118475632e-01,-3.451244594034000995e-02,-4.921491315578858106e-01,0.000000000000000000e+00,1.350454668057585184e-01,-9.427863387544836993e-01,3.047907286226714807e-01,0.000000000000000000e+00,-4.745196873817844052e-01,-3.315805697402472996e-01,-8.154050478491204901e-01,0.000000000000000000e+00,4.469191805748479185e-01,8.830179045049545150e-02,2.905401629932843899e-01,1.000000000000000000e+00
8.538174772149186298e-01,-3.124982143114817326e-02,-5.196151567882539846e-01,0.000000000000000000e+00,1.449588767739998230e-01,-9.444300381227752617e-01,2.949908033092592530e-01,0.000000000000000000e+00,-4.999681981990602986e-01,-3.271974325303779740e-01,-8.018563717618722997e-01,0.000000000000000000e+00,4.393640118451333509e-01,8.235877950482804744e-02,2.995182101697708710e-01,1.000000000000000000e+00
8.210997953043114306e-01,-2.046158859121251575e-02,-5.704009085237770060e-01,0.000000000000000000e+00,1.642542649885604111e-01,-9.486014441565853161e-01,2.704747372275586592e-01,0.000000000000000000e+00,-5.466279926540946743e-01,-3.157836131640169852e-01,-7.755504801778113633e-01,0.000000000000000000e+00,4.254471517401400837e-01,6.994789315538504915e-02,3.163278428299439726e-01,1.000000000000000000e+00
7.871788737200596797e-01,-3.281248876852909193e-05,-6.167091426218417327e-01,0.000000000000000000e+00,1.884507686605014221e-01,-9.521461108844606613e-01,2.405926811440257662e-01,0.000000000000000000e+00,-5.872164118745145656e-01,-3.056146717647562072e-01,-7.495175501796745854e-01,0.000000000000000000e+00,4.132899750995676080e-01,5.610047661237778371e-02,3.320408208612743994e-01,1.000000000000000000e+00
7.697232332900629803e-01,1.204710702842511083e-02,-6.382489782576586945e-01,0.000000000000000000e+00,2.007284374072627053e-01,-9.536659180910376232e-01,2.240762325388964693e-01,0.000000000000000000e+00,-6.059884946211878676e-01,-3.005971897231274337e-01,-7.364911906583164747e-01,0.000000000000000000e+00,4.077213137297363010e-01,4.883410192923530457e-02,3.395876627451656082e-01,1.000000000000000000e+00
7.516012513321010946e-01,2.644688330405575716e-02,-6.590727336650559209e-01,0.000000000000000000e+00,2.142077014934193058e-01,-9.548160192511683242e-01,2.059664460621363491e-01,0.000000000000000000e+00,-6.238580445920622886e-01,-2.959887926895704569e-01,-7.233199670961246719e-01,0.000000000000000000e+00,4.027179717097319478e-01,4.094254325023443525e-02,3.468475344083604139e-01,1.000000000000000000e+00
7.324147508726447375e-01,4.525875774976487881e-02,-6.793386669786418697e-01,0.000000000000000000e+00,2.295120464687416539e-01,-9.557900385461673975e-01,1.837671614920746432e-01,0.000000000000000000e+00,-6.410003984970841229e-01,-2.905157808354349447e-01,-7.104358311713711016e-01,0.000000000000000000e+00,3.980806134866403667e-01,3.314384990939071851e-02,3.539758137060132204e-01,1.000000000000000000e+00
6.887053480705995767e-01,9.792007369896164881e-02,-7.183852376037194176e-01,0.000000000000000000e+00,2.632803680447793893e-01,-9.569688165334657715e-01,1.219626126563051610e-01,0.000000000000000000e+00,-6.755426889150484282e-01,-2.731382921138257869e-01,-6.848631606639157265e-01,0.000000000000000000e+00,3.897020148772529224e-01,1.729198371231483594e-02,3.674506119516845470e-01,1.000000000000000000e+00
6.421271952684717288e-01,1.621119667198408221e-01,-7.492483715324840254e-01,0.000000000000000000e+00,2.934170942990412256e-01,-9.549216007146310581e-01,4.485412091349973152e-02,0.000000000000000000e+00,-7.082156998666885306e-01,-2.486491182078057471e-01,-6.607602730770192334e-01,0.000000000000000000e+00,3.826397827412754138e-01,1.573962127435831132e-03,3.804451694289677777e-01,1.000000000000000000e+00
6.200154860672988377e-01,1.952010173220387057e-01,-7.599066434598269471e-01,0.000000000000000000e+00,3.045255855855909521e-01,-9.524864873503935403e-01,3.795528931494983414e-03,0.000000000000000000e+00,-7.230738398466477479e-01,-2.337688030791881255e-01,-6.500125912906211667e-01,0.000000000000000000e+00,3.798444859692687858e-01,-6.359587958527128208e-03,3.866341129315406522e-01,1.000000000000000000e+00
5.983364407292444120e-01,2.287245692458821922e-01,-7.678927802889888854e-01,0.000000000000000000e+00,3.136286649784230107e-01,-9.487659685994864756e-01,-3.822230019947517321e-02,0.000000000000000000e+00,-7.373071120668154288e-01,-2.179675890222912138e-01,-6.394281450104477571e-01,0.000000000000000000e+00,3.773693808804026162e-01,-1.403604657923530029e-02,3.928071716163952232e-01,1.000000000000000000e+00
5.374881951376856426e-01,3.273697194143240230e-01,-7.771204885984076549e-01,0.000000000000000000e+00,3.280516049141575796e-01,-9.301391532745082458e-01,-1.649364937187470792e-01,0.000000000000000000e+00,-7.768403635113478867e-01,-1.662874067230239172e-01,-6.073446698415063683e-01,0.000000000000000000e+00,3.703054215304372732e-01,-3.742547876416116304e-02,4.104950050001894279e-01,1.000000000000000000e+00
5.191250998781300474e-01,3.602851703569331376e-01,-7.750383691138171827e-01,0.000000000000000000e+00,3.310975375341314586e-01,-9.207675158348967992e-01,-2.062579679025171309e-01,0.000000000000000000e+00,-7.879570115230788430e-01,-1.495424864762655015e-01,-5.972945611087669970e-01,0.000000000000000000e+00,3.682848787230533216e-01,-4.477121640723324969e-02,4.159854311959382267e-01,1.000000000000000000e+00
5.019465536448121101e-01,3.932820228549256947e-01,-7.702984192405186725e-01,0.000000000000000000e+00,3.335080138452926057e-01,-9.097602327713062431e-01,-2.471628420092204237e-01,0.000000000000000000e+00,-7.980069357779530081e-01,-1.328407167289312740e-01,-5.878250372595789086e-01,0.000000000000000000e+00,3.664472458371298424e-01,-5.200857349361000942e-02,4.209974689660696545e-01,1.000000000000000000e+00
4.691464749404193335e-01,4.598261964111098332e-01,-7.539510601135052115e-01,0.000000000000000000e+00,3.404630037286865973e-01,-8.819172040373692845e-01,-3.260179983009496851e-01,0.000000000000000000e+00,-8.148497154186736813e-01,-1.037442453188535535e-01,-5.703131357818510550e-01,0.000000000000000000e+00,3.636603827544890866e-01,-6.538153668703002019e-02,4.298773532461175884e-01,1.000000000000000000e+00
4.522033228126564608e-01,4.929697402691659014e-01,-7.432857706947926246e-01,0.000000000000000000e+00,3.447876052355333676e-01,-8.651949780266895429e-01,-3.640603029369590682e-01,0.000000000000000000e+00,-8.225736661170358621e-01,-9.164820670320779350e-02,-5.612247054601793295e-01,0.000000000000000000e+00,3.625820516594008835e-01,-7.146420893212816761e-02,4.336498546847257218e-01,1.000000000000000000e+00
4.177501852323392550e-01,5.545915713939759684e-01,-7.196483297960991621e-01,0.000000000000000000e+00,3.525697949905612361e-01,-8.289595387908265112e-01,-4.341674442069813344e-01,0.000000000000000000e+00,-8.373610744857106214e-01,-7.235412690334595831e-02,-5.418406696217911156e-01,0.000000000000000000e+00,3.609024986907811705e-01,-8.297154510148688211e-02,4.398181398548614562e-01,1.000000000000000000e+00
3.817233384602016222e-01,6.089091010429346085e-01,-6.953400221784246105e-01,0.000000000000000000e+00,3.603082124213883852e-01,-7.908254789703914600e-01,-4.947259855456988542e-01,0.000000000000000000e+00,-8.511521485241489993e-01,-6.168945330377792469e-02,-5.212815279806163327e-01,0.000000000000000000e+00,3.602839842000869486e-01,-9.387398704803258387e-02,4.442163801710881099e-01,1.000000000000000000e+00
3.621678786927985949e-01,6.351805466253604981e-01,-6.821736199334264006e-01,0.000000000000000000e+00,3.650047539969991095e-01,-7.700558554689728163e-01,-5.232267729376499643e-01,0.000000000000000000e+00,-8.576717709590975236e-01,-5.950182949153684508e-02,-5.107432482050501266e-01,0.000000000000000000e+00,3.604408315703820920e-01,-9.892163696799863293e-02,4.457703373122325341e-01,1.000000000000000000e+00
3.418484222100403036e-01,6.608647686533628551e-01,-6.681153797709279418e-01,0.000000000000000000e+00,3.702678275561250842e-01,-7.481563758714603329e-01,-5.505856155231063642e-01,0.000000000000000000e+00,-8.637340461768697741e-01,-5.916594539429100713e-02,-5.004626743130126121e-01,0.000000000000000000e+00,3.609524413638069418e-01,-1.039225466629039030e-01,4.468647344018236711e-01,1.000000000000000000e+00
3.203141195515964434e-01,6.860848686167090316e-01,-6.531976460247594929e-01,0.000000000000000000e+00,3.755295490784413270e-01,-7.249998059412112728e-01,-5.773504880532767114e-01,0.000000000000000000e+00,-8.696963447006749170e-01,-6.036266638568676263e-02,-4.898822476076212240e-01,0.000000000000000000e+00,3.616399884392245689e-01,-1.090241984846181122e-01,4.475315225436657940e-01,1.000000000000000000e+00
2.741152387788211020e-01,7.346055053426443493e-01,-6.206418728145213226e-01,0.000000000000000000e+00,3.854548148875906466e-01,-6.751804762945280425e-01,-6.289170509788042374e-01,0.000000000000000000e+00,-8.810681666405809631e-01,-6.683493737573401039e-02,-4.682435016939233141e-01,0.000000000000000000e+00,3.634966985597425926e-01,-1.195436111099805326e-01,4.481217438558188770e-01,1.000000000000000000e+00
2.275275015714351146e-01,7.787485982575358401e-01,-5.846046558502523416e-01,0.000000000000000000e+00,3.932617021381416555e-01,-6.227006897123317231e-01,-6.764390819315558856e-01,0.000000000000000000e+00,-8.908268604453563055e-01,-7.599559091101018571e-02,-4.479421557200838344e-01,0.000000000000000000e+00,3.655133021999402709e-01,-1.301314285020421790e-01,4.477228244888095676e-01,1.000000000000000000e+00
2.053478021795047959e-01,7.995348542419021820e-01,-5.644085788625431421e-01,0.000000000000000000e+00,3.966042914948698650e-01,-5.952064812320682075e-01,-6.988669598488689294e-01,0.000000000000000000e+00,-8.947253633150246133e-01,-8.033761706064579400e-02,-4.393317556537594260e-01,0.000000000000000000e+00,3.665884144262578914e-01,-1.351439523211631355e-01,4.470551528093219540e-01,1.000000000000000000e+00
1.846395280472004352e-01,8.185914697308296351e-01,-5.438722251297961607e-01,0.000000000000000000e+00,4.002780212437362373e-01,-5.680455385131757406e-01,-7.190845004487882441e-01,0.000000000000000000e+00,-8.975979106304957655e-01,-8.493031046711937981e-02,-4.325561618977667444e-01,0.000000000000000000e+00,3.678568659379618522e-01,-1.400576963456219293e-01,4.458148197029497828e-01,1.000000000000000000e+00
1.654647985856273484e-01,8.356144479615136289e-01,-5.237849193019985528e-01,0.000000000000000000e+00,4.036524372224151724e-01,-5.419645164694132378e-01,-7.371023807543206630e-01,0.000000000000000000e+00,-8.998235639005882636e-01,-8.946428475281040238e-02,-4.269820787842414922e-01,0.000000000000000000e+00,3.691434476748953752e-01,-1.447978128338768544e-01,4.443969000077827025e-01,1.000000000000000000e+00
1.102563275937356035e-01,8.812384496578626880e-01,-4.596118840623661383e-01,0.000000000000000000e+00,4.069451327845472477e-01,-4.619190872245783619e-01,-7.880400768119523169e-01,0.000000000000000000e+00,-9.067721756959651325e-01,-1.001523425660900135e-01,-4.095530852797112376e-01,0.000000000000000000e+00,3.721675327012209933e-01,-1.571316338745077090e-01,4.396344878232152364e-01,1.000000000000000000e+00
9.244484287121938759e-02,8.946770264791740201e-01,-4.370214139125301323e-01,0.000000000000000000e+00,4.065142840489984755e-01,-4.345688719878997852e-01,-8.036645937606700096e-01,0.000000000000000000e+00,-9.089536520853755963e-01,-1.033627901533758914e-01,-4.038804179114989790e-01,0.000000000000000000e+00,3.729231207569820850e-01,-1.607172124149906234e-01,4.380809494297442375e-01,1.000000000000000000e+00
7.489865777813516090e-02,9.060405156427830953e-01,-4.164871210229697529e-01,0.000000000000000000e+00,4.053485128068617382e-01,-4.092598849050849696e-01,-8.174225814558527814e-01,0.000000000000000000e+00,-9.110869896624463893e-01,-1.076006525672843078e-01,-3.979228528683869115e-01,0.000000000000000000e+00,3.736986103182499130e-01,-1.643156401971540836e-01,4.364943509881410999e-01,1.000000000000000000e+00
5.763534471952699162e-02,9.151350766540075066e-01,-3.989820865875227107e-01,0.000000000000000000e+00,4.038132451880587226e-01,-3.868638740773743812e-01,-8.290066060326313213e-01,0.000000000000000000e+00,-9.130223581727350268e-01,-1.133363517193311798e-01,-3.918482421239758429e-01,0.000000000000000000e+00,3.745142222216403249e-01,-1.680425530468300788e-01,4.351553683680238205e-01,1.000000000000000000e+00
1.368230489193511361e-02,9.306186894660867237e-01,-3.657080751781064398e-01,0.000000000000000000e+00,3.978626675831168913e-01,-3.406089685838755710e-01,-8.518635895289121684e-01,0.000000000000000000e+00,-9.173412892429493315e-01,-1.338487099912122613e-01,-3.749259685374855544e-01,0.000000000000000000e+00,3.772731111014820948e-01,-1.782160762674133980e-01,4.321168999046802184e-01,1.000000000000000000e+00
1.021639706139558577e-04,9.359839601330869341e-01,-3.520152877892028243e-01,0.000000000000000000e+00,3.956080460227565654e-01,-3.233349388534790259e-01,-8.596101082117878489e-01,0.000000000000000000e+00,-9.184177971958937814e-01,-1.391749385394311644e-01,-3.703229486223983957e-01,0.000000000000000000e+00,3.781463466796921580e-01,-1.810735260506721178e-01,4.308413239546619034e-01,1.000000000000000000e+00
-2.750256302115968235e-02,9.531399256823707145e-01,-3.012451460167951955e-01,0.000000000000000000e+00,3.881070167675170768e-01,-2.675361286509336800e-01,-8.819172922125393388e-01,0.000000000000000000e+00,-9.212022784961511057e-01,-1.411730588636482819e-01,-3.625693444633462659e-01,0.000000000000000000e+00,3.792218182950118366e-01,-1.847571403235193088e-01,4.275978560719555510e-01,1.000000000000000000e+00
-3.995093819477957275e-02,9.623784378366322390e-01,-2.687236718744526742e-01,0.000000000000000000e+00,3.835448352752413581e-01,-2.335655657282353082e-01,-8.934882387255836944e-01,0.000000000000000000e+00,-9.226561758465606777e-01,-1.387659415411146013e-01,-3.597910430241535451e-01,0.000000000000000000e+00,3.795884300607159645e-01,-1.860407275095545543e-01,4.254034740186042329e-01,1.000000000000000000e+00
-5.113450980147755259e-02,9.702237401350514157e-01,-2.367105888779019174e-01,0.000000000000000000e+00,3.785095585933683782e-01,-2.005090851449698730e-01,-9.036079723690960686e-01,0.000000000000000000e+00,-9.241823235614068377e-01,-1.358053859048630185e-01,-3.569928990552478920e-01,0.000000000000000000e+00,3.798999722386063871e-01,-1.873954668499321907e-01,4.230273903692925996e-01,1.000000000000000000e+00
-6.633714598462471523e-02,9.803711337547776905e-01,-1.856140352026060536e-01,0.000000000000000000e+00,3.679155930402172592e-01,-1.488821985648647317e-01,-9.178523597232648434e-01,0.000000000000000000e+00,-9.274884411934422035e-01,-1.291804909422030745e-01,-3.508241613864276354e-01,0.000000000000000000e+00,3.801685121169255388e-01,-1.902363908997146413e-01,4.184493559936882656e-01,1.000000000000000000e+00
-6.904576644341381408e-02,9.841675721162301826e-01,-1.631797139116700768e-01,0.000000000000000000e+00,3.602712281591615717e-01,-1.279321045909619647e-01,-9.240231413102297786e-01,0.000000000000000000e+00,-9.302874467058882546e-01,-1.225912022053607248e-01,-3.457407462872770787e-01,0.000000000000000000e+00,3.805466616372832900e-01,-1.931760014435452144e-01,4.139755299119726173e-01,1.000000000000000000e+00
-6.731288948477304190e-02,9.848668398963126291e-01,-1.596465767972170546e-01,0.000000000000000000e+00,3.578730280852888690e-01,-1.255285770586014316e-01,-9.252838586141645116e-01,0.000000000000000000e+00,-9.313395286299834819e-01,-1.194190331652533882e-01,-3.440142103593341605e-01,0.000000000000000000e+00,3.809750570465034736e-01,-1.947803505795173973e-01,4.115220209708809196e-01,1.000000000000000000e+00
-6.539657915459380633e-02,9.853709648510565744e-01,-1.573152756873368030e-01,0.000000000000000000e+00,3.563326401012419931e-01,-1.241969723557326405e-01,-9.260577242037107970e-01,0.000000000000000000e+00,-9.320664193189105440e-01,-1.166198200694513742e-01,-3.430043841483565448e-01,0.000000000000000000e+00,3.814904276378998094e-01,-1.963114115440162399e-01,4.092144681858063127e-01,1.000000000000000000e+00
-6.376485635637361982e-02,9.859264555856984691e-01,-1.544791706712632939e-01,0.000000000000000000e+00,3.548855105704191715e-01,-1.222735577821500996e-01,-9.268690297747984586e-01,0.000000000000000000e+00,-9.327313730885057330e-01,-1.139262833349156817e-01,-3.421008442286032625e-01,0.000000000000000000e+00,3.820602779780112868e-01,-1.977498037589568436e-01,4.070508906968077767e-01,1.000000000000000000e+00
-6.279595612414730355e-02,9.875823885389289902e-01,-1.439390170989308659e-01,0.000000000000000000e+00,3.519427542564715905e-01,-1.130455081335500350e-01,-9.291597051736609769e-01,0.000000000000000000e+00,-9.339114009861895216e-01,-1.090078649403706523e-01,-3.404802204081093242e-01,0.000000000000000000e+00,3.834394184500628522e-01,-2.004249160949955200e-01,4.026932641955758840e-01,1.000000000000000000e+00
-6.624998557748211503e-02,9.900739472915677242e-01,-1.238760073891861380e-01,0.000000000000000000e+00,3.499018516602473983e-01,-9.321241932728090152e-02,-9.321270760948283662e-01,0.000000000000000000e+00,-9.344395068080437738e-01,-1.050998732076594694e-01,-3.402599370599981854e-01,0.000000000000000000e+00,3.849467186822616016e-01,-2.030870234080675296e-01,3.979884174760254245e-01,1.000000000000000000e+00
-6.892081470739237770e-02,9.913833421032892668e-01,-1.113091963918084876e-01,0.000000000000000000e+00,3.479776796998279020e-01,-8.067668948256252748e-02,-9.340147499403136377e-01,0.000000000000000000e+00,-9.349647228116265696e-01,-1.031081585558446395e-01,-3.394255069039466277e-01,0.000000000000000000e+00,3.855248342605771539e-01,-2.042677363363781806e-01,3.957301972392776035e-01,1.000000000000000000e+00
-7.082760359729149691e-02,9.924431632220503952e-01,-1.001037723748908620e-01,0.000000000000000000e+00,3.450024517434257532e-01,-6.978815233305553367e-02,-9.359934128967852818e-01,0.000000000000000000e+00,-9.359243402096844022e-01,-1.008321586479443421e-01,-3.374588940678007187e-01,0.000000000000000000e+00,3.859056679142454649e-01,-2.053395070405541756e-01,3.934906296028950479e-01,1.000000000000000000e+00
-7.088115960628117718e-02,9.930767298831396639e-01,-9.356931483497536728e-02,0.000000000000000000e+00,3.414057047029873670e-01,-6.398607124694255521e-02,-9.377252659408542579e-01,0.000000000000000000e+00,-9.372383182168313454e-01,-9.841404688717379778e-02,-3.345130942749095504e-01,0.000000000000000000e+00,3.860954379423369165e-01,-2.062357137344923430e-01,3.914282097422696616e-01,1.000000000000000000e+00
-6.813536637135765572e-02,9.939076657888277211e-01,-8.652092600552192814e-02,0.000000000000000000e+00,3.318143125829351447e-01,-5.920968042691677341e-02,-9.414744938712173994e-01,0.000000000000000000e+00,-9.408797078322533869e-01,-9.285837896730905761e-02,-3.257647876076492643e-01,0.000000000000000000e+00,3.865422654173491512e-01,-2.081425103695395962e-01,3.857705872003146519e-01,1.000000000000000000e+00
-6.790238993679545421e-02,9.941260584689768365e-01,-8.416289096161029548e-02,0.000000000000000000e+00,3.285094772177806211e-01,-5.737468337069481089e-02,-9.427462097443944922e-01,0.000000000000000000e+00,-9.420555303384396950e-01,-9.166479288774861955e-02,-3.226901664191327290e-01,0.000000000000000000e+00,3.866937094977756506e-01,-2.085327001509318934e-01,3.837861104271123591e-01,1.000000000000000000e+00
-6.797628533430187525e-02,9.945137187999247841e-01,-7.938787471712487054e-02,0.000000000000000000e+00,3.215426516971704451e-01,-5.348732756634551333e-02,-9.453730352779112778e-01,0.000000000000000000e+00,-9.444508818333308131e-01,-8.979126370262409396e-02,-3.161487952957116043e-01,0.000000000000000000e+00,3.869988714838668575e-01,-2.090299122147768196e-01,3.798349460959213331e-01,1.000000000000000000e+00
-6.823507563075317806e-02,9.946704400888246589e-01,-7.717147768688728537e-02,0.000000000000000000e+00,3.182008589203580429e-01,-5.161368668073764571e-02,-9.466070925314142848e-01,0.000000000000000000e+00,-9.455634028150532444e-01,-8.914955344076885835e-02,-3.129891505757489978e-01,0.000000000000000000e+00,3.871727540138668600e-01,-2.091312251492404017e-01,3.780366259467071721e-01,1.000000000000000000e+00
-6.881389786332345326e-02,9.948919682594680181e-01,-7.372493373931358895e-02,0.000000000000000000e+00,3.130045421639877645e-01,-4.863713051297199885e-02,-9.484952994197624054e-01,0.000000000000000000e+00,-9.472543621307351058e-01,-8.834759875430485410e-02,-3.080647256967966596e-01,0.000000000000000000e+00,3.875387658168864546e-01,-2.092010143134641342e-01,3.751830464725010028e-01,1.000000000000000000e+00
-6.940457950274632470e-02,9.949393512525123162e-01,-7.252198683492705467e-02,0.000000000000000000e+00,3.112371378985629988e-01,-4.747216429365032353e-02,-9.491357039492275272e-01,0.000000000000000000e+00,-9.477934851733750277e-01,-8.844760293129634576e-02,-3.063731890988756201e-01,0.000000000000000000e+00,3.877186914385001848e-01,-2.090672221337217251e-01,3.742328533517600420e-01,1.000000000000000000e+00
-7.035534161635637052e-02,9.949635794381309628e-01,-7.126253152194361729e-02,0.000000000000000000e+00,3.088808743035225679e-01,-4.619837436492058719e-02,-9.499679271410895742e-01,0.000000000000000000e+00,-9.484939636971493337e-01,-8.884866169223445964e-02,-3.040807724035995974e-01,0.000000000000000000e+00,3.879099177297981038e-01,-2.086605736344841755e-01,3.733900140225504538e-01,1.000000000000000000e+00
-7.086885475876307516e-02,9.949296005698030632e-01,-7.122810004767704539e-02,0.000000000000000000e+00,3.088450957803860475e-01,-4.601168386930134385e-02,-9.499886202798032420e-01,0.000000000000000000e+00,-9.484673842790977139e-01,-8.932477471327902874e-02,-3.040241858490675964e-01,0.000000000000000000e+00,3.880138843616749433e-01,-2.084500297205413577e-01,3.733838166368685374e-01,1.000000000000000000e+00
-7.093993545119965660e-02,9.949207308618737144e-01,-7.128121604366183250e-02,0.000000000000000000e+00,3.089526490224855926e-01,-4.603050653560099292e-02,-9.499527356828197933e-01,0.000000000000000000e+00,-9.484270407102620704e-01,-8.941382776652254116e-02,-3.041238495312615919e-01,0.000000000000000000e+00,3.880268216166269934e-01,-2.084092252459973649e-01,3.734478526927331177e-01,1.000000000000000000e+00
-7.077942634617165329e-02,9.949275582576918575e-01,-7.134545203937368851e-02,0.000000000000000000e+00,3.089817223144600833e-01,-4.613824430208886967e-02,-9.499380530274167400e-01,0.000000000000000000e+00,-9.484295616987173938e-01,-8.928223006770483194e-02,-3.041546479837460293e-01,0.000000000000000000e+00,3.879959448758449336e-01,-2.084678921886067571e-01,3.734765328818356878e-01,1.000000000000000000e+00
-7.079503658054187021e-02,9.949260984492468429e-01,-7.135032110178311793e-02,0.000000000000000000e+00,3.089948347520292127e-01,-4.613687887631363893e-02,-9.499338542263492391e-01,0.000000000000000000e+00,-9.484241245961035904e-01,-8.929920192375588595e-02,-3.041666195030198194e-01,0.000000000000000000e+00,3.880005522820658692e-01,-2.084616508718317995e-01,3.734802604565536366e-01,1.000000000000000000e+00
-7.086694930357942401e-02,9.949206802777263992e-01,-7.135448376464054165e-02,0.000000000000000000e+00,3.090291636306762291e-01,-4.611559847863801187e-02,-9.499237203606877289e-01,0.000000000000000000e+00,-9.484075685807575873e-01,-8.937053323185933928e-02,-3.041972906660886933e-01,0.000000000000000000e+00,3.880161383837492095e-01,-2.084329783835162375e-01,3.734909781303574206e-01,1.000000000000000000e+00
-7.083658346947459272e-02,9.949218011962083219e-01,-7.136900481352576042e-02,0.000000000000000000e+00,3.090464364140550479e-01,-4.613713474145293703e-02,-9.499170552415777680e-01,0.000000000000000000e+00,-9.484042086993181853e-01,-8.934693558611285502e-02,-3.042146972498058211e-01,0.000000000000000000e+00,3.880080986294781598e-01,-2.084435193838192202e-01,3.735045494719028691e-01,1.000000000000000000e+00
-7.080614868961024322e-02,9.949229025327711584e-01,-7.138385128808170943e-02,0.000000000000000000e+00,3.090596165333625578e-01,-4.615938908277550379e-02,-9.499116859629446186e-01,0.000000000000000000e+00,-9.484021863948736142e-01,-8.932317353194417497e-02,-3.042279795015663257e-01,0.000000000000000000e+00,3.880008422454043759e-01,-2.084538600164863309e-01,3.735154150702497677e-01,1.000000000000000000e+00
-7.079976110761256047e-02,9.949196953919159370e-01,-7.143486858370015624e-02,0.000000000000000000e+00,3.091366469944837880e-01,-4.620279865475813291e-02,-9.498845097077246447e-01,0.000000000000000000e+00,-9.483775571128093551e-01,-8.933645212312366080e-02,-3.043008502893031486e-01,0.000000000000000000e+00,3.879989347632373242e-01,-2.084521270824175043e-01,3.735537311276987960e-01,1.000000000000000000e+00
