9.995567022538156543e-01,2.266444723015663409e-02,1.880076361312618335e-02,0.000000000000000000e+00,2.631054354367393100e-02,-9.741010123339216564e-01,-2.245344516319792150e-01,0.000000000000000000e+00,1.322514826291770057e-02,2.249339050000219997e-01,-9.742842674675933345e-01,0.000000000000000000e+00,6.227296979849964442e-01,2.985307781565518237e-01,3.075533594595336248e-02,1.000000000000000000e+00
9.995567891765562152e-01,2.266627299818187863e-02,1.879393999759594938e-02,0.000000000000000000e+00,2.631083822131352265e-02,-9.741001436429393978e-01,-2.245381857237311873e-01,0.000000000000000000e+00,1.321799032241784307e-02,2.249374830279426418e-01,-9.742835385353127986e-01,0.000000000000000000e+00,6.227264385846447148e-01,2.985349192540464047e-01,3.075111760637479555e-02,1.000000000000000000e+00
9.995564991176992820e-01,2.266560052423846269e-02,1.881017080339479272e-02,0.000000000000000000e+00,2.631378109407917290e-02,-9.741009742750033062e-01,-2.245342373497422883e-01,0.000000000000000000e+00,1.323405717469250571e-02,2.249339536098642067e-01,-9.742841352727306115e-01,0.000000000000000000e+00,6.227324414127672902e-01,2.985310568690192068e-01,3.075966711906961276e-02,1.000000000000000000e+00
9.995568039948034000e-01,2.267521192865380036e-02,1.878236547651698785e-02,0.000000000000000000e+00,2.631689832450383182e-02,-9.741007786790023548e-01,-2.245347205684403991e-01,0.000000000000000000e+00,1.320479869517226026e-02,2.249338319530839181e-01,-9.742845603489372897e-01,0.000000000000000000e+00,6.227205208030270889e-01,2.985362509689369892e-01,3.074543472961916227e-02,1.000000000000000000e+00
9.995568246485186936e-01,2.266833733567135897e-02,1.878956311931060524e-02,0.000000000000000000e+00,2.631178506647954135e-02,-9.741014801996805694e-01,-2.245322763894194718e-01,0.000000000000000000e+00,1.321342226220834602e-02,2.249314867933367712e-01,-9.742849848586703221e-01,0.000000000000000000e+00,6.227237751618605044e-01,2.985324522648808987e-01,3.075052746106558127e-02,1.000000000000000000e+00
9.995569199929076332e-01,2.267221846843931604e-02,1.877980578226226202e-02,0.000000000000000000e+00,2.631333651478236571e-02,-9.741020430412127284e-01,-2.245296527534918485e-01,0.000000000000000000e+00,1.320311604144632986e-02,2.249286580762634435e-01,-9.742857776354980626e-01,0.000000000000000000e+00,6.227208046823535792e-01,2.985319367446509498e-01,3.074307548235561197e-02,1.000000000000000000e+00
9.995563552182646916e-01,2.267567810217212612e-02,1.880567112849612643e-02,0.000000000000000000e+00,2.632255301087686045e-02,-9.741013591532678983e-01,-2.245315394325572145e-01,0.000000000000000000e+00,1.322747956407053192e-02,2.249312710859215081e-01,-9.742848439096514213e-01,0.000000000000000000e+00,6.227275668595837477e-01,2.985354733397437288e-01,3.075916631285674149e-02,1.000000000000000000e+00
9.995570506300038849e-01,2.264459079217038401e-02,1.880616773591385973e-02,0.000000000000000000e+00,2.629216859701116391e-02,-9.741055818944620581e-01,-2.245167790917334816e-01,0.000000000000000000e+00,1.323535719872850729e-02,2.249161147908355085e-01,-9.742882359072277954e-01,0.000000000000000000e+00,6.227369885313366327e-01,2.985146628211807207e-01,3.075512152182341766e-02,1.000000000000000000e+00
9.995583813729779221e-01,2.259901052943732308e-02,1.879025948014535416e-02,0.000000000000000000e+00,2.624381507783093634e-02,-9.741129095644588398e-01,-2.244906423244251159e-01,0.000000000000000000e+00,1.323082267836187854e-02,2.248889609796267952e-01,-9.742945656015730149e-01,0.000000000000000000e+00,6.227462048243648240e-01,2.984773846439733314e-01,3.074128601740688804e-02,1.000000000000000000e+00
9.995632683825750320e-01,2.241918638150180651e-02,1.874565239046341314e-02,0.000000000000000000e+00,2.605711089159474386e-02,-9.741420784561076740e-01,-2.243857946805146719e-01,0.000000000000000000e+00,1.323063656011067707e-02,2.247805835753322878e-01,-9.743195777073083708e-01,0.000000000000000000e+00,6.227919595420698951e-01,2.983324802617119409e-01,3.070051977975514143e-02,1.000000000000000000e+00
9.995656133607926375e-01,2.225722825134942434e-02,1.881348661035421935e-02,0.000000000000000000e+00,2.591476603698432413e-02,-9.741417898038443601e-01,-2.244035319691284058e-01,0.000000000000000000e+00,1.333265958262726952e-02,2.247979292336370061e-01,-9.743141850556842343e-01,0.000000000000000000e+00,6.228621711153324858e-01,2.982412369322476331e-01,3.074457013428816624e-02,1.000000000000000000e+00
9.995454580979916681e-01,2.215927322825004403e-02,1.996473658428894737e-02,0.000000000000000000e+00,2.607705522772091680e-02,-9.741550247829640075e-01,-2.243272649099112281e-01,0.000000000000000000e+00,1.447809805462068472e-02,2.247502474454795840e-01,-9.743088375612306562e-01,0.000000000000000000e+00,6.232373158215289699e-01,2.982146706640939060e-01,3.143077493065589423e-02,1.000000000000000000e+00
9.994950717466295487e-01,2.216039699483966091e-02,2.234424445890422287e-02,0.000000000000000000e+00,2.660676849323737048e-02,-9.742265385370847408e-01,-2.239541881314253691e-01,0.000000000000000000e+00,1.680576578084415004e-02,2.244399366381243377e-01,-9.743429997071841875e-01,0.000000000000000000e+00,6.239366719041496978e-01,2.981726397321644573e-01,3.287697103284371175e-02,1.000000000000000000e+00
9.994354816636707994e-01,1.778498633927981520e-02,2.816308139793046936e-02,0.000000000000000000e+00,2.359474327041957697e-02,-9.748146772418175843e-01,-2.217214018202620096e-01,0.000000000000000000e+00,2.351092565873352108e-02,2.222650159889766053e-01,-9.747027747175491807e-01,0.000000000000000000e+00,6.262883117078982265e-01,2.970622814725615290e-01,3.728444230208777244e-02,1.000000000000000000e+00
9.994748982807796223e-01,1.503566809031976932e-02,2.836553001288382239e-02,0.000000000000000000e+00,2.070947749808701999e-02,-9.770865239040019690e-01,-2.117871319229725491e-01,0.000000000000000000e+00,2.453168840860901756e-02,2.122674442474884737e-01,-9.769036433428133215e-01,0.000000000000000000e+00,6.281131955379217757e-01,2.930490616678284033e-01,4.215648077761972867e-02,1.000000000000000000e+00
9.995834448810761996e-01,1.548731059607729062e-02,2.395468286973954919e-02,0.000000000000000000e+00,2.001188483838551441e-02,-9.791714740718650001e-01,-2.019987518039518259e-01,0.000000000000000000e+00,2.032771609880537969e-02,2.023978833312439496e-01,-9.790923760203827930e-01,0.000000000000000000e+00,6.281453120862136030e-01,2.896882385556963646e-01,4.442571164140141776e-02,1.000000000000000000e+00
9.997371981428175847e-01,1.642678098209984783e-02,1.537668421094020264e-02,0.000000000000000000e+00,1.903731819890031388e-02,-9.818049117623309785e-01,-1.888847337832353646e-01,0.000000000000000000e+00,1.199436686093001414e-02,1.891314667213848388e-01,-9.818785176687709892e-01,0.000000000000000000e+00,6.273752607234294176e-01,2.854669995100192481e-01,4.658596853179778480e-02,1.000000000000000000e+00
9.998289328086830130e-01,1.755200541646266543e-02,3.844362849478285930e-03,0.000000000000000000e+00,1.795247991184610245e-02,-9.847427821057873620e-01,-1.730321023879005105e-01,0.000000000000000000e+00,7.486625835598588376e-04,1.730748503461586596e-01,-9.849083894870582778e-01,0.000000000000000000e+00,6.260469509160669910e-01,2.805363486146159602e-01,4.872843799243225388e-02,1.000000000000000000e+00
9.988593476444624919e-01,2.168161857090963179e-02,-4.231616642174516191e-02,0.000000000000000000e+00,1.694455447619152774e-02,-9.938596198700156981e-01,-1.092551370263178667e-01,0.000000000000000000e+00,-4.442601262059909378e-02,1.084155736455072877e-01,-9.931124774131829813e-01,0.000000000000000000e+00,6.196673977843315528e-01,2.625350443401072709e-01,5.825756694867965935e-02,1.000000000000000000e+00
9.980741464278318764e-01,2.280256233112470596e-02,-5.752206780617574733e-02,0.000000000000000000e+00,1.778321202422529848e-02,-9.961000304354292734e-01,-8.630894297722781217e-02,0.000000000000000000e+00,-5.926693961665569638e-02,8.512143631463864324e-02,-9.946063396883253471e-01,0.000000000000000000e+00,6.172514884740127883e-01,2.565251362565859061e-01,6.262202252826824800e-02,1.000000000000000000e+00
9.962227292510651422e-01,2.424363852095789279e-02,-8.326623935324613257e-02,0.000000000000000000e+00,2.091748173694336563e-02,-9.989473378306792384e-01,-4.058844786379126046e-02,0.000000000000000000e+00,-8.416422021328028025e-02,3.869415924842588284e-02,-9.957003294545743177e-01,0.000000000000000000e+00,6.126170635235258510e-01,2.449012357024893671e-01,7.388698858601483455e-02,1.000000000000000000e+00
9.952321080273758280e-01,2.458813488365149333e-02,-9.428266900940818207e-02,0.000000000000000000e+00,2.297839269562068285e-02,-9.995620818964017218e-01,-1.812139082038848395e-02,0.000000000000000000e+00,-9.468877517590734705e-02,1.586883131785084972e-02,-9.953804378469029990e-01,0.000000000000000000e+00,6.102384547117110092e-01,2.393857628853501840e-01,8.037446084660367085e-02,1.000000000000000000e+00
9.931055102783107325e-01,2.361502701416615113e-02,-1.147367545958338370e-01,0.000000000000000000e+00,2.689039925519647739e-02,-9.992618112975020228e-01,2.708294318459937913e-02,0.000000000000000000e+00,-1.140146879209526787e-01,-2.998211450012011614e-02,-9.930265473532866594e-01,0.000000000000000000e+00,6.048124102598124718e-01,2.285928284770103736e-01,9.529209556328435693e-02,1.000000000000000000e+00
9.904141930469632094e-01,2.012058862152639460e-02,-1.365856325748221745e-01,0.000000000000000000e+00,3.047442513362659533e-02,-9.967723419168199595e-01,7.414145064430377463e-02,0.000000000000000000e+00,-1.346556037632206104e-01,-7.759460758208512610e-02,-9.878496572097115180e-01,0.000000000000000000e+00,5.976380416559031739e-01,2.175880433374212941e-01,1.115684292005810763e-01,1.000000000000000000e+00
9.889756177336980203e-01,1.714418695635604173e-02,-1.470171802309659104e-01,0.000000000000000000e+00,3.174900107176698710e-02,-9.947117771211329007e-01,9.757678150395579508e-02,0.000000000000000000e+00,-1.445696294435365459e-01,-1.011706542256624597e-01,-9.843089560529814097e-01,0.000000000000000000e+00,5.936291379654106137e-01,2.121606635852097689e-01,1.204732978920202702e-01,1.000000000000000000e+00
9.874618590757467951e-01,1.278410525242775798e-02,-1.572780672082831344e-01,0.000000000000000000e+00,3.196903707222111674e-02,-9.922417017417454188e-01,1.200630371701813526e-01,0.000000000000000000e+00,-1.545259336523562010e-01,-1.235880777050461371e-01,-9.802284034234262089e-01,0.000000000000000000e+00,5.893782369640401253e-01,2.068756223832073082e-01,1.297868534509095950e-01,1.000000000000000000e+00
9.856952701354166901e-01,6.568026551946193857e-03,-1.683521379759966852e-01,0.000000000000000000e+00,3.074627951720263971e-02,-9.894629856973150561e-01,1.414157457004470153e-01,0.000000000000000000e+00,-1.656525760430438421e-01,-1.445718170066074837e-01,-9.755297093260213437e-01,0.000000000000000000e+00,5.846055121460804749e-01,2.017954033095271937e-01,1.392553213748633778e-01,1.000000000000000000e+00
9.810347586084210425e-01,-1.054228494261531118e-02,-1.934952442090351610e-01,0.000000000000000000e+00,2.522431684982750361e-02,-9.830668322313849128e-01,1.814499493172091749e-01,0.000000000000000000e+00,-1.921353530458731751e-01,-1.828930138340456313e-01,-9.641753738820739716e-01,0.000000000000000000e+00,5.734285035627669780e-01,1.918726144574858794e-01,1.586452495086909942e-01,1.000000000000000000e+00
9.739895898940417185e-01,-2.998861737090885785e-02,-2.245566933035533230e-01,0.000000000000000000e+00,1.978213413768431864e-02,-9.761469616473287259e-01,2.161631868215661556e-01,0.000000000000000000e+00,-2.256871141614077980e-01,-2.149870434777589878e-01,-9.501820339483313393e-01,0.000000000000000000e+00,5.596533009154532889e-01,1.824007616862844960e-01,1.779829902392937868e-01,1.000000000000000000e+00
9.696693263842385280e-01,-4.018966324333739931e-02,-2.410538017520826859e-01,0.000000000000000000e+00,1.696205767412787072e-02,-9.729280116977820914e-01,2.304433109345299657e-01,0.000000000000000000e+00,-2.437941289064322614e-01,-2.275469595556180169e-01,-9.427549012907584514e-01,0.000000000000000000e+00,5.521976724162394046e-01,1.780185430321656326e-01,1.876660301823174226e-01,1.000000000000000000e+00
9.648178663072234373e-01,-5.049301861050947693e-02,-2.579877648788480582e-01,0.000000000000000000e+00,1.400706699049038446e-02,-9.701026820621003743e-01,2.422505629125590310e-01,0.000000000000000000e+00,-2.625116389922467208e-01,-2.373458927703251675e-01,-9.352831478106838903e-01,0.000000000000000000e+00,5.445094347198154994e-01,1.740259788252240258e-01,1.972545678275456627e-01,1.000000000000000000e+00
9.595319555329182570e-01,-5.944026441954264328e-02,-2.752199632623280601e-01,0.000000000000000000e+00,1.219956174475346489e-02,-9.677592132391323876e-01,2.515432821309679379e-01,0.000000000000000000e+00,-2.813038702884829712e-01,-2.447260920751313518e-01,-9.278886099195069459e-01,0.000000000000000000e+00,5.367230131333585730e-01,1.703780805079478655e-01,2.067549480198190015e-01,1.000000000000000000e+00
9.458523768662320252e-01,-6.311167464161171470e-02,-3.183723364264532951e-01,0.000000000000000000e+00,2.477275796470755284e-02,-9.640041865228524687e-01,2.646941361844721841e-01,0.000000000000000000e+00,-3.236237861513059921e-01,-2.582535108659461121e-01,-9.102597262114294763e-01,0.000000000000000000e+00,5.195027307671744587e-01,1.628403134005968200e-01,2.247928490920252931e-01,1.000000000000000000e+00
9.290277806182098974e-01,-6.010934566601792289e-02,-3.650684816639405694e-01,0.000000000000000000e+00,4.549907394154641821e-02,-9.606541755558618556e-01,2.739600995742944578e-01,0.000000000000000000e+00,-3.671791929355869843e-01,-2.711320412583821393e-01,-8.897566276674954144e-01,0.000000000000000000e+00,5.019758737496796686e-01,1.540819960558757751e-01,2.422203470734110575e-01,1.000000000000000000e+00
9.196039692794827358e-01,-6.184454620598542340e-02,-3.879233670342685514e-01,0.000000000000000000e+00,5.330650789468313611e-02,-9.587381063771437395e-01,2.792139081379201304e-01,0.000000000000000000e+00,-3.891922649301954307e-01,-2.774504000089737521e-01,-8.783795628618445983e-01,0.000000000000000000e+00,4.933448043596009303e-01,1.490316986900672158e-01,2.509762782307115581e-01,1.000000000000000000e+00
9.091893321518141891e-01,-6.355451653891550090e-02,-4.114806540167486593e-01,0.000000000000000000e+00,6.183246429131871585e-02,-9.567031273254389401e-01,2.843881492372633546e-01,0.000000000000000000e+00,-4.117469072697944044e-01,-2.840110024148643775e-01,-8.659112165003194361e-01,0.000000000000000000e+00,4.846992315139782015e-01,1.435530984703472235e-01,2.598079353651941426e-01,1.000000000000000000e+00
8.981109264182132179e-01,-6.586159389285456411e-02,-4.347870297045666188e-01,0.000000000000000000e+00,6.996910844781988048e-02,-9.547130377383271638e-01,2.891506291479947199e-01,0.000000000000000000e+00,-4.341491259252914237e-01,-2.901165858949083520e-01,-8.528463537161824481e-01,0.000000000000000000e+00,4.762886169604531039e-01,1.377945125501645329e-01,2.687725936369313451e-01,1.000000000000000000e+00
8.743390828261755621e-01,-6.829855769012192768e-02,-4.804656305724059329e-01,0.000000000000000000e+00,8.721228078627145386e-02,-9.518061020316922471e-01,2.940066480821491024e-01,0.000000000000000000e+00,-4.773995404311538460e-01,-2.989697626049531709e-01,-8.262607093672439396e-01,0.000000000000000000e+00,4.606660360972223978e-01,1.255087447324431671e-01,2.871854678721758591e-01,1.000000000000000000e+00
8.308697420640962505e-01,-7.169569642397560782e-02,-5.518115128717698825e-01,0.000000000000000000e+00,1.155632440870715399e-01,-9.478012661800278016e-01,2.971508763992062874e-01,0.000000000000000000e+00,-5.443225695152215104e-01,-3.106687819167350817e-01,-7.792290088662761072e-01,0.000000000000000000e+00,4.383346988395862009e-01,1.041968224979807345e-01,3.162150112557833848e-01,1.000000000000000000e+00
8.126045484290796983e-01,-7.020885074627913891e-02,-5.785545022298820284e-01,0.000000000000000000e+00,1.276008179347457028e-01,-9.471885754580945393e-01,2.941642070090404459e-01,0.000000000000000000e+00,-5.686640942427699796e-01,-3.128692240070208852e-01,-7.607456845676447976e-01,0.000000000000000000e+00,4.304049552847598603e-01,9.652324107474347104e-02,3.264599858734972826e-01,1.000000000000000000e+00
7.941608600166109033e-01,-6.672086419034269078e-02,-6.040178818549819528e-01,0.000000000000000000e+00,1.391913274215710039e-01,-9.475488955847011230e-01,2.876762272904078155e-01,0.000000000000000000e+00,-5.915418723710405002e-01,-3.125412682209585680e-01,-7.432335897216960641e-01,0.000000000000000000e+00,4.229146285188135623e-01,8.904124650621179915e-02,3.365943640783424229e-01,1.000000000000000000e+00
7.594322457333406717e-01,-4.592633008222538060e-02,-6.489485212609715781e-01,0.000000000000000000e+00,1.646305094551386572e-01,-9.514623102210960637e-01,2.599942585644626214e-01,0.000000000000000000e+00,-6.294027593453482838e-01,-3.042906078618718424e-01,-7.150240502916764829e-01,0.000000000000000000e+00,4.103525569872319423e-01,7.486109117846051486e-02,3.559272288179801680e-01,1.000000000000000000e+00
7.277531613445661351e-01,-7.035132579257574563e-03,-6.857890272990596614e-01,0.000000000000000000e+00,1.918861222327652161e-01,-9.579131611684741365e-01,2.134545353369221854e-01,0.000000000000000000e+00,-6.584406930141453174e-01,-2.869411345189873397e-01,-6.957877830948228093e-01,0.000000000000000000e+00,4.007304634985414116e-01,6.131243784499202515e-02,3.732012832689589610e-01,1.000000000000000000e+00
7.126233756548648879e-01,1.569325705753423991e-02,-7.013575358220653921e-01,0.000000000000000000e+00,2.055020852821962396e-01,-9.605542976774674724e-01,1.873101200128401977e-01,0.000000000000000000e+00,-6.707654036921074647e-01,-2.776173511519732240e-01,-6.877516845120236200e-01,0.000000000000000000e+00,3.966644888886851072e-01,5.416098261742205433e-02,3.812885453894887533e-01,1.000000000000000000e+00
6.964379273334921905e-01,3.948211330233193650e-02,-7.165166592632858933e-01,0.000000000000000000e+00,2.190615164217668831e-01,-9.625120124622686957e-01,1.598856616149110510e-01,0.000000000000000000e+00,-6.833564245917012059e-01,-2.683168306355542820e-01,-6.789919553035498323e-01,0.000000000000000000e+00,3.928755873754728456e-01,4.632268266643230908e-02,3.889533638143543581e-01,1.000000000000000000e+00
6.789004935840238231e-01,6.422625993156369506e-02,-7.314026621825904240e-01,0.000000000000000000e+00,2.326744054823524921e-01,-9.636335745231244809e-01,1.313533478310616454e-01,0.000000000000000000e+00,-6.963812350107745353e-01,-2.593595257425375666e-01,-6.691679997814259373e-01,0.000000000000000000e+00,3.890265357271781022e-01,3.823894380997729103e-02,3.965673238255024713e-01,1.000000000000000000e+00
6.382660606024024297e-01,1.160177013669086710e-01,-7.610105621828370248e-01,0.000000000000000000e+00,2.544687277104148992e-01,-9.647929173867677566e-01,6.634033523415909517e-02,0.000000000000000000e+00,-7.265349352976312458e-01,-2.360007177069364526e-01,-6.453298761361336844e-01,0.000000000000000000e+00,3.810568620028663700e-01,2.183066544142373694e-02,4.111390761333116317e-01,1.000000000000000000e+00
5.953014846162678619e-01,1.706961399204172947e-01,-7.851494871240412010e-01,0.000000000000000000e+00,2.680423484827783587e-01,-9.633770992148281698e-01,-6.213777391285799090e-03,0.000000000000000000e+00,-7.574702868208499362e-01,-2.067582222691489446e-01,-6.192655344096266168e-01,0.000000000000000000e+00,3.737677842689057228e-01,5.648780561419707545e-03,4.251171975689649329e-01,1.000000000000000000e+00
5.739068585007915946e-01,1.978418038587639038e-01,-7.946510462541851449e-01,0.000000000000000000e+00,2.712164179648263174e-01,-9.615243723398634312e-01,-4.351187106949737371e-02,0.000000000000000000e+00,-7.726996924039448711e-01,-1.905543178251812297e-01,-6.054950349235154183e-01,0.000000000000000000e+00,3.704928133641119392e-01,-2.286125517989586516e-03,4.318386169428364285e-01,1.000000000000000000e+00
5.526599182714311276e-01,2.256426856203172515e-01,-8.022674990696520014e-01,0.000000000000000000e+00,2.729244670179192256e-01,-9.585593130877620993e-01,-8.159059686575814707e-02,0.000000000000000000e+00,-7.874464650035805091e-01,-1.738699245286703388e-01,-5.913521066993496778e-01,0.000000000000000000e+00,3.673953690669022887e-01,-9.958402185490048547e-03,4.384098475861789024e-01,1.000000000000000000e+00
5.314415403139182148e-01,2.536121868392494094e-01,-8.082273781656942324e-01,0.000000000000000000e+00,2.732748287279670452e-01,-9.544365504012687351e-01,-1.198018620182299820e-01,0.000000000000000000e+00,-8.018004001124987568e-01,-1.572035389133053518e-01,-5.765441576605991880e-01,0.000000000000000000e+00,3.643784113849732331e-01,-1.768077275419626879e-02,4.447952228979559219e-01,1.000000000000000000e+00
4.677248321490777849e-01,3.376425347615803485e-01,-8.168303049055543053e-01,0.000000000000000000e+00,2.748521074439049805e-01,-9.338934350163587972e-01,-2.286484593610869920e-01,0.000000000000000000e+00,-8.400500782288613522e-01,-1.175652319465545353e-01,-5.296171091505986750e-01,0.000000000000000000e+00,3.566513868611527749e-01,-3.999592072383548885e-02,4.625902160221268544e-01,1.000000000000000000e+00
4.462550352885808480e-01,3.677226437637010070e-01,-8.158536925480142088e-01,0.000000000000000000e+00,2.774016346648442988e-01,-9.236017693789626559e-01,-2.645540617464223754e-01,0.000000000000000000e+00,-8.508228139712176175e-01,-1.082626501912809236e-01,-5.141787022034837173e-01,0.000000000000000000e+00,3.548386881251835989e-01,-4.716096901739968983e-02,4.676624841010526556e-01,1.000000000000000000e+00
4.254372173191147133e-01,3.992857183516974606e-01,-8.121298148334079592e-01,0.000000000000000000e+00,2.812407257549486839e-01,-9.112942418504998976e-01,-3.007111668165327600e-01,0.000000000000000000e+00,-8.601754591946079165e-01,-1.004721909047872758e-01,-5.000035182417594815e-01,0.000000000000000000e+00,3.536595747074022800e-01,-5.399812193047543590e-02,4.720135933132688644e-01,1.000000000000000000e+00
4.058662406122678368e-01,4.304442302606520943e-01,-8.062078554986844559e-01,0.000000000000000000e+00,2.866835417781695705e-01,-8.975717063288112252e-01,-3.349004714429627549e-01,0.000000000000000000e+00,-8.678020440383271694e-01,-9.520356106348067116e-02,-4.877047204238783573e-01,0.000000000000000000e+00,3.531495220188883288e-01,-6.041685118536869320e-02,4.759010517925638117e-01,1.000000000000000000e+00
3.507061251332947993e-01,5.116128606072779528e-01,-7.843712396285548172e-01,0.000000000000000000e+00,3.073981859724074228e-01,-8.540527357214408033e-01,-4.196200981468884983e-01,0.000000000000000000e+00,-8.845944729920006688e-01,-9.395276642349184582e-02,-4.567991856750375224e-01,0.000000000000000000e+00,3.548028132155759407e-01,-7.969925712205061519e-02,4.838783407480382603e-01,1.000000000000000000e+00
3.365569486963174706e-01,5.360418146717867982e-01,-7.741894730030954852e-01,0.000000000000000000e+00,3.187856874594129364e-01,-8.384658611681901075e-01,-4.419631568668631605e-01,0.000000000000000000e+00,-8.860592351998631822e-01,-9.805663975800141263e-02,-4.530826934637909864e-01,0.000000000000000000e+00,3.569935469565756470e-01,-8.603780182206009763e-02,4.846778250917770925e-01,1.000000000000000000e+00
3.072266793021917741e-01,5.880563855904004100e-01,-7.481859406541335744e-01,0.000000000000000000e+00,3.466403772458299115e-01,-8.013506766991795871e-01,-4.875020909881762066e-01,0.000000000000000000e+00,-8.862550905910853150e-01,-1.095799179041875709e-01,-4.500490595407333205e-01,0.000000000000000000e+00,3.621013647182428352e-01,-9.859650985552675939e-02,4.846126102375763467e-01,1.000000000000000000e+00
2.893867441461651091e-01,6.161635090921011582e-01,-7.325152484945269826e-01,0.000000000000000000e+00,3.597262330322206769e-01,-7.791702286326535054e-01,-5.132947876047401214e-01,0.000000000000000000e+00,-8.870446695342621979e-01,-1.149664570680199172e-01,-4.471403224940455057e-01,0.000000000000000000e+00,3.643050319963828665e-01,-1.046743057733468957e-01,4.841628001398842196e-01,1.000000000000000000e+00
2.519784750207180180e-01,6.709945435416369008e-01,-6.973190930734595172e-01,0.000000000000000000e+00,3.825703744877891888e-01,-7.309422527792280855e-01,-5.651053694378670444e-01,0.000000000000000000e+00,-8.888997222901416917e-01,-1.243816320894762378e-01,-4.408928365388437021e-01,0.000000000000000000e+00,3.684068907113398073e-01,-1.165605555278436539e-01,4.821508407140373542e-01,1.000000000000000000e+00
2.341165441719094131e-01,6.968688089297562227e-01,-6.778967869720535777e-01,0.000000000000000000e+00,3.931739113704605382e-01,-7.055772934909332328e-01,-5.895385527926660929e-01,0.000000000000000000e+00,-8.891567283430706903e-01,-1.285130768783075972e-01,-4.391864086165657155e-01,0.000000000000000000e+00,3.704998235259139849e-01,-1.224271806575057686e-01,4.804232163264121613e-01,1.000000000000000000e+00
2.008073607335492949e-01,7.434146509599552921e-01,-6.379590954869460706e-01,0.000000000000000000e+00,4.151915818768205368e-01,-6.544281178753290629e-01,-6.319181400893520983e-01,0.000000000000000000e+00,-8.872926568239382084e-01,-1.379840887382269288e-01,-4.400819610043088526e-01,0.000000000000000000e+00,3.752167550302558663e-01,-1.343498639313027154e-01,4.754038531541882051e-01,1.000000000000000000e+00
1.842614138432670801e-01,7.641048423594007932e-01,-6.182008315690006306e-01,0.000000000000000000e+00,4.258648578754902769e-01,-6.289315033619271578e-01,-6.504344961691401750e-01,0.000000000000000000e+00,-8.858231813799450904e-01,-1.434227907312424222e-01,-4.413017045387145898e-01,0.000000000000000000e+00,3.775233670589330792e-01,-1.402712479342273222e-01,4.723878652406056644e-01,1.000000000000000000e+00
1.663798071854424299e-01,7.830235369600969664e-01,-5.993101427713726226e-01,0.000000000000000000e+00,4.334534666379062928e-01,-6.039890970710671825e-01,-6.688019211844915546e-01,0.000000000000000000e+00,-8.856814899628266957e-01,-1.485007833838339064e-01,-4.399043255886618264e-01,0.000000000000000000e+00,3.792763716921611628e-01,-1.458643395304542456e-01,4.696131969088152558e-01,1.000000000000000000e+00
1.277904679577075153e-01,8.175968473192979369e-01,-5.614140525974598006e-01,0.000000000000000000e+00,4.359435761793620800e-01,-5.547454410169463390e-01,-7.086546697511215687e-01,0.000000000000000000e+00,-8.908528617060591515e-01,-1.541885065453235393e-01,-4.273255003383811257e-01,0.000000000000000000e+00,3.808378901799629457e-01,-1.553781537732165097e-01,4.648684199515266680e-01,1.000000000000000000e+00
9.194074366281643207e-02,8.502453392647076891e-01,-5.182764798971477571e-01,0.000000000000000000e+00,4.338340291576364693e-01,-5.026884580131186775e-01,-7.477119072386452237e-01,0.000000000000000000e+00,-8.962874250566883472e-01,-1.561037901760466695e-01,-4.150909037523277112e-01,0.000000000000000000e+00,3.822478707935231257e-01,-1.624126322444091886e-01,4.591359465408378915e-01,1.000000000000000000e+00
7.741840596261603813e-02,8.646668729142672483e-01,-4.963248293245848264e-01,0.000000000000000000e+00,4.345487216716645285e-01,-4.773091661832122301e-01,-7.637565811645863345e-01,0.000000000000000000e+00,-8.973126811939153846e-01,-1.565515171615115553e-01,-4.127003448544909192e-01,0.000000000000000000e+00,3.836137358093895666e-01,-1.653221443365981702e-01,4.552805252346389109e-01,1.000000000000000000e+00
6.611400356758109775e-02,8.771863992936360654e-01,-4.755562073275246271e-01,0.000000000000000000e+00,4.360794472225564267e-01,-4.540748571314668913e-01,-7.769372476154785545e-01,0.000000000000000000e+00,-8.974741827722618748e-01,-1.560168598620221281e-01,-4.125516097363511880e-01,0.000000000000000000e+00,3.852974089918141942e-01,-1.676217769416753489e-01,4.509159997683711008e-01,1.000000000000000000e+00
5.584699011973230653e-02,8.886163411594212302e-01,-4.552173753496434050e-01,0.000000000000000000e+00,4.368205753333771479e-01,-4.317241513706382983e-01,-7.891658817954105842e-01,0.000000000000000000e+00,-8.978113191609041754e-01,-1.547787565692141376e-01,-4.122843335629491901e-01,0.000000000000000000e+00,3.870873640180230169e-01,-1.694436798243880160e-01,4.461308018056101554e-01,1.000000000000000000e+00
3.438840038537734067e-02,9.088449875028832281e-01,-4.156909591403536441e-01,0.000000000000000000e+00,4.296641870219737314e-01,-3.889800083160729893e-01,-8.149012126769616948e-01,0.000000000000000000e+00,-9.023317278767083449e-01,-1.505872681069092556e-01,-4.038823189384895818e-01,0.000000000000000000e+00,3.893928851324656715e-01,-1.718466338795004433e-01,4.374197471093532186e-01,1.000000000000000000e+00
9.706974969138682657e-03,9.294743453671123756e-01,-3.687329153229131906e-01,0.000000000000000000e+00,4.162866382122991649e-01,-3.390324269578865457e-01,-8.436487392381714079e-01,0.000000000000000000e+00,-9.091797793324839505e-01,-1.453121062318025736e-01,-3.902262428840646558e-01,0.000000000000000000e+00,3.907699221497789588e-01,-1.734369688329466808e-01,4.293035781621938329e-01,1.000000000000000000e+00
-2.263952576492289301e-03,9.391953914646016255e-01,-3.433476926842430887e-01,0.000000000000000000e+00,4.096816684558520771e-01,-3.123404762436371440e-01,-8.570794037499300799e-01,0.000000000000000000e+00,-9.122239711095492254e-01,-1.426063883386089470e-01,-3.840714055200442623e-01,0.000000000000000000e+00,3.912772590350275803e-01,-1.742980391299450982e-01,4.256394217859044704e-01,1.000000000000000000e+00
-1.244958290493446834e-02,9.474262500567007805e-01,-3.197018227821032954e-01,0.000000000000000000e+00,4.027697557123437466e-01,-2.878897238084464072e-01,-8.688364504957901691e-01,0.000000000000000000e+00,-9.152149503914529527e-01,-1.395855639386675007e-01,-3.780178103210145024e-01,0.000000000000000000e+00,3.916679015157618626e-01,-1.753093581454600314e-01,4.220519031241944385e-01,1.000000000000000000e+00
-2.007720821915035328e-02,9.538788636472602667e-01,-2.994875057466411805e-01,0.000000000000000000e+00,3.961432659200045392e-01,-2.674408376824308209e-01,-8.783659021769688602e-01,0.000000000000000000e+00,-9.179675317669481194e-01,-1.362777175076777259e-01,-3.725103949322688401e-01,0.000000000000000000e+00,3.918911137009777335e-01,-1.764590105400216935e-01,4.187941364208443984e-01,1.000000000000000000e+00
-3.519792985125047569e-02,9.682518040751111332e-01,-2.474475632142849324e-01,0.000000000000000000e+00,3.790011985462865551e-01,-2.161719947601569158e-01,-8.997824776484044662e-01,0.000000000000000000e+00,-9.247250444194481389e-01,-1.254558189785016653e-01,-3.593667064544003309e-01,0.000000000000000000e+00,3.917733493921807253e-01,-1.804221315967849959e-01,4.108990175628088881e-01,1.000000000000000000e+00
-3.968701620102360605e-02,9.723547267399759164e-01,-2.300694960934517030e-01,0.000000000000000000e+00,3.740346068491261500e-01,-1.990533551410842150e-01,-9.057906058176500297e-01,0.000000000000000000e+00,-9.265637213393422833e-01,-1.220044289304340890e-01,-3.558013344819670465e-01,0.000000000000000000e+00,3.916296848262530439e-01,-1.817213415013580469e-01,4.086978646514969893e-01,1.000000000000000000e+00
-4.394095898546072909e-02,9.761282122833194741e-01,-2.126585342966910985e-01,0.000000000000000000e+00,3.691640554538963004e-01,-1.819326953371539213e-01,-9.113721201734225064e-01,0.000000000000000000e+00,-9.283234518239158461e-01,-1.185547344468951686e-01,-3.523639364832276133e-01,0.000000000000000000e+00,3.914183378052762396e-01,-1.829986784666718380e-01,4.066835929440945074e-01,1.000000000000000000e+00
-4.675058164136971367e-02,9.790263325019282759e-01,-1.982487585969344712e-01,0.000000000000000000e+00,3.645900619750365168e-01,-1.680495113626735704e-01,-9.158680010465557464e-01,0.000000000000000000e+00,-9.299924023665514516e-01,-1.150991049534141192e-01,-3.490935799745006896e-01,0.000000000000000000e+00,3.911703581138192831e-01,-1.842855389615503658e-01,4.047704014334572720e-01,1.000000000000000000e+00
-4.565709964635321361e-02,9.826943927491552655e-01,-1.794656140113208842e-01,0.000000000000000000e+00,3.540462022274104004e-01,-1.520726148215001128e-01,-9.227708022097945717e-01,0.000000000000000000e+00,-9.341114828581142948e-01,-1.056721920555095118e-01,-3.409825881460788466e-01,0.000000000000000000e+00,3.907749906756742830e-01,-1.881083996705239791e-01,3.986001572258721648e-01,1.000000000000000000e+00
-4.497575376767386224e-02,9.832325903422692859e-01,-1.766680552988257324e-01,0.000000000000000000e+00,3.525044985510862872e-01,-1.498509781601042312e-01,-9.237239900245719504e-01,0.000000000000000000e+00,-9.347274087684730448e-01,-1.038234658911922625e-01,-3.398607938955536256e-01,0.000000000000000000e+00,3.910322688539114022e-01,-1.891618867652508640e-01,3.963152969249595370e-01,1.000000000000000000e+00
-4.553606699134349345e-02,9.842382896881110010e-01,-1.708279913128695759e-01,0.000000000000000000e+00,3.535201803959681643e-01,-1.440616568960511878e-01,-9.242567110745663062e-01,0.000000000000000000e+00,-9.343165965032814713e-01,-1.024801308783808290e-01,-3.413946693691539691e-01,0.000000000000000000e+00,3.922685772518921810e-01,-1.909840351840100814e-01,3.914882028474502285e-01,1.000000000000000000e+00
-4.671720709785491532e-02,9.847268199384301424e-01,-1.676643657910968921e-01,0.000000000000000000e+00,3.555968167325408436e-01,-1.404571012290352361e-01,-9.240148556950958936e-01,0.000000000000000000e+00,-9.334698334098431305e-01,-1.027902871613502050e-01,-3.436105746031211661e-01,0.000000000000000000e+00,3.932010609402266099e-01,-1.917539421219328633e-01,3.889202366967368096e-01,1.000000000000000000e+00
-4.816732637462457084e-02,9.852517023664593143e-01,-1.641332950839735627e-01,0.000000000000000000e+00,3.579777961817817156e-01,-1.363794863023456150e-01,-9.237062736919954276e-01,0.000000000000000000e+00,-9.324855463466261707e-01,-1.032505247059780362e-01,-3.461358620579127465e-01,0.000000000000000000e+00,3.941679143036544986e-01,-1.924934394155223827e-01,3.863839388332382385e-01,1.000000000000000000e+00
-5.193171894479145512e-02,9.866235440029084147e-01,-1.544597872839022223e-01,0.000000000000000000e+00,3.621461541755130464e-01,-1.255343251785268066e-01,-9.236189923984162720e-01,0.000000000000000000e+00,-9.306721670755996323e-01,-1.039041403416179482e-01,-3.507894625707512204e-01,0.000000000000000000e+00,3.957888392036673642e-01,-1.938293606142604819e-01,3.821086499927541236e-01,1.000000000000000000e+00
-5.636304999061737125e-02,9.883390528540116904e-01,-1.413855370983835569e-01,0.000000000000000000e+00,3.613055392563782608e-01,-1.118213634244080990e-01,-9.257078572021374407e-01,0.000000000000000000e+00,-9.307410699832805445e-01,-1.032610840524280649e-01,-3.507965352831975969e-01,0.000000000000000000e+00,3.963505304127878937e-01,-1.945381173357257631e-01,3.796312021154308880e-01,1.000000000000000000e+00
-5.831265196731028055e-02,9.890885016569993526e-01,-1.352195156464471582e-01,0.000000000000000000e+00,3.598076630190865099e-01,-1.055225856650052196e-01,-9.270297602820112282e-01,0.000000000000000000e+00,-9.312011180192847348e-01,-1.027125592290350220e-01,-3.497350539712256179e-01,0.000000000000000000e+00,3.963823675170428662e-01,-1.947129902928410039e-01,3.788784632601197022e-01,1.000000000000000000e+00
-5.941087981600332024e-02,9.895278755769801871e-01,-1.314750079551444129e-01,0.000000000000000000e+00,3.584787722221886019e-01,-1.017722317175372149e-01,-9.279634311860097684e-01,0.000000000000000000e+00,-9.316441246856647096e-01,-1.022640922141709874e-01,-3.486850733574541339e-01,0.000000000000000000e+00,3.963980782995685237e-01,-1.948224961679852762e-01,3.782508737507464525e-01,1.000000000000000000e+00
-6.065683198926209718e-02,9.899473551111991343e-01,-1.276938907801616618e-01,0.000000000000000000e+00,3.573203653052184348e-01,-9.791563699240318774e-02,-9.288247582142313830e-01,0.000000000000000000e+00,-9.320087854689768081e-01,-1.019691582295568222e-01,-3.477957943658870343e-01,0.000000000000000000e+00,3.964282429368822247e-01,-1.948805095608956151e-01,3.777208942107724288e-01,1.000000000000000000e+00
-6.229925022584675842e-02,9.904771817095666675e-01,-1.226967922774660907e-01,0.000000000000000000e+00,3.554141293886460273e-01,-9.285941368768335646e-02,-9.300745522922875264e-01,0.000000000000000000e+00,-9.326291295272637338e-01,-1.015530760794311205e-01,-3.462511797756418486e-01,0.000000000000000000e+00,3.965037289514914964e-01,-1.949429492498198357e-01,3.767863026920705849e-01,1.000000000000000000e+00
-6.262048111243963266e-02,9.906163548615035674e-01,-1.214028818742058091e-01,0.000000000000000000e+00,3.537214168083936960e-01,-9.171623373686235703e-02,-9.308329810773768864e-01,0.000000000000000000e+00,-9.332509577629286568e-01,-1.012339575589438212e-01,-3.446655417524797649e-01,0.000000000000000000e+00,3.965997075854188481e-01,-1.949532438402482304e-01,3.758288291580919593e-01,1.000000000000000000e+00
-6.279607535238053428e-02,9.906921035750693161e-01,-1.206919870395314481e-01,0.000000000000000000e+00,3.527652430638055780e-01,-9.109086775178810991e-02,-9.312571524555227631e-01,0.000000000000000000e+00,-9.336010198782770386e-01,-1.010571781257283558e-01,-3.437682103271121337e-01,0.000000000000000000e+00,3.966522759960133815e-01,-1.949568393397231036e-01,3.752925758471685747e-01,1.000000000000000000e+00
-6.299906237246263863e-02,9.907726242636453184e-01,-1.199227753645167871e-01,0.000000000000000000e+00,3.517095115210491785e-01,-9.041164622879463431e-02,-9.317225448775147134e-01,0.000000000000000000e+00,-9.339855885317353001e-01,-1.008775696680856010e-01,-3.427749062473632313e-01,0.000000000000000000e+00,3.967067422405363142e-01,-1.949550758201185063e-01,3.747163026515036854e-01,1.000000000000000000e+00
-6.315823953213219044e-02,9.908540342644243104e-01,-1.191640317475239630e-01,0.000000000000000000e+00,3.505966249380880195e-01,-8.976315811913321285e-02,-9.322045531575724464e-01,0.000000000000000000e+00,-9.343931720437638200e-01,-1.006568437621242762e-01,-3.417273764886864518e-01,0.000000000000000000e+00,3.967413396487847188e-01,-1.949667505802565315e-01,3.741337443049538303e-01,1.000000000000000000e+00
-6.305185308961341883e-02,9.910211534984667558e-01,-1.178231048722728214e-01,0.000000000000000000e+00,3.478895735854173332e-01,-8.882769702077260299e-02,-9.333076833144312578e-01,0.000000000000000000e+00,-9.354116215212503471e-01,-9.983813084167014740e-02,-3.391717057082248576e-01,0.000000000000000000e+00,3.966720481536969434e-01,-1.950531111895074665e-01,3.731354270461210154e-01,1.000000000000000000e+00
-6.307614327648286556e-02,9.910021144142221461e-01,-1.179701499410493321e-01,0.000000000000000000e+00,3.481531554337568002e-01,-8.892972662183409871e-02,-9.331996736956634786e-01,0.000000000000000000e+00,-9.353119106394756077e-01,-9.993624035487277957e-02,-3.394177038394826651e-01,0.000000000000000000e+00,3.966940869052243412e-01,-1.950252649636482760e-01,3.732575673907967406e-01,1.000000000000000000e+00
-6.311052996384136637e-02,9.909746998729579426e-01,-1.181818603703303078e-01,0.000000000000000000e+00,3.485307562302582540e-01,-8.907694038101447720e-02,-9.330446707179297361e-01,0.000000000000000000e+00,-9.351689459631921109e-01,-1.000768836066433104e-01,-3.397700102623460450e-01,0.000000000000000000e+00,3.967205714617142442e-01,-1.949879877827934982e-01,3.734298114858445872e-01,1.000000000000000000e+00
-6.310016213332747537e-02,9.909813807521191675e-01,-1.181313651939210341e-01,0.000000000000000000e+00,3.484439497400880215e-01,-8.904223031593286319e-02,-9.330804049014747026e-01,0.000000000000000000e+00,-9.352019937655186022e-01,-1.000416104200812645e-01,-3.396894273326088731e-01,0.000000000000000000e+00,3.967153754974924729e-01,-1.949978447036245233e-01,3.733902321320131112e-01,1.000000000000000000e+00
-6.310615810290608196e-02,9.909754837222631840e-01,-1.181776221292589468e-01,0.000000000000000000e+00,3.485311038734699718e-01,-8.907440824962201131e-02,-9.330447825956310615e-01,0.000000000000000000e+00,-9.351691114300400010e-01,-1.000713753454996469e-01,-3.397711772113840012e-01,0.000000000000000000e+00,3.967182913497752650e-01,-1.949897224594071832e-01,3.734313986400757401e-01,1.000000000000000000e+00
