9.996643268031193408e-01,2.016643605665541586e-02,1.566191160896877529e-02,0.000000000000000000e+00,2.313161773085376655e-02,-9.749792412794555663e-01,-2.210455931171200483e-01,0.000000000000000000e+00,1.081254505329466015e-02,2.213379408297363182e-01,-9.751372235838003943e-01,0.000000000000000000e+00,6.228400689887289010e-01,2.954972572071328796e-01,2.861842375938940600e-02,1.000000000000000000e+00
9.996642306084048135e-01,2.017624136791358255e-02,1.565542166720895398e-02,0.000000000000000000e+00,2.313974292365802293e-02,-9.749790745051829521e-01,-2.210454782972327281e-01,0.000000000000000000e+00,1.080404961610728978e-02,2.213377818623910864e-01,-9.751373538287460008e-01,0.000000000000000000e+00,6.228357362802650066e-01,2.955017987567552518e-01,2.861577953523522164e-02,1.000000000000000000e+00
9.996647268197590419e-01,2.017246557389239942e-02,1.562857915023031091e-02,0.000000000000000000e+00,2.313011129952649222e-02,-9.749794422145224848e-01,-2.210448644767356030e-01,0.000000000000000000e+00,1.077873098752687650e-02,2.213365062508659276e-01,-9.751379235569492820e-01,0.000000000000000000e+00,6.228266923016816392e-01,2.955006232347415773e-01,2.860180528796735580e-02,1.000000000000000000e+00
9.996645246005964047e-01,2.017816438430115530e-02,1.563415614454373090e-02,0.000000000000000000e+00,2.313689546790074700e-02,-9.749794560231344054e-01,-2.210440935699230502e-01,0.000000000000000000e+00,1.078292460166775310e-02,2.213359259532404200e-01,-9.751380089092294146e-01,0.000000000000000000e+00,6.228269912611136272e-01,2.955018026348171789e-01,2.860535318769614338e-02,1.000000000000000000e+00
9.996650439075051020e-01,2.021022810565346189e-02,1.555935636622512129e-02,0.000000000000000000e+00,2.315166076514437593e-02,-9.749780309222800811e-01,-2.210488333467002242e-01,0.000000000000000000e+00,1.070278934979563938e-02,2.213392781005344978e-01,-9.751381308666317027e-01,0.000000000000000000e+00,6.227918674316335057e-01,2.955159874299645995e-01,2.856943584478381995e-02,1.000000000000000000e+00
9.996649223342369828e-01,2.022335475854935768e-02,1.555010861705410398e-02,0.000000000000000000e+00,2.316241738641346484e-02,-9.749777470060854156e-01,-2.210489587511407228e-01,0.000000000000000000e+00,1.069086418558736970e-02,2.213393297561975503e-01,-9.751382499553806760e-01,0.000000000000000000e+00,6.227837009107617394e-01,2.955236401388702250e-01,2.856858642186618433e-02,1.000000000000000000e+00
9.996652939323926734e-01,2.020962844756815299e-02,1.554406402080265454e-02,0.000000000000000000e+00,2.314753529199632329e-02,-9.749813401701589166e-01,-2.210346688443123320e-01,0.000000000000000000e+00,1.068834962316946198e-02,2.213247551573773730e-01,-9.751415855848113434e-01,0.000000000000000000e+00,6.227874439132573547e-01,2.955088228634771275e-01,2.856220133474154932e-02,1.000000000000000000e+00
9.996659225036361729e-01,2.019544740585237433e-02,1.552205496187696390e-02,0.000000000000000000e+00,2.312867668934219176e-02,-9.749850145758844899e-01,-2.210204347300726568e-01,0.000000000000000000e+00,1.067036985572851308e-02,2.213098622680020888e-01,-9.751451625630205289e-01,0.000000000000000000e+00,6.227843162444055558e-01,2.954977676805821130e-01,2.854772835023158817e-02,1.000000000000000000e+00
9.996663766433644405e-01,2.019275720271589483e-02,1.549628557065249081e-02,0.000000000000000000e+00,2.312020423097212868e-02,-9.749882199242767555e-01,-2.210071810290700767e-01,0.000000000000000000e+00,1.064615650889498902e-02,2.212959857921862339e-01,-9.751485763840569421e-01,0.000000000000000000e+00,6.227781833183090310e-01,2.954867232073425387e-01,2.853441348916164327e-02,1.000000000000000000e+00
9.996680238619833903e-01,2.013039474643840004e-02,1.547114011435972436e-02,0.000000000000000000e+00,2.305322966189895725e-02,-9.750019849881672585e-01,-2.209534448079456259e-01,0.000000000000000000e+00,1.063671704672549019e-02,2.212410128579218316e-01,-9.751611530819247475e-01,0.000000000000000000e+00,6.227904756912334694e-01,2.954295495655703263e-01,2.851161184335028811e-02,1.000000000000000000e+00
9.996685088622635496e-01,2.014635111785095800e-02,1.541894376872061934e-02,0.000000000000000000e+00,2.305718824120416011e-02,-9.750030230080807270e-01,-2.209484512204640538e-01,0.000000000000000000e+00,1.058241545315173268e-02,2.212349857149799870e-01,-9.751631112685045233e-01,0.000000000000000000e+00,6.227677250229382011e-01,2.954331968426230914e-01,2.848494175693764077e-02,1.000000000000000000e+00
9.996680159944210109e-01,2.014667821453596658e-02,1.545043869623734072e-02,0.000000000000000000e+00,2.306456408085549858e-02,-9.750010192288416366e-01,-2.209565235237197223e-01,0.000000000000000000e+00,1.061285782792950952e-02,2.212437867538516734e-01,-9.751607837026364800e-01,0.000000000000000000e+00,6.227765605313730912e-01,2.954415313804154564e-01,2.850540440267492967e-02,1.000000000000000000e+00
9.996684494979998226e-01,2.012726317099294490e-02,1.544769422015015645e-02,0.000000000000000000e+00,2.304493916947972232e-02,-9.750031829154514051e-01,-2.209490234977783407e-01,0.000000000000000000e+00,1.061465625506292920e-02,2.212360183906515176e-01,-9.751625265765897499e-01,0.000000000000000000e+00,6.227818627159894538e-01,2.954272713001640516e-01,2.850256974533086837e-02,1.000000000000000000e+00
9.996654498754696805e-01,2.018544920868146908e-02,1.556543821185342458e-02,0.000000000000000000e+00,2.312497855701790839e-02,-9.750582532885010423e-01,-2.206974965012587497e-01,0.000000000000000000e+00,1.072253733048112063e-02,2.209878672524404342e-01,-9.752176114695705333e-01,0.000000000000000000e+00,6.228331157067099610e-01,2.953754261797428282e-01,2.869444515716272626e-02,1.000000000000000000e+00
9.996656753258716943e-01,2.044134805699299867e-02,1.521301305099957875e-02,0.000000000000000000e+00,2.328593379270497629e-02,-9.752835131629269405e-01,-2.196829104440968239e-01,0.000000000000000000e+00,1.034658518343799585e-02,2.199679493060032465e-01,-9.754522281758104540e-01,0.000000000000000000e+00,6.228187980190272865e-01,2.951424377818150924e-01,2.899726782046378043e-02,1.000000000000000000e+00
9.996620850157511562e-01,2.058973795864936854e-02,1.524878270432661331e-02,0.000000000000000000e+00,2.342493773703836421e-02,-9.755684262112415128e-01,-2.183993245707175346e-01,0.000000000000000000e+00,1.037964592158831245e-02,2.186869363529998223e-01,-9.757398663676102313e-01,0.000000000000000000e+00,6.229115078274142236e-01,2.947041499233575279e-01,2.953909961013330074e-02,1.000000000000000000e+00
9.996435135596013488e-01,2.084403139517913492e-02,1.609717536154671794e-02,0.000000000000000000e+00,2.381811770998657277e-02,-9.763439111930013459e-01,-2.148627730583273221e-01,0.000000000000000000e+00,1.123798913048401800e-02,2.151737245717217917e-01,-9.765111242859632057e-01,0.000000000000000000e+00,6.230890943737483756e-01,2.930483281873204615e-01,3.161944350583156121e-02,1.000000000000000000e+00
9.996441885201263755e-01,2.131281178503698429e-02,1.542748563317881440e-02,0.000000000000000000e+00,2.409309452417594463e-02,-9.771216379904725802e-01,-2.112665952493996135e-01,0.000000000000000000e+00,1.057204839564225042e-02,2.115671933632014834e-01,-9.773062746576111071e-01,0.000000000000000000e+00,6.228303321393109382e-01,2.915327822338723007e-01,3.294492256954027753e-02,1.000000000000000000e+00
9.996704363511940139e-01,2.278765882631908837e-02,1.097671133977327039e-02,0.000000000000000000e+00,2.452239785183107576e-02,-9.795134359279480396e-01,-1.998319987925616104e-01,0.000000000000000000e+00,6.198252164105501338e-03,2.000391680863354282e-01,-9.797682955175865960e-01,0.000000000000000000e+00,6.212627464795926757e-01,2.866652593235526347e-01,3.633477747074678049e-02,1.000000000000000000e+00
9.996601455914684298e-01,2.560693788614672173e-02,2.150569540240005253e-03,0.000000000000000000e+00,2.556603153900074629e-02,-9.826315885377926440e-01,-1.837451663044477046e-01,0.000000000000000000e+00,-2.591983400563179375e-03,1.837412388165483579e-01,-9.829712298842785412e-01,0.000000000000000000e+00,6.175407549385342199e-01,2.802871369590901329e-01,4.018558784472536088e-02,1.000000000000000000e+00
9.996042064992199938e-01,2.762846928478362302e-02,-2.974043586244520376e-03,0.000000000000000000e+00,2.668537839425211972e-02,-9.842739947964018743e-01,-1.745661497790925443e-01,0.000000000000000000e+00,-7.750418488238923487e-03,1.744210522988451084e-01,-9.846406590874768883e-01,0.000000000000000000e+00,6.148274848101841217e-01,2.767877936033676378e-01,4.234936848369923179e-02,1.000000000000000000e+00
9.995336362689474230e-01,2.941762813815530439e-02,-6.918093878273767240e-03,0.000000000000000000e+00,2.786112006895548679e-02,-9.857069672942638805e-01,-1.660911783246063200e-01,0.000000000000000000e+00,-1.170544722332314720e-02,1.658241662078511203e-01,-9.860858625935029487e-01,0.000000000000000000e+00,6.119486141340262364e-01,2.732214777029950414e-01,4.471252671797706912e-02,1.000000000000000000e+00
9.994579123241532637e-01,3.138965153844541084e-02,-8.906074901345975223e-03,0.000000000000000000e+00,2.958181176289557263e-02,-9.868916283975568415e-01,-1.585893348017191617e-01,0.000000000000000000e+00,-1.376765978927391686e-02,1.582429543137570394e-01,-9.873042180371665033e-01,0.000000000000000000e+00,6.089049986794208280e-01,2.699038789743740674e-01,4.741508690201759468e-02,1.000000000000000000e+00
9.993083436747569603e-01,3.566293493400302800e-02,-9.577903482236662519e-03,0.000000000000000000e+00,3.390224036681052655e-02,-9.888668447114501436e-01,-1.448231626147561957e-01,0.000000000000000000e+00,-1.463637201621329452e-02,1.444010625401498382e-01,-9.894109913233624098e-01,0.000000000000000000e+00,6.024998876209037846e-01,2.630413474540744256e-01,5.302586788736543544e-02,1.000000000000000000e+00
9.991190803390719299e-01,4.046928673027779672e-02,-1.020034485483926716e-02,0.000000000000000000e+00,3.881072371725326903e-02,-9.908108112461516681e-01,-1.294928992010536961e-01,0.000000000000000000e+00,-1.534739271278426700e-02,1.289854269633831096e-01,-9.915277188097130212e-01,0.000000000000000000e+00,5.952560916460548635e-01,2.557255581386096988e-01,5.888236382900340071e-02,1.000000000000000000e+00
9.990230126013964762e-01,4.265357140756471238e-02,-1.069766517601695305e-02,0.000000000000000000e+00,4.104198892802436716e-02,-9.917383126543738436e-01,-1.214554291067118236e-01,0.000000000000000000e+00,-1.579009623752680377e-02,1.209000429277433120e-01,-9.925390936788733853e-01,0.000000000000000000e+00,5.914367628774500618e-01,2.519184848937596755e-01,6.172039280591467419e-02,1.000000000000000000e+00
9.989638887875442741e-01,4.405441334563063582e-02,-1.054061025022509819e-02,0.000000000000000000e+00,4.258010232544968965e-02,-9.926393090642222639e-01,-1.132911465546451446e-01,0.000000000000000000e+00,-1.545429661771717880e-02,1.127271144106708617e-01,-9.935057938395200905e-01,0.000000000000000000e+00,5.879665230901577333e-01,2.477764695856108090e-01,6.482238749381452614e-02,1.000000000000000000e+00
9.989292176671896728e-01,4.499445061370795085e-02,-9.831805835912690514e-03,0.000000000000000000e+00,4.371637016359460753e-02,-9.935001710212424397e-01,-1.050096950842610427e-01,0.000000000000000000e+00,-1.449303335465918635e-02,1.044694530553921669e-01,-9.944224883632146739e-01,0.000000000000000000e+00,5.847956838667472956e-01,2.434092395053027158e-01,6.801710338947702938e-02,1.000000000000000000e+00
9.989297490199138263e-01,4.558354431784576027e-02,-6.499531648055272004e-03,0.000000000000000000e+00,4.483010981189154698e-02,-9.950496319963794134e-01,-8.858463760343587845e-02,0.000000000000000000e+00,-1.050556059321884443e-02,8.820015321697532995e-02,-9.960473714483285557e-01,0.000000000000000000e+00,5.794976537253090365e-01,2.344434027215518690e-01,7.484447421003127821e-02,1.000000000000000000e+00
9.990178797697423230e-01,4.407802942350974584e-02,-1.072438211527526391e-03,0.000000000000000000e+00,4.388664738142404598e-02,-9.964312719098831206e-01,-7.196825302089308873e-02,0.000000000000000000e+00,-4.240911396056528705e-03,7.185188919755836068e-02,-9.974062966962222720e-01,0.000000000000000000e+00,5.754048222637425658e-01,2.248044468327348999e-01,8.228320353800101794e-02,1.000000000000000000e+00
9.990703149873932931e-01,4.283762294349836158e-02,2.047113272305293042e-03,0.000000000000000000e+00,4.288110431762258423e-02,-9.970479961815810199e-01,-6.353936656910713632e-02,0.000000000000000000e+00,-6.808183489104980678e-04,6.356930135611610355e-02,-9.979771943343550555e-01,0.000000000000000000e+00,5.735990578396431561e-01,2.198849497551102483e-01,8.611667192560258643e-02,1.000000000000000000e+00
9.991516704078816646e-01,4.042487209674304471e-02,6.520440039605179990e-03,0.000000000000000000e+00,4.067863066005847350e-02,-9.981423886009971325e-01,-4.514164359798038956e-02,0.000000000000000000e+00,4.683572600461895913e-03,4.536946468077721062e-02,-9.989592963791247282e-01,0.000000000000000000e+00,5.694274688353553326e-01,2.100697592105855438e-01,9.356360844206018657e-02,1.000000000000000000e+00
9.992427401996973879e-01,3.756468532025063894e-02,9.142618672928381346e-03,0.000000000000000000e+00,3.777867019023928991e-02,-9.989765738747757862e-01,-2.448109125998655308e-02,0.000000000000000000e+00,8.213795529664546027e-03,2.480842632831048791e-02,-9.996584794549133735e-01,0.000000000000000000e+00,5.648902502010574311e-01,2.001198964096621846e-01,1.010589273112609543e-01,1.000000000000000000e+00
9.992850323669153489e-01,3.637767230598438345e-02,9.318580699847643298e-03,0.000000000000000000e+00,3.649608948423703481e-02,-9.992412939091127599e-01,-1.286930069619783047e-02,0.000000000000000000e+00,8.843525697652758130e-03,1.320044546730798560e-02,-9.998737621783558849e-01,0.000000000000000000e+00,5.623071156908725499e-01,1.951155850165409156e-01,1.048193763043118731e-01,1.000000000000000000e+00
9.993180826349609136e-01,3.548195046237929973e-02,9.227557172899586088e-03,0.000000000000000000e+00,3.549414055177511212e-02,-9.993595778847835787e-01,-1.160593661216323359e-03,0.000000000000000000e+00,9.180644270273515331e-03,1.487355079683694856e-03,-9.999567508375797331e-01,0.000000000000000000e+00,5.595298568292653707e-01,1.902711551564308934e-01,1.085339448251616268e-01,1.000000000000000000e+00
9.993381367095262036e-01,3.424967658797057474e-02,1.144530789276253235e-02,0.000000000000000000e+00,3.397906813456444408e-02,-9.991469359881960388e-01,2.305580480735827664e-02,0.000000000000000000e+00,1.222543354810237334e-02,-2.265208024255348576e-02,-9.996686561232406287e-01,0.000000000000000000e+00,5.546640812256331543e-01,1.807034234284068674e-01,1.169587780081075279e-01,1.000000000000000000e+00
9.992906258309318668e-01,3.419995207228167938e-02,1.514448103721410289e-02,0.000000000000000000e+00,3.365845498793602897e-02,-9.988221559327897792e-01,3.467212319439765683e-02,0.000000000000000000e+00,1.631274222240362837e-02,-3.413844512336666054e-02,-9.992839741563678269e-01,0.000000000000000000e+00,5.529509877641969329e-01,1.760923730967455247e-01,1.216978353304699473e-01,1.000000000000000000e+00
9.991291269136046704e-01,3.161237864963762495e-02,2.687735422578331132e-02,0.000000000000000000e+00,3.007361921714828482e-02,-9.979767342155105858e-01,5.584587982057589994e-02,0.000000000000000000e+00,2.858894571930726061e-02,-5.499000455829384376e-02,-9.980775378603293779e-01,0.000000000000000000e+00,5.512707880686333883e-01,1.668964201958847426e-01,1.320595850243929670e-01,1.000000000000000000e+00
9.988966443267659479e-01,2.664641552189681711e-02,3.842147047901078860e-02,0.000000000000000000e+00,2.362529174144059260e-02,-9.967378412508747232e-01,7.704718236175819857e-02,0.000000000000000000e+00,4.034994164034889225e-02,-7.605591777888953686e-02,-9.962867958476772090e-01,0.000000000000000000e+00,5.508110206062537539e-01,1.563645055636371517e-01,1.427149778636601085e-01,1.000000000000000000e+00
9.988906411955379427e-01,2.308612872131369023e-02,4.080765239312683645e-02,0.000000000000000000e+00,1.940875855812765338e-02,-9.958934554045454357e-01,8.831915123479923413e-02,0.000000000000000000e+00,4.267984296193538113e-02,-8.743083104857969634e-02,-9.952558870897972865e-01,0.000000000000000000e+00,5.503092653628532949e-01,1.503967191634257572e-01,1.476174302003571415e-01,1.000000000000000000e+00
9.990058104922215909e-01,1.974527535346585344e-02,3.972734077689334120e-02,0.000000000000000000e+00,1.567744345514887616e-02,-9.948323396802660756e-01,1.002176660784244444e-01,0.000000000000000000e+00,4.150166782206290289e-02,-9.949712321560470751e-02,-9.941719841354442755e-01,0.000000000000000000e+00,5.493549621964306517e-01,1.439866958267729535e-01,1.524314488354712449e-01,1.000000000000000000e+00
9.992556904869182022e-01,1.666613042449089158e-02,3.451162162800510552e-02,0.000000000000000000e+00,1.265333663659051928e-02,-9.934604550563940206e-01,1.133885541503734523e-01,0.000000000000000000e+00,3.617637626675282436e-02,-1.128696438949154113e-01,-9.929510125314547908e-01,0.000000000000000000e+00,5.479528360960594924e-01,1.371074533514841376e-01,1.568947423889509585e-01,1.000000000000000000e+00
9.997973556091525049e-01,1.445185909854462998e-02,1.330933457202386483e-02,0.000000000000000000e+00,1.240358995908940297e-02,-9.896562681314331478e-01,1.428543622207603114e-01,0.000000000000000000e+00,1.523647084756715037e-02,-1.426630767631992536e-01,-9.896540286810179277e-01,0.000000000000000000e+00,5.447119199006050794e-01,1.215626287704315855e-01,1.661410204189051887e-01,1.000000000000000000e+00
9.996739847663710377e-01,1.088655331879990334e-02,-2.267496503570809452e-02,0.000000000000000000e+00,1.455113740463622775e-02,-9.856169515663514291e-01,1.683099405456864317e-01,0.000000000000000000e+00,-2.051690978762464590e-02,-1.685882613194276125e-01,-9.854730105680514773e-01,0.000000000000000000e+00,5.394399903359459181e-01,1.054016871248659726e-01,1.753792098900355534e-01,1.000000000000000000e+00
9.989060295906257991e-01,1.188661660230357943e-02,-4.501332352148639665e-02,0.000000000000000000e+00,1.968068712211158353e-02,-9.840239166936978199e-01,1.768907822086957515e-01,0.000000000000000000e+00,-4.219236634021450438e-02,-1.775865811558122453e-01,-9.832002900813258117e-01,0.000000000000000000e+00,5.360371453652097440e-01,9.729853910664108818e-02,1.797536472759973802e-01,1.000000000000000000e+00
9.975770003346782211e-01,1.026736640865604996e-02,-6.866918152638754047e-02,0.000000000000000000e+00,2.262304848255510328e-02,-9.830912593147023149e-01,1.816604536975424400e-01,0.000000000000000000e+00,-6.564416155633837069e-02,-1.827773157316766595e-01,-9.809603951778524955e-01,0.000000000000000000e+00,5.321421117706977011e-01,8.934797473012687230e-02,1.841092598613129627e-01,1.000000000000000000e+00
9.956033236301382594e-01,5.605970587141933213e-03,-9.339883281715334606e-02,0.000000000000000000e+00,2.263942618272897847e-02,-9.829669342017721689e-01,1.823299469349291824e-01,0.000000000000000000e+00,-9.078757597479795993e-02,-1.836463329078294737e-01,-9.787909074251388564e-01,0.000000000000000000e+00,5.278552933054047047e-01,8.182022202033431557e-02,1.883007783611355956e-01,1.000000000000000000e+00
9.899169900207690498e-01,-4.025458159273302000e-03,-1.415234802286804150e-01,0.000000000000000000e+00,2.105229609893537537e-02,-9.842887629014586137e-01,1.752517587817230271e-01,0.000000000000000000e+00,-1.400081354885759632e-01,-1.764674853057031367e-01,-9.742981826047373284e-01,0.000000000000000000e+00,5.192670400426691035e-01,6.695306476373436011e-02,1.966978471440688492e-01,1.000000000000000000e+00
9.828346929841429436e-01,-1.442419806187657250e-02,-1.838713019430866513e-01,0.000000000000000000e+00,1.615291713800175513e-02,-9.863650512966165573e-01,1.637187092233644559e-01,0.000000000000000000e+00,-1.837292746192160653e-01,-1.638816404490624490e-01,-9.692194599633361385e-01,0.000000000000000000e+00,5.110685219851273109e-01,5.250588765531634394e-02,2.049310362836321286e-01,1.000000000000000000e+00
9.791099107999264861e-01,-2.006570505975200508e-02,-2.022916136547027177e-01,0.000000000000000000e+00,1.251063712821358018e-02,-9.872728256616088993e-01,1.584821711423616275e-01,0.000000000000000000e+00,-2.029009759964325588e-01,-1.577052977387685684e-01,-9.664161800201928054e-01,0.000000000000000000e+00,5.072689152592065875e-01,4.519341438957334006e-02,2.090250334737104587e-01,1.000000000000000000e+00
9.709147823308711400e-01,-2.614688962953238063e-02,-2.379528787707907433e-01,0.000000000000000000e+00,1.011198224979123830e-02,-9.886405980106932612e-01,1.498941716053258100e-01,0.000000000000000000e+00,-2.391737475631853793e-01,-1.479434906539092154e-01,-9.596398501780332158e-01,0.000000000000000000e+00,4.995012321170177461e-01,3.045117247360253770e-02,2.165681682981282496e-01,1.000000000000000000e+00
9.592974381848268228e-01,-1.624642426997506203e-02,-2.818957709716068405e-01,0.000000000000000000e+00,2.485658748034423604e-02,-9.895991322254188427e-01,1.416208122372492328e-01,0.000000000000000000e+00,-2.812700574527856601e-01,-1.428661998814026723e-01,-9.489343516344814766e-01,0.000000000000000000e+00,4.896829166141601908e-01,1.555777614160353678e-02,2.231380281694646250e-01,1.000000000000000000e+00
9.521600689581977139e-01,-6.349030173322089618e-03,-3.055022746209705709e-01,0.000000000000000000e+00,3.664991734753047375e-02,-9.901843696158140196e-01,1.348052099444258800e-01,0.000000000000000000e+00,-3.033653002793174625e-01,-1.395554579859694388e-01,-9.425994741844312408e-01,0.000000000000000000e+00,4.843970819594709543e-01,8.764725104931743102e-03,2.262156185268574260e-01,1.000000000000000000e+00
9.365043723855638325e-01,1.931276069815866456e-02,-3.500961649006530396e-01,0.000000000000000000e+00,6.295717418251522979e-02,-9.915070374512018336e-01,1.137142726525637582e-01,0.000000000000000000e+00,-3.449333157831750984e-01,-1.285374535203421542e-01,-9.297844538952726445e-01,0.000000000000000000e+00,4.748064633233431975e-01,-3.749417611965782417e-03,2.322837115302137379e-01,1.000000000000000000e+00
9.283805793127344330e-01,3.110335410062358211e-02,-3.703009967848464035e-01,0.000000000000000000e+00,7.305769332265538152e-02,-9.923106993694431610e-01,9.981380798520766984e-02,0.000000000000000000e+00,-3.643561118670945453e-01,-1.197208425381069002e-01,-9.235321020988166429e-01,0.000000000000000000e+00,4.704725270725441666e-01,-9.323778119020799740e-03,2.354719723479653248e-01,1.000000000000000000e+00
9.199845982532227628e-01,4.235125544982173279e-02,-3.896350305605087438e-01,0.000000000000000000e+00,8.132475818349407803e-02,-9.931258370763708099e-01,8.407200686888906260e-02,0.000000000000000000e+00,-3.834034425449553418e-01,-1.090340253466304810e-01,-9.171223372927885809e-01,0.000000000000000000e+00,4.663489220866342544e-01,-1.411919867088324947e-02,2.384950317833126332e-01,1.000000000000000000e+00
9.022537992224541892e-01,6.745857073792546621e-02,-4.258734200720349916e-01,0.000000000000000000e+00,9.651724512800834155e-02,-9.942114500170352587e-01,4.699745683685859626e-02,0.000000000000000000e+00,-4.202459402636047336e-01,-8.350937107761624567e-02,-9.035593697340422725e-01,0.000000000000000000e+00,4.588231046847802697e-01,-2.243032558040381971e-02,2.438853868623550858e-01,1.000000000000000000e+00
8.814753729111340919e-01,9.671854585461454878e-02,-4.621984819751727147e-01,0.000000000000000000e+00,1.128521062648497192e-01,-9.935752090704437212e-01,7.311151306007442584e-03,0.000000000000000000e+00,-4.585306575737332913e-01,-5.860580037045134277e-02,-8.867440421158400143e-01,0.000000000000000000e+00,4.513625955998772366e-01,-2.917034657936511122e-02,2.484949579781201567e-01,1.000000000000000000e+00
8.706463532821588913e-01,1.123280112426943839e-01,-4.788925686497418344e-01,0.000000000000000000e+00,1.215330391381035796e-01,-9.925069704407583071e-01,-1.184824567487555158e-02,0.000000000000000000e+00,-4.766442792299181996e-01,-4.788655936369275862e-02,-8.777910392056297306e-01,0.000000000000000000e+00,4.479421214737564494e-01,-3.196789068439715581e-02,2.506020875929276248e-01,1.000000000000000000e+00
8.599685328957317187e-01,1.281054430950927248e-01,-4.939877172357439172e-01,0.000000000000000000e+00,1.303323131951853453e-01,-9.910035084975216124e-01,-3.010450438062023740e-02,0.000000000000000000e+00,-4.934096114721358561e-01,-3.849437654762308259e-02,-8.689448419095000542e-01,0.000000000000000000e+00,4.449499294231955560e-01,-3.464870500200668141e-02,2.527456526102716539e-01,1.000000000000000000e+00
8.491467170631588068e-01,1.439434679617984381e-01,-5.081445442324444839e-01,0.000000000000000000e+00,1.389031890259095348e-01,-9.891285944882037828e-01,-4.807571679581407187e-02,0.000000000000000000e+00,-5.095502946559878898e-01,-2.976013356717183492e-02,-8.599260617437174403e-01,0.000000000000000000e+00,4.421527548291969145e-01,-3.688738127136959033e-02,2.549349879131527774e-01,1.000000000000000000e+00
8.228850951114313750e-01,1.871480812622610679e-01,-5.364852866803643261e-01,0.000000000000000000e+00,1.649928862476170988e-01,-9.822101547266705035e-01,-8.956174596723287529e-02,0.000000000000000000e+00,-5.437130735126873837e-01,-1.481751531326755932e-02,-8.391403547269837837e-01,0.000000000000000000e+00,4.360081383892774887e-01,-4.015589722982602222e-02,2.597685574069796832e-01,1.000000000000000000e+00
7.872399004495432839e-01,2.501118910264407136e-01,-5.636294243637210988e-01,0.000000000000000000e+00,2.044662242756340453e-01,-9.682052589549955401e-01,-1.440586219688513858e-01,0.000000000000000000e+00,-5.817509476384913336e-01,-1.834520392844523696e-03,-8.133649054739487960e-01,0.000000000000000000e+00,4.290986548415562929e-01,-4.255704116749344651e-02,2.658262526771222878e-01,1.000000000000000000e+00
7.665712233935075837e-01,2.841747121539406895e-01,-5.758420263739131295e-01,0.000000000000000000e+00,2.248698374088698160e-01,-9.587552077748867640e-01,-1.737893975173696315e-01,0.000000000000000000e+00,-6.014896741966576643e-01,3.732520086392651735e-03,-7.988718546353996697e-01,0.000000000000000000e+00,4.254442268718961473e-01,-4.385169655145285811e-02,2.697595115916934794e-01,1.000000000000000000e+00
7.456311324190956213e-01,3.164592183187727725e-01,-5.864030392227658206e-01,0.000000000000000000e+00,2.428545346452170850e-01,-9.485530144523606211e-01,-2.030999770477660282e-01,0.000000000000000000e+00,-6.205191774329024135e-01,9.027202477053471175e-03,-7.841393116362885829e-01,0.000000000000000000e+00,4.220143961054604875e-01,-4.538294378650632038e-02,2.741857063847427667e-01,1.000000000000000000e+00
7.252749354904735046e-01,3.455613521525833232e-01,-5.954362826944424869e-01,0.000000000000000000e+00,2.578299018413122701e-01,-9.382867257548898055e-01,-2.304832073923731572e-01,0.000000000000000000e+00,-6.383483390636396360e-01,1.364267771709875426e-02,-7.696267116982101752e-01,0.000000000000000000e+00,4.189277482023259780e-01,-4.724480893132778497e-02,2.790213325834730584e-01,1.000000000000000000e+00
6.707508049273389616e-01,4.143125349587705175e-01,-6.151578886485750131e-01,0.000000000000000000e+00,2.845622583046569232e-01,-9.096996925243322485e-01,-3.024095525457116129e-01,0.000000000000000000e+00,-6.849141971891896663e-01,2.779126784801479177e-02,-7.280935296512994759e-01,0.000000000000000000e+00,4.113794138446962845e-01,-5.420008926404187161e-02,2.950617847683865147e-01,1.000000000000000000e+00
6.519620536291372837e-01,4.378689428350382995e-01,-6.190290917472394128e-01,0.000000000000000000e+00,2.917849857434922090e-01,-8.984097742295836797e-01,-3.281800520516546249e-01,0.000000000000000000e+00,-6.998551133892254583e-01,3.333818784886291575e-02,-7.135064018590921986e-01,0.000000000000000000e+00,4.087535498662339672e-01,-5.680610398603940653e-02,3.006975173733332785e-01,1.000000000000000000e+00
6.328852370412664241e-01,4.628271166478168941e-01,-6.206674501952688106e-01,0.000000000000000000e+00,2.991029839069923590e-01,-8.855676265707486117e-01,-3.553704133562514689e-01,0.000000000000000000e+00,-7.141318137651199160e-01,3.926595791844156996e-02,-6.989091050467775013e-01,0.000000000000000000e+00,4.062471378914027653e-01,-5.945702219013419831e-02,3.062415742558968756e-01,1.000000000000000000e+00
6.137670190489508126e-01,4.892769009383270973e-01,-6.195796215476746527e-01,0.000000000000000000e+00,3.067110094993164005e-01,-8.709239441831796436e-01,-3.839278408783772800e-01,0.000000000000000000e+00,-7.274677579113488779e-01,4.561123339331232124e-02,-6.846241863882519540e-01,0.000000000000000000e+00,4.040526181428581443e-01,-6.221297961793358089e-02,3.117339367948990247e-01,1.000000000000000000e+00
5.561370709669987145e-01,5.750443268917911910e-01,-6.000136059349175932e-01,0.000000000000000000e+00,3.289595289662459732e-01,-8.153121461465816511e-01,-4.764792540597847514e-01,0.000000000000000000e+00,-7.632097668536987900e-01,6.760888522820637792e-02,-6.426039919089531205e-01,0.000000000000000000e+00,3.991411475007724530e-01,-7.123265739883884173e-02,3.271577199698158522e-01,1.000000000000000000e+00
5.372771656286716713e-01,6.032533095328165285e-01,-5.894060050024372277e-01,0.000000000000000000e+00,3.347015335868243624e-01,-7.939650224149862323e-01,-5.075186434973660843e-01,0.000000000000000000e+00,-7.741449580020348664e-01,7.540453627336007880e-02,-6.285011852888007233e-01,0.000000000000000000e+00,3.980140003435731488e-01,-7.445849164919364493e-02,3.319438990343228091e-01,1.000000000000000000e+00
5.192691126149603376e-01,6.296015106732600897e-01,-5.778773860804977680e-01,0.000000000000000000e+00,3.382878981081050562e-01,-7.723901641833661458e-01,-5.375457926238481621e-01,0.000000000000000000e+00,-7.848015620666063397e-01,8.364361082301609296e-02,-6.140767497196930602e-01,0.000000000000000000e+00,3.970961228733009829e-01,-7.797417615456052331e-02,3.364360438925360630e-01,1.000000000000000000e+00
4.864460654456923550e-01,6.762306640656162715e-01,-5.532296641459033548e-01,0.000000000000000000e+00,3.410719620282350872e-01,-7.299341769562456284e-01,-5.923231895938455560e-01,0.000000000000000000e+00,-8.043838302879812163e-01,9.944407265425937725e-02,-5.857282048742151748e-01,0.000000000000000000e+00,3.960783733846545140e-01,-8.489085170105491185e-02,3.447761490541716434e-01,1.000000000000000000e+00
4.584108444444153219e-01,7.110995592832056733e-01,-5.330831655419228099e-01,0.000000000000000000e+00,3.375148027855257582e-01,-6.941778464791934500e-01,-6.357527996472884801e-01,0.000000000000000000e+00,-8.221538885024914922e-01,1.115146652609157879e-01,-5.582360280848760459e-01,0.000000000000000000e+00,3.960563097684242639e-01,-9.265585757921993015e-02,3.521030404695185134e-01,1.000000000000000000e+00
4.447792285844569538e-01,7.262094154881580943e-01,-5.241870559040650024e-01,0.000000000000000000e+00,3.346063191126894543e-01,-6.776236287312910056e-01,-6.548630207120437197e-01,0.000000000000000000e+00,-8.307852216417346281e-01,1.158753988387147132e-01,-5.443976556210200490e-01,0.000000000000000000e+00,3.962558649593526106e-01,-9.659264802054025323e-02,3.552856049241103209e-01,1.000000000000000000e+00
4.182624910392518935e-01,7.547145081242081499e-01,-5.054139360145132320e-01,0.000000000000000000e+00,3.273698950025733523e-01,-6.442840314680660097e-01,-6.911640800435656651e-01,0.000000000000000000e+00,-8.472779996858063045e-01,1.236330829899268124e-01,-5.165605986124228721e-01,0.000000000000000000e+00,3.968674633386828354e-01,-1.038996177533169779e-01,3.613293831317772042e-01,1.000000000000000000e+00
4.053360840186857050e-01,7.694618373528182564e-01,-4.935705489099103671e-01,0.000000000000000000e+00,3.245649723830327238e-01,-6.258710604376060971e-01,-7.091711650299353797e-01,0.000000000000000000e+00,-8.546081243432357422e-01,1.272594014940089113e-01,-5.034381774735831039e-01,0.000000000000000000e+00,3.974251443883691226e-01,-1.072953448088380668e-01,3.640486931091086453e-01,1.000000000000000000e+00
3.921919409912321686e-01,7.845173256189889033e-01,-4.803111430378934621e-01,0.000000000000000000e+00,3.223574044143495132e-01,-6.062483258366498928e-01,-7.270002875795241737e-01,0.000000000000000000e+00,-8.615487351664468108e-01,1.302943090752174127e-01,-4.906701233575440635e-01,0.000000000000000000e+00,3.981885464902914507e-01,-1.105028586611113139e-01,3.662977303465991818e-01,1.000000000000000000e+00
3.646721581805535406e-01,8.180038225728668566e-01,-4.448198626470311057e-01,0.000000000000000000e+00,3.239123977024650491e-01,-5.593279772940373817e-01,-7.630293043730425051e-01,0.000000000000000000e+00,-8.729778892763846443e-01,1.341754582183953548e-01,-4.689419486956051264e-01,0.000000000000000000e+00,4.005107021007560109e-01,-1.164074480076621593e-01,3.701364831766737473e-01,1.000000000000000000e+00
3.380288193395042939e-01,8.488335098306581950e-01,-4.064467207220586742e-01,0.000000000000000000e+00,3.339607376675599038e-01,-5.119511925128406027e-01,-7.914271596820695587e-01,0.000000000000000000e+00,-8.798877176599848582e-01,1.317904790807614412e-01,-4.565401120764374099e-01,0.000000000000000000e+00,4.044399667656700115e-01,-1.224448086182090140e-01,3.720495116798205881e-01,1.000000000000000000e+00
3.254250633590696773e-01,8.621937850901110201e-01,-3.882024626286412761e-01,0.000000000000000000e+00,3.425372288218616057e-01,-4.901592051110610360e-01,-8.014941967457660521e-01,0.000000000000000000e+00,-8.813412942752087975e-01,1.278549655915639238e-01,-4.548523175481019587e-01,0.000000000000000000e+00,4.070261016509074126e-01,-1.256112790127951739e-01,3.722278297257032298e-01,1.000000000000000000e+00
3.120207041167648021e-01,8.756769026916517706e-01,-3.685292243446128824e-01,0.000000000000000000e+00,3.526336360339181186e-01,-4.669303638869061746e-01,-8.109292823169894637e-01,0.000000000000000000e+00,-8.822065122766304945e-01,1.230732948343535166e-01,-4.544938215150119976e-01,0.000000000000000000e+00,4.096660993330762390e-01,-1.287828025422607936e-01,3.721603908462720045e-01,1.000000000000000000e+00
2.980023942155828331e-01,8.888204875434503327e-01,-3.480997857885173019e-01,0.000000000000000000e+00,3.634376501123769421e-01,-4.428507833746905820e-01,-8.196200369966711863e-01,0.000000000000000000e+00,-8.826683378134773106e-01,1.177384320501358994e-01,-4.550101834464462258e-01,0.000000000000000000e+00,4.122276087601680628e-01,-1.319822372957761281e-01,3.718647540577202926e-01,1.000000000000000000e+00
2.691345741936757574e-01,9.112396738752022163e-01,-3.117524412584645188e-01,0.000000000000000000e+00,3.832309294078666828e-01,-3.982931804876722048e-01,-8.333530728469210613e-01,0.000000000000000000e+00,-8.835702651431601717e-01,1.048129645793562520e-01,-4.564184801373979972e-01,0.000000000000000000e+00,4.165260524326819813e-01,-1.386072427818152986e-01,3.714731307588147735e-01,1.000000000000000000e+00
2.369400057930668435e-01,9.315929489317430479e-01,-2.756351901638251500e-01,0.000000000000000000e+00,4.016985047148873278e-01,-3.522694770623512883e-01,-8.452959681326115415e-01,0.000000000000000000e+00,-8.845866590061006729e-01,8.956391223343519725e-02,-4.576950385724819492e-01,0.000000000000000000e+00,4.196980365192548024e-01,-1.457116448405693931e-01,3.718555173908057454e-01,1.000000000000000000e+00
2.200120482337060979e-01,9.406596560173718924e-01,-2.583309061542911622e-01,0.000000000000000000e+00,4.102287482307737099e-01,-3.294844453359687675e-01,-8.503723427463230067e-01,0.000000000000000000e+00,-8.850440105815983172e-01,8.111895841923763562e-02,-4.583850062105191414e-01,0.000000000000000000e+00,4.208365394000830317e-01,-1.493713137284306824e-01,3.723012224096445277e-01,1.000000000000000000e+00
2.013861598451338331e-01,9.492891895159965010e-01,-2.414009034616500515e-01,0.000000000000000000e+00,4.190788401257357632e-01,-3.062593001295219053e-01,-8.547273914788572347e-01,0.000000000000000000e+00,-8.853317898392988328e-01,7.096562276450837925e-02,-4.595122438908340046e-01,0.000000000000000000e+00,4.218361598092228992e-01,-1.536121196943486256e-01,3.727769471618492259e-01,1.000000000000000000e+00
1.672574325980943355e-01,9.599225101729286225e-01,-2.248432178323504782e-01,0.000000000000000000e+00,4.305789347106425691e-01,-2.762790256095857266e-01,-8.592161706420998746e-01,0.000000000000000000e+00,-8.869174843515280626e-01,4.689844047750498651e-02,-4.595409799270734341e-01,0.000000000000000000e+00,4.228493946832798112e-01,-1.626200499192406723e-01,3.738661133024127614e-01,1.000000000000000000e+00
1.350000264264661631e-01,9.654710561019405057e-01,-2.227585679507422256e-01,0.000000000000000000e+00,4.353109261169699762e-01,-2.597500278338543689e-01,-8.619832176699879778e-01,0.000000000000000000e+00,-8.900985288863380029e-01,1.939889213827783801e-02,-4.553551271899596853e-01,0.000000000000000000e+00,4.223252448114579449e-01,-1.719769770501168304e-01,3.754628104483008766e-01,1.000000000000000000e+00
1.182391113759297951e-01,9.679015399206105652e-01,-2.217360332953344226e-01,0.000000000000000000e+00,4.363633112504569089e-01,-2.512333925444849569e-01,-8.639731419241768462e-01,0.000000000000000000e+00,-8.919656035144858386e-01,5.398050770695808978e-03,-4.520710377749451170e-01,0.000000000000000000e+00,4.217444154836406112e-01,-1.763550501472072041e-01,3.763802297196517377e-01,1.000000000000000000e+00
1.018060404954094222e-01,9.702252500773389521e-01,-2.197253766232298289e-01,0.000000000000000000e+00,4.370702094888470057e-01,-2.420374598178421099e-01,-8.662379851539125930e-01,0.000000000000000000e+00,-8.936449432222267619e-01,-7.847308080487577428e-03,-4.487060677205433890e-01,0.000000000000000000e+00,4.212087428793719890e-01,-1.803669491563308080e-01,3.773261365630315445e-01,1.000000000000000000e+00
6.776431023415802057e-02,9.760282469540318973e-01,-2.067791244481325674e-01,0.000000000000000000e+00,4.378037930176569836e-01,-2.153254114115042139e-01,-8.728937810071895065e-01,0.000000000000000000e+00,-8.965110475123941880e-01,-3.137824415105869985e-02,-4.419087547019476259e-01,0.000000000000000000e+00,4.202255415539599692e-01,-1.878880541152714023e-01,3.792330098215299095e-01,1.000000000000000000e+00
3.604571183356749392e-02,9.828020054030166541e-01,-1.810570952363608765e-01,0.000000000000000000e+00,4.372056499510636463e-01,-1.784250691994712368e-01,-8.814740275432059180e-01,0.000000000000000000e+00,-8.986368682711423084e-01,-4.738673855702703330e-02,-4.361264449592134329e-01,0.000000000000000000e+00,4.194391548655646007e-01,-1.932754732567912026e-01,3.805428983259992459e-01,1.000000000000000000e+00
2.287143004477637520e-02,9.858589909450872213e-01,-1.659508799664820289e-01,0.000000000000000000e+00,4.361265880270223105e-01,-1.592054377531154641e-01,-8.856793859557503534e-01,0.000000000000000000e+00,-8.995925881747515174e-01,-5.211984041031274273e-02,-4.336089223443811425e-01,0.000000000000000000e+00,4.189930384978495237e-01,-1.951882674701762299e-01,3.808535732504103044e-01,1.000000000000000000e+00
1.035079658809684444e-02,9.891185633938018862e-01,-1.466904068471463762e-01,0.000000000000000000e+00,4.345684661468627863e-01,-1.365699519555542141e-01,-8.902132572338095073e-01,0.000000000000000000e+00,-9.005772988283823333e-01,-5.453365869828775275e-02,-4.312616478472821591e-01,0.000000000000000000e+00,4.183982517157226466e-01,-1.967645858033032213e-01,3.809461633407334458e-01,1.000000000000000000e+00
-1.262726271367179201e-03,9.923384211061198057e-01,-1.234650169893681815e-01,0.000000000000000000e+00,4.330288152029112547e-01,-1.107461088015625483e-01,-8.945401564437920339e-01,0.000000000000000000e+00,-9.013771909702518181e-01,-5.459452049594436251e-02,-4.295795594885728486e-01,0.000000000000000000e+00,4.178283294830355543e-01,-1.979195895052699439e-01,3.808346449318196214e-01,1.000000000000000000e+00
-1.832537189449515158e-02,9.962322365200686480e-01,-8.465375694178578492e-02,0.000000000000000000e+00,4.291145506167422519e-01,-6.863645154481767818e-02,-9.006278292777408767e-01,0.000000000000000000e+00,-9.030621968656912246e-01,-5.283151594853571081e-02,-4.262481665822049903e-01,0.000000000000000000e+00,4.166581248751829447e-01,-2.000371289660921870e-01,3.802760975127032483e-01,1.000000000000000000e+00
